#Header: r[pc] then galactic radiation-field energy-density distributions [erg/pc^3/A] avg and for different wavelenghts [Avg][ 912 1350 1500 1650 2000 2200 2500 2800 3650]
0.0	0.0	6.2469530653e+42	3.5408648e+39	3.0322014e+39	2.7879367e+39	2.1613113e+39	1.8412485e+39	1.6516819e+39	1.6321422e+39	2.3964024e+39	1.9639536e+39
0.0	50.0	5.0253700416e+42	2.825264e+39	2.4296424e+39	2.2472454e+39	1.7274575e+39	1.4565022e+39	1.3529016e+39	1.3555341e+39	1.9944285e+39	1.4850613e+39
0.0	100.0	3.57993663625e+42	1.9535837e+39	1.7149073e+39	1.6177966e+39	1.2177548e+39	1.0037844e+39	9.8629948e+38	1.0164931e+39	1.5472977e+39	9.0247337e+38
0.0	150.0	2.7950426938e+42	1.5075442e+39	1.339665e+39	1.2791765e+39	9.3113465e+38	7.4947858e+38	7.6533404e+38	8.119976e+38	1.2881593e+39	6.2267734e+38
0.0	200.0	2.4052935314e+42	1.2926422e+39	1.1571369e+39	1.1091627e+39	7.8430723e+38	6.2155458e+38	6.52356e+38	7.029535e+38	1.1529708e+39	4.9810508e+38
0.0	300.0	2.0958113267e+42	1.1228971e+39	1.0113032e+39	9.7181178e+38	6.726838e+38	5.2598424e+38	5.6360129e+38	6.1676104e+38	1.0357653e+39	4.0586272e+38
0.0	400.0	1.99740214562e+42	1.067128e+39	9.6199648e+38	9.2782616e+38	6.3468888e+38	4.9665281e+38	5.39118e+38	5.9074512e+38	9.9895185e+38	3.7658384e+38
0.0	600.0	1.9315360361600003e+42	1.0249812e+39	9.2919719e+38	8.9272575e+38	6.1016246e+38	4.7376144e+38	5.2376644e+38	5.7573133e+38	9.7860434e+38	3.5479718e+38
0.0	800.0	1.90614710269e+42	1.0083217e+39	9.1021381e+38	8.7895765e+38	6.0093653e+38	4.6481927e+38	5.1860368e+38	5.7225953e+38	9.736586e+38	3.4502644e+38
0.0	1000.0	1.8817241392800004e+42	9.9079879e+38	8.9850883e+38	8.6848416e+38	5.9072362e+38	4.5888358e+38	5.1436604e+38	5.6853675e+38	9.6332785e+38	3.3732952e+38
0.0	1500.0	1.8259615468799998e+42	9.5538626e+38	8.6819701e+38	8.3900582e+38	5.7149953e+38	4.4263856e+38	5.0125291e+38	5.5625543e+38	9.4282792e+38	3.216818e+38
0.0	2000.0	1.78133117907e+42	9.348327e+38	8.4820008e+38	8.22588e+38	5.5907644e+38	4.3438742e+38	4.9106887e+38	5.4338224e+38	9.1204071e+38	3.1626552e+38
0.0	2500.0	1.7213623462399998e+42	9.103971e+38	8.2282011e+38	7.8934331e+38	5.4400452e+38	4.2435756e+38	4.7581053e+38	5.2353919e+38	8.7014676e+38	3.1206244e+38
0.0	3000.0	1.6458427735099997e+42	8.7337519e+38	7.8819285e+38	7.5632665e+38	5.2330749e+38	4.1071416e+38	4.5529017e+38	4.9804437e+38	8.2131042e+38	3.06196e+38
0.0	3500.0	1.56020661441e+42	8.3465536e+38	7.4757878e+38	7.1702742e+38	5.0038529e+38	3.943308e+38	4.3208367e+38	4.6960915e+38	7.6521464e+38	3.0031869e+38
0.0	4000.0	1.4596601785e+42	7.8153707e+38	7.0218543e+38	6.7039201e+38	4.703369e+38	3.7225239e+38	4.0315257e+38	4.3538736e+38	7.0777805e+38	2.8981619e+38
0.0	5000.0	1.26586851128e+42	6.871078e+38	6.1259582e+38	5.7844683e+38	4.1183634e+38	3.2783204e+38	3.4824362e+38	3.7277303e+38	5.990947e+38	2.636154e+38
0.0	5500.0	1.17756617843e+42	6.4377069e+38	5.7251203e+38	5.3825904e+38	3.834135e+38	3.0707871e+38	3.2431754e+38	3.4567736e+38	5.4885322e+38	2.5141127e+38
0.0	6000.0	1.09826607496e+42	6.0275578e+38	5.3448781e+38	5.0117477e+38	3.593847e+38	2.8895159e+38	3.0149677e+38	3.1954527e+38	5.0662575e+38	2.4021526e+38
0.0	7000.0	9.428942497800001e+41	5.2570233e+38	4.5683429e+38	4.3033621e+38	3.1180599e+38	2.5184639e+38	2.5837712e+38	2.7213401e+38	4.2547874e+38	2.1367462e+38
0.0	8000.0	8.0919219959e+41	4.5415508e+38	3.9480528e+38	3.7170964e+38	2.6856577e+38	2.1893684e+38	2.2049184e+38	2.3073532e+38	3.5818985e+38	1.8882646e+38
0.0	10000.0	6.0242181457e+41	3.3775737e+38	2.9195191e+38	2.7408804e+38	2.0259657e+38	1.6705559e+38	1.6531618e+38	1.7088729e+38	2.6128749e+38	1.4607274e+38
50.0	0.0	6.2618032271e+42	3.5500069e+39	3.0400415e+39	2.7956503e+39	2.1668391e+39	1.8454116e+39	1.6566725e+39	1.6362062e+39	2.4006217e+39	1.9685801e+39
50.0	50.0	5.034979519100001e+42	2.8299084e+39	2.433933e+39	2.2515386e+39	1.7306146e+39	1.4592262e+39	1.3556212e+39	1.3586021e+39	1.9990229e+39	1.4871942e+39
50.0	100.0	3.5811122253000006e+42	1.9548873e+39	1.7157654e+39	1.6186693e+39	1.2189402e+39	1.0044269e+39	9.8564762e+38	1.0153045e+39	1.5486386e+39	9.0196138e+38
50.0	150.0	2.79342659375e+42	1.5059471e+39	1.3396279e+39	1.2801672e+39	9.2979436e+38	7.4881042e+38	7.6459247e+38	8.1080893e+38	1.2881396e+39	6.2189641e+38
50.0	200.0	2.4024631483000002e+42	1.2905513e+39	1.1556059e+39	1.1084786e+39	7.838941e+38	6.2113827e+38	6.5296301e+38	7.0243619e+38	1.1506239e+39	4.9751903e+38
50.0	300.0	2.0947364037e+42	1.122361e+39	1.0102168e+39	9.7163092e+38	6.7276127e+38	5.2562448e+38	5.6456787e+38	6.1681882e+38	1.0346017e+39	4.0557724e+38
50.0	400.0	1.99626077729e+42	1.0672859e+39	9.6124951e+38	9.2835298e+38	6.3437318e+38	4.9637528e+38	5.3891123e+38	5.8963348e+38	9.982027e+38	3.7643285e+38
50.0	600.0	1.93067591959e+42	1.0250236e+39	9.2680201e+38	8.9238762e+38	6.103514e+38	4.7295452e+38	5.235821e+38	5.7673206e+38	9.7828933e+38	3.5476698e+38
50.0	800.0	1.90508064083e+42	1.0076811e+39	9.1013972e+38	8.7830502e+38	6.0133321e+38	4.6462396e+38	5.1841933e+38	5.7207161e+38	9.7245558e+38	3.4489055e+38
50.0	1000.0	1.88184959157e+42	9.9065202e+38	8.9824951e+38	8.6894807e+38	5.9079756e+38	4.5854951e+38	5.1415928e+38	5.6827976e+38	9.6382106e+38	3.375244e+38
50.0	1500.0	1.8249429322600004e+42	9.5519721e+38	8.6748708e+38	8.385419e+38	5.7118734e+38	4.4255633e+38	5.0107769e+38	5.5545391e+38	9.4213782e+38	3.2187668e+38
50.0	2000.0	1.7805952423499998e+42	9.3425432e+38	8.4876183e+38	8.2137709e+38	5.5904828e+38	4.3419211e+38	4.9080811e+38	5.430947e+38	9.1138998e+38	3.1625042e+38
50.0	2500.0	1.71954034977e+42	9.0945181e+38	8.2121502e+38	7.8822677e+38	5.4345409e+38	4.2397212e+38	4.7529817e+38	5.2298668e+38	8.6931883e+38	3.1215163e+38
50.0	3000.0	1.64553728253e+42	8.7265004e+38	7.8893983e+38	7.5561111e+38	5.2346826e+38	4.10267e+38	4.5495302e+38	4.975689e+38	8.2131042e+38	3.0631539e+38
50.0	3500.0	1.5595786907900002e+42	8.3439292e+38	7.4791274e+38	7.1637478e+38	5.0028083e+38	3.9402241e+38	4.318769e+38	4.6925255e+38	7.6452455e+38	3.0054377e+38
50.0	4000.0	1.45895485922e+42	7.8122112e+38	7.0223851e+38	6.7026621e+38	4.7060565e+38	3.7208794e+38	4.0289182e+38	4.3503076e+38	7.0712733e+38	2.8956091e+38
50.0	5000.0	1.26542597171e+42	6.8621349e+38	6.124106e+38	5.78391e+38	4.1186216e+38	3.279708e+38	3.4818964e+38	3.7262361e+38	5.9873183e+38	2.6370599e+38
50.0	5500.0	1.17745681542e+42	6.4368611e+38	5.7254907e+38	5.3832194e+38	3.8325741e+38	3.0707353e+38	3.2463226e+38	3.4556647e+38	5.4860661e+38	2.5147167e+38
50.0	6000.0	1.0969664708499999e+42	6.0110522e+38	5.3420693e+38	5.0095853e+38	3.5919928e+38	2.8872541e+38	3.0135727e+38	3.1936531e+38	5.0569278e+38	2.4000528e+38
50.0	7000.0	9.428496762500002e+41	5.2568032e+38	4.5618243e+38	4.3046202e+38	3.1183064e+38	2.5190032e+38	2.5842197e+38	2.7219179e+38	4.2561468e+38	2.1368713e+38
50.0	8000.0	8.094275550199999e+41	4.5334708e+38	3.9518125e+38	3.718213e+38	2.6867023e+38	2.1903705e+38	2.206424e+38	2.3082364e+38	3.584205e+38	1.8890785e+38
50.0	10000.0	6.0367247134e+41	3.3825849e+38	2.9270137e+38	2.7489793e+38	2.0300524e+38	1.6733307e+38	1.6568471e+38	1.7124417e+38	2.6195779e+38	1.4615743e+38
100.0	0.0	6.289263957099999e+42	3.5656666e+39	3.0538143e+39	2.8082153e+39	2.1770965e+39	1.8540462e+39	1.6644948e+39	1.6431457e+39	2.4109546e+39	1.9760615e+39
100.0	50.0	5.0548243802e+42	2.8402806e+39	2.4434152e+39	2.2606833e+39	1.7374568e+39	1.4646741e+39	1.3613758e+39	1.3653489e+39	2.0076397e+39	1.4914008e+39
100.0	100.0	3.58838589015e+42	1.9579346e+39	1.7196855e+39	1.6204149e+39	1.2214916e+39	1.0064313e+39	9.8762561e+38	1.0176818e+39	1.553233e+39	9.0232239e+38
100.0	150.0	2.7943159542e+42	1.5058003e+39	1.340412e+39	1.2815039e+39	9.2966525e+38	7.488361e+38	7.6465975e+38	8.1017608e+38	1.2899146e+39	6.2111548e+38
100.0	200.0	2.3998853734e+42	1.2898374e+39	1.1546737e+39	1.1068667e+39	7.8358425e+38	6.2066543e+38	6.5165929e+38	7.0126678e+38	1.1496582e+39	4.9642243e+38
100.0	300.0	2.0919623427e+42	1.1210574e+39	1.0098834e+39	9.7317994e+38	6.7004317e+38	5.2387188e+38	5.6200528e+38	6.1681882e+38	1.0337738e+39	4.0476612e+38
100.0	400.0	1.9951873504100002e+42	1.0667187e+39	9.6139769e+38	9.2608844e+38	6.344706e+38	4.9542959e+38	5.3872688e+38	5.9020857e+38	9.9794573e+38	3.7550093e+38
100.0	600.0	1.9296413527e+42	1.0246031e+39	9.2710445e+38	8.9362999e+38	6.1008851e+38	4.7212191e+38	5.2345173e+38	5.7663246e+38	9.773029e+38	3.5407665e+38
100.0	800.0	1.9034686067899998e+42	1.0054098e+39	9.1103486e+38	8.7821067e+38	6.0120176e+38	4.6448519e+38	5.1828897e+38	5.7259687e+38	9.7016771e+38	3.4465037e+38
100.0	1000.0	1.8832137854899998e+42	9.9075654e+38	8.9817542e+38	8.6972651e+38	5.9148179e+38	4.5841074e+38	5.1408288e+38	5.682107e+38	9.6604886e+38	3.3722383e+38
100.0	1500.0	1.82476454268e+42	9.5515491e+38	8.6726481e+38	8.3863626e+38	5.7113569e+38	4.4256152e+38	5.0108681e+38	5.5529651e+38	9.4201969e+38	3.2189178e+38
100.0	2000.0	1.77821734997e+42	9.3334011e+38	8.4794077e+38	8.1842845e+38	5.5973718e+38	4.3377581e+38	4.9036302e+38	5.4261923e+38	9.0955594e+38	3.1567807e+38
100.0	2500.0	1.71929534845e+42	9.0930504e+38	8.2099276e+38	7.8940621e+38	5.4348226e+38	4.240904e+38	4.7520847e+38	5.2272172e+38	8.685303e+38	3.1260179e+38
100.0	3000.0	1.6433755381400002e+42	8.7175572e+38	7.8684709e+38	7.5486413e+38	5.2288967e+38	4.092134e+38	4.5448551e+38	4.9702438e+38	8.2062032e+38	3.0601622e+38
100.0	3500.0	1.55867005429e+42	8.3251101e+38	7.4820965e+38	7.1643769e+38	5.0004493e+38	3.9388881e+38	4.316477e+38	4.6890725e+38	7.6379508e+38	3.0073865e+38
100.0	4000.0	1.45647964949e+42	7.8019125e+38	7.0142796e+38	6.6948776e+38	4.698428e+38	3.7161509e+38	4.0237033e+38	4.3450549e+38	7.0531299e+38	2.8898996e+38
100.0	5000.0	1.2651493215300001e+42	6.8621349e+38	6.1148338e+38	5.7853096e+38	4.1183518e+38	3.2869033e+38	3.480817e+38	3.7247421e+38	5.9829208e+38	2.6396127e+38
100.0	5500.0	1.17704332077e+42	6.4283408e+38	5.72496e+38	5.373485e+38	3.8275393e+38	3.0706835e+38	3.2454674e+38	3.4548613e+38	5.487266e+38	2.5156226e+38
100.0	6000.0	1.0963908835899999e+42	6.0087387e+38	5.3481624e+38	5.0045609e+38	3.5845989e+38	2.8818568e+38	3.0119535e+38	3.1923515e+38	5.0548368e+38	2.397802e+38
100.0	7000.0	9.4278140264e+41	5.2554262e+38	4.5811094e+38	4.2880134e+38	3.119081e+38	2.5190028e+38	2.583813e+38	2.721805e+38	4.2498739e+38	2.1368453e+38
100.0	8000.0	8.1046493381e+41	4.5468344e+38	3.9541955e+38	3.7179692e+38	2.6884299e+38	2.1989276e+38	2.2150133e+38	2.309714e+38	3.5859395e+38	1.8900434e+38
100.0	10000.0	6.0568619549e+41	3.3950679e+38	2.9332367e+38	2.7657983e+38	2.035775e+38	1.6776992e+38	1.656237e+38	1.7165276e+38	2.6356275e+38	1.4618503e+38
150.0	0.0	6.3199451427e+42	3.5839507e+39	3.0698651e+39	2.8230843e+39	2.1881404e+39	1.8629377e+39	1.6720929e+39	1.6512738e+39	2.4228251e+39	1.9839628e+39
150.0	50.0	5.0783435165999995e+42	2.8523967e+39	2.4545397e+39	2.271259e+39	1.7456135e+39	1.4709186e+39	1.3684117e+39	1.3719829e+39	2.0187414e+39	1.4963883e+39
150.0	100.0	3.59781261235e+42	1.9638092e+39	1.7245377e+39	1.6255101e+39	1.2247262e+39	1.0077933e+39	9.9140223e+38	1.0212286e+39	1.5574523e+39	9.0310325e+38
150.0	150.0	2.7963174093499995e+42	1.5071773e+39	1.3420541e+39	1.2816926e+39	9.2979436e+38	7.474998e+38	7.6400788e+38	8.1077041e+38	1.2932272e+39	6.2018357e+38
150.0	200.0	2.3977319620999998e+42	1.2885762e+39	1.1554577e+39	1.1064264e+39	7.8199987e+38	6.1977629e+38	6.4914156e+38	7.0128604e+38	1.1492831e+39	4.9510075e+38
150.0	300.0	2.088998246e+42	1.1194492e+39	1.0090253e+39	9.7072668e+38	6.6939765e+38	5.2276173e+38	5.618749e+38	6.1624375e+38	1.032433e+39	4.0347463e+38
150.0	400.0	1.99421297998e+42	1.066256e+39	9.5982967e+38	9.2486967e+38	6.3352115e+38	4.9445823e+38	5.385965e+38	5.9022782e+38	9.9914873e+38	3.7458412e+38
150.0	600.0	1.9300248156e+42	1.0242984e+39	9.2617225e+38	8.9431407e+38	6.1003335e+38	4.7253822e+38	5.2334378e+38	5.7603812e+38	9.7846653e+38	3.5421113e+38
150.0	800.0	1.90299575078e+42	1.0043601e+39	9.1096077e+38	8.7808486e+38	6.0051285e+38	4.6434642e+38	5.1821256e+38	5.713584e+38	9.7101633e+38	3.4444039e+38
150.0	1000.0	1.8828820653999996e+42	9.9137719e+38	8.9682966e+38	8.6966361e+38	5.911426e+38	4.5832851e+38	5.1393008e+38	5.675473e+38	9.6656175e+38	3.3719363e+38
150.0	1500.0	1.82519816441e+42	9.5584897e+38	8.6715367e+38	8.3910017e+38	5.7113687e+38	4.4320398e+38	5.0098799e+38	5.5518894e+38	9.4205907e+38	3.2213195e+38
150.0	2000.0	1.77749016433e+42	9.3332891e+38	8.4764441e+38	8.2004038e+38	5.5955292e+38	4.3371927e+38	4.9017869e+38	5.423815e+38	9.0821513e+38	3.1584416e+38
150.0	2500.0	1.71776056041e+42	9.0865328e+38	8.2128911e+38	7.8934331e+38	5.4298463e+38	4.2367927e+38	4.7475008e+38	5.2216921e+38	8.6713042e+38	3.1225592e+38
150.0	3000.0	1.64294616513e+42	8.7207166e+38	7.8603211e+38	7.5427441e+38	5.230481e+38	4.0952179e+38	4.5448551e+38	4.969055e+38	8.199696e+38	3.062866e+38
150.0	3500.0	1.56035069393e+42	8.3285804e+38	7.4841643e+38	7.1565926e+38	5.0046158e+38	3.9411499e+38	4.3152646e+38	4.6868079e+38	7.6622076e+38	3.012039e+38
150.0	4000.0	1.4537336386e+42	7.8019125e+38	7.002149e+38	6.6808815e+38	4.6934751e+38	3.7092125e+38	4.017409e+38	4.3398021e+38	7.0318363e+38	2.8822413e+38
150.0	5000.0	1.26372603829e+42	6.8548833e+38	6.1086358e+38	5.7807726e+38	4.1065099e+38	3.2760587e+38	3.4782096e+38	3.7208706e+38	5.9793294e+38	2.6388577e+38
150.0	5500.0	1.1776369782699998e+42	6.4383287e+38	5.7247996e+38	5.3756158e+38	3.8275275e+38	3.0711971e+38	3.2453761e+38	3.4537523e+38	5.4959016e+38	2.5126309e+38
150.0	6000.0	1.09524773216e+42	5.9894966e+38	5.3498598e+38	4.9894167e+38	3.5801158e+38	2.8819085e+38	3.0084908e+38	3.1966413e+38	5.0498672e+38	2.3933265e+38
150.0	7000.0	9.4244024857e+41	5.2554262e+38	4.5809491e+38	4.2887132e+38	3.1140463e+38	2.519028e+38	2.5837217e+38	2.7225754e+38	4.2449417e+38	2.1378102e+38
150.0	8000.0	8.1115817178e+41	4.5485222e+38	3.960764e+38	3.7199586e+38	2.6906857e+38	2.199544e+38	2.2171483e+38	2.3112686e+38	3.5890149e+38	1.8919993e+38
150.0	10000.0	6.0669932728e+41	3.3912094e+38	2.9380768e+38	2.7741094e+38	2.0413944e+38	1.6804485e+38	1.6594274e+38	1.72e+38	2.6417586e+38	1.4636881e+38
200.0	0.0	6.351669026099999e+42	3.601501e+39	3.0859159e+39	2.8385115e+39	2.1991841e+39	1.8726513e+39	1.6809946e+39	1.6607831e+39	2.4346956e+39	1.992225e+39
200.0	50.0	5.1037644210000004e+42	2.8658162e+39	2.4666703e+39	2.2829513e+39	1.7540284e+39	1.4783454e+39	1.3755373e+39	1.379613e+39	2.0306119e+39	1.5013759e+39
200.0	100.0	3.6092002096499996e+42	1.9698305e+39	1.7302111e+39	1.6317927e+39	1.2280639e+39	1.0092067e+39	9.9529095e+38	1.0235866e+39	1.5645315e+39	9.0424521e+38
200.0	150.0	2.8002719859e+42	1.5100045e+39	1.3436591e+39	1.2836505e+39	9.3077315e+38	7.4816795e+38	7.6335603e+38	8.1078967e+38	1.297802e+39	6.1940263e+38
200.0	200.0	2.3972033367e+42	1.2889966e+39	1.1562047e+39	1.1063949e+39	7.8073705e+38	6.1827553e+38	6.484897e+38	7.0184186e+38	1.1502892e+39	4.9347849e+38
200.0	300.0	2.0876842159500003e+42	1.1187776e+39	1.0089882e+39	9.7084463e+38	6.6816066e+38	5.2228889e+38	5.618749e+38	6.1384715e+38	1.0336163e+39	4.0183728e+38
200.0	400.0	1.99298378555e+42	1.06572e+39	9.6042845e+38	9.2313195e+38	6.3312916e+38	4.9215054e+38	5.3854253e+38	5.8838704e+38	1.0002533e+39	3.7372769e+38
200.0	600.0	1.92925747e+42	1.0237623e+39	9.242277e+38	8.9372435e+38	6.098491e+38	4.7226068e+38	5.2326738e+38	5.7491852e+38	9.7966954e+38	3.5373078e+38
200.0	800.0	1.90244547091e+42	1.0034235e+39	9.1084964e+38	8.778647e+38	6.0038141e+38	4.6418197e+38	5.1815859e+38	5.714082e+38	9.7117383e+38	3.4375005e+38
200.0	1000.0	1.8823622135499998e+42	9.9159733e+38	8.9679262e+38	8.6851561e+38	5.9056869e+38	4.5824629e+38	5.1376816e+38	5.6817218e+38	9.659701e+38	3.3713323e+38
200.0	1500.0	1.8249017354000002e+42	9.5551315e+38	8.6696845e+38	8.3785782e+38	5.7076952e+38	4.4362546e+38	5.0073637e+38	5.5491269e+38	9.4251291e+38	3.2184648e+38
200.0	2000.0	1.7771248350600003e+42	9.3329781e+38	8.4689743e+38	8.1882947e+38	5.5934285e+38	4.3358051e+38	4.8997192e+38	5.4214377e+38	9.0872804e+38	3.1575356e+38
200.0	2500.0	1.7156856685700002e+42	9.066669e+38	8.1975813e+38	7.8847052e+38	5.4266541e+38	4.2265654e+38	4.7421529e+38	5.215669e+38	8.6687448e+38	3.1170007e+38
200.0	3000.0	1.64264728581e+42	8.7311274e+38	7.8573575e+38	7.5486413e+38	5.2289084e+38	4.0935735e+38	4.5436427e+38	4.9664852e+38	8.1931887e+38	3.0637579e+38
200.0	3500.0	1.55826970653e+42	8.3168139e+38	7.4710273e+38	7.145663e+38	5.0072564e+38	3.9364732e+38	4.3096011e+38	4.6804794e+38	7.649587e+38	3.0084294e+38
200.0	4000.0	1.45174899729e+42	7.8070745e+38	6.9948396e+38	6.6759278e+38	4.6845321e+38	3.702531e+38	4.0111146e+38	4.3338588e+38	7.0194125e+38	2.8739791e+38
200.0	5000.0	1.25973149842e+42	6.8496345e+38	6.1001598e+38	5.7692612e+38	4.0823215e+38	3.2607425e+38	3.4715997e+38	3.7146218e+38	5.9513879e+38	2.6277407e+38
200.0	5500.0	1.1787189538399999e+42	6.4159272e+38	5.7261764e+38	5.3854918e+38	3.8295581e+38	3.0708885e+38	3.2447451e+38	3.4526434e+38	5.5163143e+38	2.5177364e+38
200.0	6000.0	1.09400772101e+42	5.9807775e+38	5.3446679e+38	4.9825759e+38	3.5764306e+38	2.8785678e+38	3.0053437e+38	3.1932679e+38	5.0448978e+38	2.3899338e+38
200.0	7000.0	9.4229361664e+41	5.245473e+38	4.5817951e+38	4.2868969e+38	3.1084834e+38	2.519156e+38	2.5843944e+38	2.7231532e+38	4.246498e+38	2.139825e+38
200.0	8000.0	8.113752455099999e+41	4.5526703e+38	3.9655301e+38	3.7153901e+38	2.6926715e+38	2.2009569e+38	2.2188782e+38	2.3134754e+38	3.5846548e+38	1.8945261e+38
200.0	10000.0	6.0773877135e+41	3.393579e+38	2.943775e+38	2.7775848e+38	2.0455067e+38	1.6832234e+38	1.658907e+38	1.724009e+38	2.6486191e+38	1.465736e+38
300.0	0.0	6.4191236333e+42	3.6403828e+39	3.1202954e+39	2.8710407e+39	2.2241706e+39	1.8929528e+39	1.6990224e+39	1.6806053e+39	2.4605461e+39	2.0082376e+39
300.0	50.0	5.1587574127e+42	2.8952624e+39	2.4922034e+39	2.3080815e+39	1.7727007e+39	1.4933015e+39	1.3914076e+39	1.3965598e+39	2.0564625e+39	1.5121319e+39
300.0	100.0	3.6346670498999996e+42	1.9833234e+39	1.7418542e+39	1.644114e+39	1.23577e+39	1.011982e+39	9.9911241e+38	1.033517e+39	1.5809964e+39	9.0694896e+38
300.0	150.0	2.80858226485e+42	1.5147956e+39	1.3499683e+39	1.2894691e+39	9.3287395e+38	7.4472446e+38	7.647046e+38	8.136843e+38	1.3057878e+39	6.1742081e+38
300.0	200.0	2.39706064505e+42	1.290825e+39	1.1574332e+39	1.1069846e+39	7.7855879e+38	6.1635847e+38	6.4651169e+38	7.0186112e+38	1.1536412e+39	4.9027928e+38
300.0	300.0	2.0849111633999998e+42	1.117632e+39	1.0065991e+39	9.7016055e+38	6.6639554e+38	5.1962145e+38	5.6218963e+38	6.1099103e+38	1.0364357e+39	3.9857767e+38
300.0	400.0	1.98915700088e+42	1.0617895e+39	9.5949627e+38	9.2200754e+38	6.3092508e+38	4.8950879e+38	5.3865048e+38	5.8840629e+38	9.9948445e+38	3.7175956e+38
300.0	600.0	1.9256500519800004e+42	1.0207038e+39	9.2262262e+38	8.9350418e+38	6.0768496e+38	4.7178784e+38	5.232134e+38	5.7465024e+38	9.773029e+38	3.5300884e+38
300.0	800.0	1.90167391602e+42	1.0042867e+39	9.1006563e+38	8.7861168e+38	5.9790976e+38	4.6454174e+38	5.1821256e+38	5.7159613e+38	9.7113445e+38	3.4287853e+38
300.0	1000.0	1.88289857371e+42	9.9221807e+38	8.9768777e+38	8.6823254e+38	5.9046424e+38	4.5810752e+38	5.1377728e+38	5.6830233e+38	9.6652238e+38	3.3686286e+38
300.0	1500.0	1.8248944166599998e+42	9.5541988e+38	8.6835126e+38	8.3940684e+38	5.7108523e+38	4.4321434e+38	5.0083102e+38	5.5493526e+38	9.4123116e+38	3.2211686e+38
300.0	2000.0	1.77597231883e+42	9.3174306e+38	8.4674926e+38	8.1649417e+38	5.5913394e+38	4.3252691e+38	4.8955837e+38	5.4154943e+38	9.0941813e+38	3.1530341e+38
300.0	2500.0	1.71512545006e+42	9.0765702e+38	8.1998647e+38	7.9023185e+38	5.428297e+38	4.2236368e+38	4.7368962e+38	5.2116713e+38	8.6529741e+38	3.1191005e+38
300.0	3000.0	1.64180536483e+42	8.719137e+38	7.8506287e+38	7.5551676e+38	5.2294482e+38	4.0955784e+38	4.5418905e+38	4.962534e+38	8.1829306e+38	3.0685615e+38
300.0	3500.0	1.55128608588e+42	8.2837412e+38	7.4511615e+38	7.1201083e+38	4.9689257e+38	3.917663e+38	4.2892814e+38	4.6633731e+38	7.6133102e+38	2.9917398e+38
300.0	4000.0	1.45089891349e+42	7.8123234e+38	6.9883762e+38	6.6752988e+38	4.680577e+38	3.7011433e+38	4.006888e+38	4.3364619e+38	7.0071857e+38	2.8763809e+38
300.0	5000.0	1.2575321407500001e+42	6.8354425e+38	6.0907825e+38	5.7702754e+38	4.073355e+38	3.2557054e+38	3.4662936e+38	3.7082601e+38	5.9340132e+38	2.6290856e+38
300.0	5500.0	1.1783646890899999e+42	6.4104543e+38	5.7228368e+38	5.379107e+38	3.8504015e+38	3.0780319e+38	3.2384926e+38	3.4493497e+38	5.5067877e+38	2.5187934e+38
300.0	6000.0	1.0924969714799999e+42	5.973526e+38	5.3295682e+38	4.9751768e+38	3.5669361e+38	2.8754838e+38	3.0048952e+38	3.1875171e+38	5.0406598e+38	2.3888178e+38
300.0	7000.0	9.4236748715e+41	5.2153024e+38	4.5868211e+38	4.2863071e+38	3.1044814e+38	2.5198746e+38	2.5846605e+38	2.7240033e+38	4.2572433e+38	2.140436e+38
300.0	8000.0	8.1303663106e+41	4.5592786e+38	3.9819513e+38	3.6972501e+38	2.6984081e+38	2.2008272e+38	2.2230344e+38	2.3289665e+38	3.5911992e+38	1.8997306e+38
300.0	10000.0	6.1142992011e+41	3.3936657e+38	2.9623387e+38	2.7965426e+38	2.0663222e+38	1.7033442e+38	1.6644089e+38	1.7306703e+38	2.6650219e+38	1.4776149e+38
400.0	0.0	6.484232402400001e+42	3.6773739e+39	3.1534032e+39	2.9033262e+39	2.2473145e+39	1.9121234e+39	1.7170502e+39	1.6987408e+39	2.4865936e+39	2.0234103e+39
400.0	50.0	5.2135848785999996e+42	2.9236251e+39	2.5181068e+39	2.3329678e+39	1.7913731e+39	1.5077437e+39	1.40748e+39	1.4130086e+39	2.0828851e+39	1.5226779e+39
400.0	100.0	3.662118996e+42	1.9969632e+39	1.7543613e+39	1.6577956e+39	1.245396e+39	1.0174043e+39	1.0055861e+39	1.0428723e+39	1.5974613e+39	9.0917376e+38
400.0	150.0	2.8175280268499996e+42	1.5193667e+39	1.3549317e+39	1.2928266e+39	9.3363446e+38	7.4546965e+38	7.6596347e+38	8.1663673e+38	1.3144834e+39	6.1597694e+38
400.0	200.0	2.39672017565e+42	1.2910339e+39	1.1554207e+39	1.1091627e+39	7.7903528e+38	6.1527402e+38	6.4716355e+38	7.0063393e+38	1.1563426e+39	4.8724335e+38
400.0	300.0	2.08185286745e+42	1.1159814e+39	1.0060374e+39	9.6780164e+38	6.6169164e+38	5.1498042e+38	5.6276508e+38	6.1212192e+38	1.0389598e+39	3.9467163e+38
400.0	400.0	1.9877712564600002e+42	1.0608442e+39	9.6016914e+38	9.2269163e+38	6.2789597e+38	4.8622975e+38	5.3904159e+38	5.8905841e+38	1.0011403e+39	3.6925209e+38
400.0	600.0	1.92478424903e+42	1.0187907e+39	9.2225217e+38	8.9421971e+38	6.0637752e+38	4.6878633e+38	5.2347416e+38	5.7534418e+38	9.7978767e+38	3.5066745e+38
400.0	800.0	1.90093181812e+42	1.004518e+39	9.1036198e+38	8.779276e+38	5.9754711e+38	4.6246023e+38	5.1839691e+38	5.7150781e+38	9.717458e+38	3.4173663e+38
400.0	1000.0	1.88290809647e+42	9.9050526e+38	8.9854587e+38	8.6702164e+38	5.9112498e+38	4.5744455e+38	5.1393921e+38	5.6787666e+38	9.6744976e+38	3.3659248e+38
400.0	1500.0	1.82424556735e+42	9.5519973e+38	8.6827717e+38	8.3931249e+38	5.719314e+38	4.4216593e+38	5.0092567e+38	5.5563251e+38	9.3955565e+38	3.226878e+38
400.0	2000.0	1.7753971789800002e+42	9.3258388e+38	8.4600229e+38	8.150631e+38	5.5884523e+38	4.330563e+38	4.8929763e+38	5.4119283e+38	9.0874773e+38	3.1567807e+38
400.0	2500.0	1.7148200627e+42	9.0686969e+38	8.2025186e+38	7.8985443e+38	5.4359959e+38	4.2231749e+38	4.7332589e+38	5.2053758e+38	8.6490365e+38	3.1231491e+38
400.0	3000.0	1.63945027822e+42	8.7154679e+38	7.8349484e+38	7.5281189e+38	5.2133462e+38	4.0914672e+38	4.5356874e+38	4.9552093e+38	8.1750453e+38	3.0670516e+38
400.0	3500.0	1.54778347881e+42	8.2701962e+38	7.4505312e+38	7.1045396e+38	4.9558279e+38	3.9049172e+38	4.278179e+38	4.6474224e+38	7.5922136e+38	2.9845205e+38
400.0	4000.0	1.4498937471200002e+42	7.813903e+38	6.9698318e+38	6.6743552e+38	4.6745446e+38	3.7059754e+38	4.0023459e+38	4.3310963e+38	7.0022534e+38	2.8786316e+38
400.0	5000.0	1.2565635015799999e+42	6.8289248e+38	6.0818809e+38	5.7840908e+38	4.0778499e+38	3.2526215e+38	3.4609875e+38	3.7023966e+38	5.9227147e+38	2.6328322e+38
400.0	5500.0	1.1741530164300001e+42	6.3987998e+38	5.7021749e+38	5.3584116e+38	3.8325155e+38	3.0632812e+38	3.2303548e+38	3.4414141e+38	5.4826716e+38	2.5103801e+38
400.0	6000.0	1.09189429699e+42	5.9674313e+38	5.3352908e+38	4.9693503e+38	3.5640372e+38	2.8732221e+38	3.0012083e+38	3.1864413e+38	5.0339557e+38	2.3910426e+38
400.0	7000.0	9.4459465774e+41	5.214694e+38	4.6043481e+38	4.293714e+38	3.1047046e+38	2.5187429e+38	2.5847022e+38	2.7241627e+38	4.2855599e+38	2.140568e+38
400.0	8000.0	8.1440295754e+41	4.5670611e+38	3.987248e+38	3.7016848e+38	2.7062949e+38	2.2043216e+38	2.2263594e+38	2.3319216e+38	3.5971532e+38	1.9036423e+38
400.0	10000.0	6.1520186609e+41	3.4056484e+38	2.9801677e+38	2.8060882e+38	2.0802955e+38	1.7100497e+38	1.6777105e+38	1.7400969e+38	2.6840669e+38	1.4916857e+38
600.0	0.0	6.609091787e+42	3.747886e+39	3.2163345e+39	2.964233e+39	2.2914898e+39	1.9482546e+39	1.749419e+39	1.7313329e+39	2.5407797e+39	2.0511107e+39
600.0	50.0	5.3218133943000004e+42	2.9779638e+39	2.5676359e+39	2.3821115e+39	1.8276615e+39	1.5360626e+39	1.4377809e+39	1.4464042e+39	2.137268e+39	1.5430811e+39
600.0	100.0	3.71818968665e+42	2.024959e+39	1.7816846e+39	1.6852297e+39	1.2579092e+39	1.0290454e+39	1.0209841e+39	1.0616214e+39	1.6321258e+39	9.1401029e+38
600.0	150.0	2.83448815345e+42	1.5309691e+39	1.3630312e+39	1.3036539e+39	9.333129e+38	7.4341383e+38	7.6848121e+38	8.2133364e+38	1.3323482e+39	6.13033e+38
600.0	200.0	2.39707943055e+42	1.2887963e+39	1.1578839e+39	1.1138883e+39	7.7598152e+38	6.0874161e+38	6.4269025e+38	7.0003959e+38	1.1661428e+39	4.8168484e+38
600.0	300.0	2.0748891832999998e+42	1.1099601e+39	1.0034631e+39	9.6316248e+38	6.545795e+38	5.1056038e+38	5.6425315e+38	6.1561089e+38	1.0390386e+39	3.8840628e+38
600.0	400.0	1.9798557434e+42	1.0568179e+39	9.5307595e+38	9.1964864e+38	6.204012e+38	4.8436923e+38	5.4013854e+38	5.9195305e+38	1.0002533e+39	3.6280697e+38
600.0	600.0	1.9227669522999997e+42	1.0192646e+39	9.229621e+38	8.9098801e+38	6.0053171e+38	4.6709026e+38	5.2444073e+38	5.7744527e+38	9.8114816e+38	3.4696998e+38
600.0	800.0	1.90082952098e+42	1.0041399e+39	9.0976927e+38	8.7848587e+38	5.9469405e+38	4.6070762e+38	5.1921069e+38	5.733021e+38	9.7383579e+38	3.4014317e+38
600.0	1000.0	1.88231844576e+42	9.9076773e+38	8.9884831e+38	8.673912e+38	5.895676e+38	4.5536304e+38	5.1460931e+38	5.6904938e+38	9.6786423e+38	3.352104e+38
600.0	1500.0	1.82489183517e+42	9.5648338e+38	8.683203e+38	8.4036612e+38	5.7093264e+38	4.4284963e+38	5.0114651e+38	5.5533234e+38	9.4002918e+38	3.227317e+38
600.0	2000.0	1.77574348021e+42	9.3143832e+38	8.4578002e+38	8.1683228e+38	5.580812e+38	4.3297926e+38	4.8923948e+38	5.407479e+38	9.0983259e+38	3.1599234e+38
600.0	2500.0	1.71013175132e+42	9.036134e+38	8.1615263e+38	7.8897378e+38	5.4079227e+38	4.2239994e+38	4.7238251e+38	5.1897968e+38	8.6328719e+38	3.1154767e+38
600.0	3000.0	1.63566751692e+42	8.6712251e+38	7.8293917e+38	7.5262318e+38	5.2095317e+38	4.0888472e+38	4.5268351e+38	4.9422799e+38	8.1407372e+38	3.0700433e+38
600.0	3500.0	1.54144958229e+42	8.240059e+38	7.4316826e+38	7.0842531e+38	4.9392915e+38	3.8917613e+38	4.2569622e+38	4.6228786e+38	7.5512015e+38	2.9747483e+38
600.0	4000.0	1.4473166918599998e+42	7.8027583e+38	6.9464661e+38	6.6563489e+38	4.6647801e+38	3.7006296e+38	3.9945654e+38	4.3222445e+38	6.9917984e+38	2.8804295e+38
600.0	5000.0	1.2541730470199999e+42	6.8068342e+38	6.0634416e+38	5.7911753e+38	4.0762539e+38	3.254266e+38	3.4579734e+38	3.6979141e+38	5.8976889e+38	2.6368949e+38
600.0	5500.0	1.16889853425e+42	6.3733763e+38	5.6876612e+38	5.3549597e+38	3.8199458e+38	3.0592735e+38	3.2173176e+38	3.4210939e+38	5.4338489e+38	2.5091582e+38
600.0	6000.0	1.0874005866599999e+42	5.9621825e+38	5.3090114e+38	4.9728022e+38	3.5569251e+38	2.8656147e+38	2.9953624e+38	3.1709224e+38	4.9911615e+38	2.3863711e+38
600.0	7000.0	9.4628282611e+41	5.2242164e+38	4.6145105e+38	4.3024812e+38	3.1304539e+38	2.5231867e+38	2.588697e+38	2.7260555e+38	4.2818651e+38	2.1485493e+38
600.0	8000.0	8.224239318699999e+41	4.5983766e+38	4.0088057e+38	3.7317057e+38	2.7314459e+38	2.2278855e+38	2.2534878e+38	2.34968e+38	3.6444942e+38	1.9281412e+38
600.0	10000.0	6.2069258825000005e+41	3.4481606e+38	3.0141469e+38	2.8309037e+38	2.0911024e+38	1.7237709e+38	1.6918434e+38	1.7500242e+38	2.7078815e+38	1.5039327e+38
800.0	0.0	6.727826350899999e+42	3.8146169e+39	3.2759817e+39	3.0230797e+39	2.3346204e+39	1.9824327e+39	1.7815634e+39	1.7642306e+39	2.5911402e+39	2.0763175e+39
800.0	50.0	5.4296024219e+42	3.0319356e+39	2.6167945e+39	2.4306971e+39	1.8626356e+39	1.5641246e+39	1.4680819e+39	1.4793017e+39	2.191651e+39	1.5643833e+39
800.0	100.0	3.7727846291e+42	2.0532484e+39	1.8085945e+39	1.7140947e+39	1.271427e+39	1.0399926e+39	1.0338194e+39	1.0774758e+39	1.6658244e+39	9.1971978e+38
800.0	150.0	2.8503566170500003e+42	1.5384406e+39	1.3741186e+39	1.3118944e+39	9.350522e+38	7.4403062e+38	7.7239236e+38	8.2775575e+38	1.3448891e+39	6.1071901e+38
800.0	200.0	2.3981892508e+42	1.2896682e+39	1.161094e+39	1.1173717e+39	7.7256625e+38	6.0546257e+38	6.4655654e+38	6.9775854e+38	1.1733598e+39	4.7409923e+38
800.0	300.0	2.0673212308900003e+42	1.1063455e+39	9.9629581e+38	9.5989933e+38	6.5011971e+38	5.0839147e+38	5.6571879e+38	6.1913838e+38	1.037875e+39	3.8082066e+38
800.0	400.0	1.97209395507e+42	1.0480117e+39	9.5143383e+38	9.1513528e+38	6.1883321e+38	4.8233909e+38	5.4128947e+38	5.9490547e+38	9.9707844e+38	3.5558092e+38
800.0	600.0	1.91954596264e+42	1.0178144e+39	9.2146816e+38	8.8862125e+38	5.9906936e+38	4.6598012e+38	5.2582996e+38	5.8030936e+38	9.8002392e+38	3.422679e+38
800.0	800.0	1.90283092702e+42	1.0037196e+39	9.1148548e+38	8.8115929e+38	5.9241954e+38	4.6054317e+38	5.2091465e+38	5.7590921e+38	9.7647804e+38	3.3796507e+38
800.0	1000.0	1.88531144581e+42	9.9314345e+38	9.0094104e+38	8.69412e+38	5.8670628e+38	4.5573315e+38	5.161696e+38	5.7150241e+38	9.699542e+38	3.3483433e+38
800.0	1500.0	1.8259910911400002e+42	9.5743117e+38	8.6798689e+38	8.3883285e+38	5.7067912e+38	4.4201206e+38	5.0176759e+38	5.5614381e+38	9.4172539e+38	3.2305966e+38
800.0	2000.0	1.77672833564e+42	9.330379e+38	8.4589116e+38	8.1639195e+38	5.586903e+38	4.331901e+38	4.8936567e+38	5.4069343e+38	9.0971447e+38	3.1719323e+38
800.0	2500.0	1.71040437521e+42	9.0305743e+38	8.1540566e+38	7.8685863e+38	5.4060566e+38	4.2272387e+38	4.7202788e+38	5.182731e+38	8.6431301e+38	3.1295854e+38
800.0	3000.0	1.62949322745e+42	8.636063e+38	7.8253775e+38	7.5012275e+38	5.1930655e+38	4.0816542e+38	4.5068385e+38	4.9202129e+38	8.0877053e+38	3.0679154e+38
800.0	3500.0	1.53747822883e+42	8.2290263e+38	7.4308919e+38	7.0773337e+38	4.9306535e+38	3.8874451e+38	4.2459509e+38	4.6101418e+38	7.5044697e+38	2.9765462e+38
800.0	4000.0	1.44298763496e+42	7.7867878e+38	6.9383606e+38	6.6358265e+38	4.666118e+38	3.690042e+38	3.9922317e+38	4.3135385e+38	6.9525582e+38	2.8663208e+38
800.0	5000.0	1.25262458924e+42	6.7926422e+38	6.0659849e+38	5.7905856e+38	4.0699164e+38	3.2550882e+38	3.4469544e+38	3.6903638e+38	5.8829959e+38	2.6411085e+38
800.0	5500.0	1.1686620141899999e+42	6.3859886e+38	5.6801915e+38	5.3651502e+38	3.8236076e+38	3.0643624e+38	3.2072451e+38	3.4234246e+38	5.4185653e+38	2.5181754e+38
800.0	6000.0	1.0894565399400001e+42	5.9660505e+38	5.3099071e+38	5.0030354e+38	3.5658095e+38	2.8763039e+38	3.0010676e+38	3.1738443e+38	4.9906829e+38	2.4045495e+38
800.0	7000.0	9.5337886241e+41	5.2554545e+38	4.6695519e+38	4.3384701e+38	3.1556284e+38	2.5625286e+38	2.6132356e+38	2.7486537e+38	4.2883248e+38	2.1692496e+38
800.0	8000.0	8.258147238299998e+41	4.6253238e+38	4.0066219e+38	3.7429498e+38	2.7606457e+38	2.251038e+38	2.2486928e+38	2.353565e+38	3.6634626e+38	1.9338387e+38
800.0	10000.0	6.245019619e+41	3.4696562e+38	3.0424948e+38	2.849083e+38	2.1002027e+38	1.7246685e+38	1.6956633e+38	1.7621998e+38	2.7255091e+38	1.5158376e+38
1000.0	0.0	6.8423730179e+42	3.8771436e+39	3.3329805e+39	3.0788205e+39	2.374066e+39	2.0146578e+39	1.8137079e+39	1.7995055e+39	2.6415006e+39	2.0985185e+39
1000.0	50.0	5.534079263e+42	3.0846772e+39	2.6653173e+39	2.4772932e+39	1.8968232e+39	1.5899767e+39	1.4989227e+39	1.5107052e+39	2.2456401e+39	1.5828306e+39
1000.0	100.0	3.8255027869500005e+42	2.0802343e+39	1.8364055e+39	1.7369917e+39	1.2882826e+39	1.0489355e+39	1.0454632e+39	1.0927552e+39	1.6987542e+39	9.2464839e+38
1000.0	150.0	2.86177202425e+42	1.5458389e+39	1.3819156e+39	1.3244594e+39	9.357869e+38	7.4477583e+38	7.7171808e+38	8.3128324e+38	1.3549453e+39	6.0732492e+38
1000.0	200.0	2.3997236350499998e+42	1.2913611e+39	1.1627731e+39	1.1153823e+39	7.6764409e+38	5.9973709e+38	6.5040043e+38	7.0418069e+38	1.1789987e+39	4.6855442e+38
1000.0	300.0	2.05910901638e+42	1.0970654e+39	9.9383262e+38	9.5495351e+38	6.4870196e+38	5.0600157e+38	5.6700008e+38	6.2264662e+38	1.0344245e+39	3.7354791e+38
1000.0	400.0	1.96680857136e+42	1.0458699e+39	9.4698904e+38	9.1146327e+38	6.1759738e+38	4.8008796e+38	5.4231001e+38	5.9833667e+38	9.961324e+38	3.490603e+38
1000.0	600.0	1.9176884499e+42	1.0155344e+39	9.215052e+38	8.8946259e+38	5.9980639e+38	4.6564605e+38	5.2794747e+38	5.8398627e+38	9.7724383e+38	3.3845244e+38
1000.0	800.0	1.90864420512e+42	1.0068826e+39	9.1294238e+38	8.8361256e+38	5.9462947e+38	4.6174071e+38	5.2369313e+38	5.7983513e+38	9.796529e+38	3.3736393e+38
1000.0	1000.0	1.89359231743e+42	9.9793713e+38	9.0329309e+38	8.7385459e+38	5.8889743e+38	4.573265e+38	5.1883596e+38	5.7495618e+38	9.7543663e+38	3.3490983e+38
1000.0	1500.0	1.8346560649e+42	9.6043881e+38	8.7288229e+38	8.4367647e+38	5.7229049e+38	4.4398069e+38	5.037779e+38	5.5834315e+38	9.4710938e+38	3.2456112e+38
1000.0	2000.0	1.7747110421e+42	9.327245e+38	8.437304e+38	8.1576292e+38	5.5749083e+38	4.3374538e+38	4.8915968e+38	5.4031623e+38	9.0796021e+38	3.1743201e+38
1000.0	2500.0	1.70638169674e+42	9.0164943e+38	8.1544878e+38	7.8585217e+38	5.40331e+38	4.2171668e+38	4.7120575e+38	5.1730953e+38	8.5942327e+38	3.1313692e+38
1000.0	3000.0	1.6241106071900002e+42	8.6167596e+38	7.8000655e+38	7.4765378e+38	5.1861055e+38	4.0767747e+38	4.4933188e+38	4.9039297e+38	8.0398025e+38	3.0689443e+38
1000.0	3500.0	1.53683759016e+42	8.2335666e+38	7.4137298e+38	7.0859831e+38	4.931745e+38	3.888114e+38	4.2375471e+38	4.5938059e+38	7.5068424e+38	2.9801418e+38
1000.0	4000.0	1.44131718726e+42	7.772086e+38	6.9545219e+38	6.614046e+38	4.6656367e+38	3.6963652e+38	3.9776665e+38	4.2952105e+38	6.9318554e+38	2.8768058e+38
1000.0	5000.0	1.2528530610699999e+42	6.8015602e+38	6.0661951e+38	5.7936915e+38	4.074916e+38	3.2612044e+38	3.4425948e+38	3.6783643e+38	5.8810458e+38	2.6474219e+38
1000.0	5500.0	1.16861934951e+42	6.3816725e+38	5.6774879e+38	5.3675325e+38	3.824617e+38	3.0656465e+38	3.2088643e+38	3.4150708e+38	5.4151707e+38	2.5285374e+38
1000.0	6000.0	1.08923084173e+42	5.962356e+38	5.3224082e+38	5.0179436e+38	3.5742127e+38	2.8731164e+38	2.9855977e+38	3.1597398e+38	4.9905233e+38	2.4036246e+38
1000.0	7000.0	9.5138182743e+41	5.2575612e+38	4.661651e+38	4.3452873e+38	3.1497721e+38	2.5523509e+38	2.5974503e+38	2.735014e+38	4.2827171e+38	2.1607653e+38
1000.0	8000.0	8.2554621933e+41	4.6087622e+38	4.025946e+38	3.7485403e+38	2.7663731e+38	2.2474134e+38	2.2430442e+38	2.338511e+38	3.6658999e+38	1.930342e+38
1000.0	10000.0	6.2370956427e+41	3.4703513e+38	3.057212e+38	2.851033e+38	2.0877226e+38	1.708171e+38	1.6956888e+38	1.7549853e+38	2.7243652e+38	1.510607e+38
1500.0	0.0	7.0968497487e+42	4.0143866e+39	3.4588432e+39	3.1996905e+39	2.462428e+39	2.0844016e+39	1.8802887e+39	1.874312e+39	2.7634964e+39	2.1427105e+39
1500.0	50.0	5.7771692126e+42	3.2070503e+39	2.7757651e+39	2.5850398e+39	1.9741416e+39	1.6505724e+39	1.567347e+39	1.5893831e+39	2.3714429e+39	1.6266356e+39
1500.0	100.0	3.9478500666000006e+42	2.144082e+39	1.8931389e+39	1.8012482e+39	1.3206018e+39	1.0709584e+39	1.0686835e+39	1.1250392e+39	1.7807036e+39	9.3711724e+38
1500.0	150.0	2.89391663845e+42	1.5658668e+39	1.400769e+39	1.3439911e+39	9.3962699e+38	7.4004739e+38	7.7686566e+38	8.3484926e+38	1.3894325e+39	6.0129976e+38
1500.0	200.0	2.3961787752500002e+42	1.2846146e+39	1.1591124e+39	1.1109712e+39	7.591001e+38	5.9517827e+38	6.5813303e+38	7.182714e+38	1.1838884e+39	4.5464446e+38
1500.0	300.0	2.06849644227e+42	1.0902879e+39	9.8827043e+38	9.5442668e+38	6.4928172e+38	5.0352944e+38	5.7225562e+38	6.3315206e+38	1.0574163e+39	3.6280697e+38
1500.0	400.0	1.99772273215e+42	1.0487369e+39	9.5307595e+38	9.1961719e+38	6.2487739e+38	4.8381417e+38	5.5146342e+38	6.1121944e+38	1.0290819e+39	3.4748334e+38
1500.0	600.0	1.97189450745e+42	1.0363945e+39	9.381918e+38	9.0662753e+38	6.1748116e+38	4.7932765e+38	5.415069e+38	5.9994364e+38	1.0159711e+39	3.4676e+38
1500.0	800.0	1.95492798055e+42	1.0250423e+39	9.303389e+38	8.9829278e+38	6.1117521e+38	4.7464627e+38	5.3674019e+38	5.9552753e+38	1.0081271e+39	3.443347e+38
1500.0	1000.0	1.9273353773100002e+42	1.0094151e+39	9.1890539e+38	8.8504364e+38	6.0261002e+38	4.6811472e+38	5.3015741e+38	5.8802419e+38	9.9245483e+38	3.39686e+38
1500.0	1500.0	1.85224507356e+42	9.7231985e+38	8.7804914e+38	8.4987253e+38	5.8012672e+38	4.5105846e+38	5.0955725e+38	5.6557735e+38	9.5344143e+38	3.2780142e+38
1500.0	2000.0	1.78241440109e+42	9.3646228e+38	8.4771183e+38	8.1766579e+38	5.6233197e+38	4.3687099e+38	4.9165312e+38	5.4284888e+38	9.0904712e+38	3.206105e+38
1500.0	2500.0	1.70480764065e+42	8.9990198e+38	8.1247912e+38	7.8353261e+38	5.4232377e+38	4.2331562e+38	4.6992182e+38	5.1681076e+38	8.5743377e+38	3.1479886e+38
1500.0	3000.0	1.6133820908600002e+42	8.5856281e+38	7.7296863e+38	7.4236987e+38	5.165285e+38	4.066502e+38	4.4535993e+38	4.8497882e+38	7.9716007e+38	3.0726348e+38
1500.0	3500.0	1.52572189236e+42	8.1669731e+38	7.3638413e+38	7.0268534e+38	4.9116053e+38	3.8626245e+38	4.1940342e+38	4.5501967e+38	7.4370452e+38	2.987442e+38
1500.0	4000.0	1.42856219304e+42	7.7254683e+38	6.9096758e+38	6.5431532e+38	4.6257567e+38	3.6706189e+38	3.9403644e+38	4.2386057e+38	6.8496343e+38	2.8700113e+38
1500.0	5000.0	1.24128677811e+42	6.794558e+38	6.0319814e+38	5.6861885e+38	4.0621467e+38	3.2453249e+38	3.4019553e+38	3.6280218e+38	5.7937517e+38	2.6358239e+38
1500.0	5500.0	1.1550121155200001e+42	6.3221678e+38	5.631608e+38	5.2980079e+38	3.7800899e+38	3.0261205e+38	3.1754997e+38	3.3674713e+38	5.3386966e+38	2.5037647e+38
1500.0	6000.0	1.07591122021e+42	5.9353528e+38	5.2533231e+38	4.9393057e+38	3.5381473e+38	2.8371384e+38	2.9462542e+38	3.116463e+38	4.9151558e+38	2.3798357e+38
1500.0	7000.0	9.4218234225e+41	5.2147089e+38	4.6409836e+38	4.3076706e+38	3.0978747e+38	2.5158319e+38	2.5708703e+38	2.7068515e+38	4.2434107e+38	2.1368136e+38
1500.0	8000.0	8.220727813200001e+41	4.5758045e+38	4.0406533e+38	3.7529276e+38	2.7195812e+38	2.2158762e+38	2.246599e+38	2.3517727e+38	3.6465361e+38	1.9165514e+38
1500.0	10000.0	6.2013817458e+41	3.4978414e+38	3.0402843e+38	2.849083e+38	2.0756246e+38	1.7003599e+38	1.685464e+38	1.7482855e+38	2.6853063e+38	1.500566e+38
2000.0	0.0	7.3157390929e+42	4.1272507e+39	3.5652659e+39	3.3028295e+39	2.5366011e+39	2.142222e+39	1.9421944e+39	1.943673e+39	2.874747e+39	2.1726288e+39
2000.0	50.0	5.9958899975e+42	3.3146269e+39	2.8767306e+39	2.6859457e+39	2.0430333e+39	1.7036124e+39	1.6248017e+39	1.6582463e+39	2.4882536e+39	1.6650922e+39
2000.0	100.0	4.0594026044e+42	2.204498e+39	1.9544281e+39	1.8564307e+39	1.3492758e+39	1.0888697e+39	1.0963994e+39	1.1573232e+39	1.8448661e+39	9.5223092e+38
2000.0	150.0	2.92744988965e+42	1.5804431e+39	1.420067e+39	1.3567843e+39	9.392796e+38	7.3737476e+38	7.929379e+38	8.5595644e+38	1.4145329e+39	5.9844641e+38
2000.0	200.0	2.41009861115e+42	1.2783395e+39	1.1523526e+39	1.1120248e+39	7.6104597e+38	5.9362098e+38	6.6577594e+38	7.3169072e+38	1.211771e+39	4.4310609e+38
2000.0	300.0	2.06440633093e+42	1.0715074e+39	9.7502232e+38	9.4226263e+38	6.4465413e+38	4.9691481e+38	5.7351449e+38	6.3959345e+38	1.0797968e+39	3.4775372e+38
2000.0	400.0	1.98997246207e+42	1.031745e+39	9.3885253e+38	9.0934811e+38	6.1946697e+38	4.7703508e+38	5.521244e+38	6.1698946e+38	1.0448173e+39	3.3328511e+38
2000.0	600.0	1.96708664744e+42	1.0216205e+39	9.2848726e+38	9.0062806e+38	6.1295568e+38	4.7286214e+38	5.4302233e+38	6.0615392e+38	1.030031e+39	3.344393e+38
2000.0	800.0	1.9539409807300003e+42	1.0168904e+39	9.2343702e+38	8.9489597e+38	6.1057898e+38	4.7039088e+38	5.3889914e+38	6.0085459e+38	1.0197033e+39	3.3459837e+38
2000.0	1000.0	1.9298503889000003e+42	1.0046153e+39	9.121948e+38	8.8430455e+38	6.0346907e+38	4.655813e+38	5.3219588e+38	5.9298533e+38	1.005176e+39	3.3220186e+38
2000.0	1500.0	1.8525057376700002e+42	9.6678869e+38	8.7739449e+38	8.5058809e+38	5.7955041e+38	4.4957389e+38	5.1085075e+38	5.6759135e+38	9.5756641e+38	3.2500146e+38
2000.0	2000.0	1.7765277142400002e+42	9.3249963e+38	8.4482233e+38	8.139309e+38	5.6002571e+38	4.357874e+38	4.9105831e+38	5.4216082e+38	9.0662448e+38	3.1828949e+38
2000.0	2500.0	1.68989276923e+42	8.9435096e+38	8.0791046e+38	7.7513495e+38	5.3609527e+38	4.1997573e+38	4.6673288e+38	5.1180964e+38	8.4785319e+38	3.1288271e+38
2000.0	3000.0	1.59908577953e+42	8.5429289e+38	7.6824573e+38	7.3693656e+38	5.1108165e+38	4.0241058e+38	4.4145032e+38	4.8083835e+38	7.8720339e+38	3.0565071e+38
2000.0	3500.0	1.5065495318499998e+42	8.1009398e+38	7.2605092e+38	6.9177938e+38	4.8542731e+38	3.8326677e+38	4.147705e+38	4.4932596e+38	7.305533e+38	2.9788076e+38
2000.0	4000.0	1.40855335167e+42	7.616436e+38	6.8277908e+38	6.4878687e+38	4.5649391e+38	3.6226202e+38	3.8808989e+38	4.1719801e+38	6.7175314e+38	2.8591261e+38
2000.0	5000.0	1.22579306166e+42	6.7160607e+38	5.9851007e+38	5.6109081e+38	3.9876335e+38	3.199275e+38	3.372692e+38	3.5911731e+38	5.7027254e+38	2.6107211e+38
2000.0	5500.0	1.1412039966399999e+42	6.2801266e+38	5.578629e+38	5.2453022e+38	3.7211154e+38	2.992661e+38	3.1310743e+38	3.3212063e+38	5.2561462e+38	2.4825996e+38
2000.0	6000.0	1.0622956479700001e+42	5.8606982e+38	5.2056906e+38	4.8744043e+38	3.4933502e+38	2.8005928e+38	2.9066788e+38	3.0743885e+38	4.8447475e+38	2.3520312e+38
2000.0	7000.0	9.3177486746e+41	5.1691375e+38	4.5892209e+38	4.2655169e+38	3.074907e+38	2.4908511e+38	2.5368253e+38	2.6819827e+38	4.1846014e+38	2.1129208e+38
2000.0	8000.0	8.1665355781e+41	4.540588e+38	4.0224794e+38	3.7274985e+38	2.6984211e+38	2.2014315e+38	2.2343837e+38	2.3346934e+38	3.6228222e+38	1.9018528e+38
2000.0	10000.0	6.1537648596e+41	3.4694613e+38	3.0237021e+38	2.8279867e+38	2.0505208e+38	1.6856096e+38	1.6771499e+38	1.7360136e+38	2.6669523e+38	1.4847634e+38
3000.0	0.0	7.637509677299999e+42	4.2859371e+39	3.7207421e+39	3.4584618e+39	2.6330965e+39	2.2245067e+39	2.0341769e+39	2.0489998e+39	3.0606711e+39	2.1954788e+39
3000.0	50.0	6.371223331000001e+42	3.4956896e+39	3.0478319e+39	2.8551575e+39	2.1558421e+39	1.7872331e+39	1.7248308e+39	1.7688257e+39	2.6950774e+39	1.7396625e+39
3000.0	100.0	4.25137616655e+42	2.3241173e+39	2.0544924e+39	1.9536016e+39	1.397202e+39	1.1239985e+39	1.128813e+39	1.1997686e+39	1.9566887e+39	9.8753777e+38
3000.0	150.0	3.0115215026500004e+42	1.6157078e+39	1.4474213e+39	1.3854213e+39	9.5349217e+38	7.4983813e+38	8.2377863e+38	8.9815153e+38	1.4756811e+39	6.019792e+38
3000.0	200.0	2.4445807474999998e+42	1.2662745e+39	1.147241e+39	1.1031632e+39	7.6551747e+38	5.9231553e+38	6.7856644e+38	7.5504042e+38	1.2717348e+39	4.3020215e+38
3000.0	300.0	2.05469280727e+42	1.0352862e+39	9.4859413e+38	9.2496403e+38	6.3474286e+38	4.8441542e+38	5.7360914e+38	6.4883319e+38	1.1164734e+39	3.2566929e+38
3000.0	400.0	1.9753401764e+42	9.9531236e+38	9.1228224e+38	8.9087006e+38	6.0808632e+38	4.6362604e+38	5.5060555e+38	6.2419582e+38	1.0764467e+39	3.109166e+38
3000.0	600.0	1.95184883539e+42	9.9118055e+38	9.0401576e+38	8.8459541e+38	6.0130504e+38	4.5991084e+38	5.4236366e+38	6.1274399e+38	1.0543864e+39	3.1487604e+38
3000.0	800.0	1.9377837294499998e+42	9.8854895e+38	8.9984185e+38	8.7793551e+38	5.9899523e+38	4.5910025e+38	5.3846779e+38	6.0678715e+38	1.0394673e+39	3.1694003e+38
3000.0	1000.0	1.91151212041e+42	9.7785608e+38	8.9051931e+38	8.6564571e+38	5.9424777e+38	4.5675309e+38	5.3173529e+38	5.9737987e+38	1.0179416e+39	3.1545614e+38
3000.0	1500.0	1.8288109453e+42	9.4460195e+38	8.604905e+38	8.2849317e+38	5.7387685e+38	4.4305961e+38	5.09405e+38	5.6734003e+38	9.55211e+38	3.1194058e+38
3000.0	2000.0	1.7426722655599998e+42	9.1211886e+38	8.2645538e+38	7.9414768e+38	5.4997105e+38	4.2845066e+38	4.8433307e+38	5.3513014e+38	8.9042469e+38	3.1031765e+38
3000.0	2500.0	1.6533105818400002e+42	8.7654977e+38	7.8803134e+38	7.5786787e+38	5.2480836e+38	4.1132771e+38	4.5756322e+38	5.0121307e+38	8.2758748e+38	3.0835306e+38
3000.0	3000.0	1.55560911786e+42	8.3505877e+38	7.4638942e+38	7.1327684e+38	4.9767755e+38	3.925905e+38	4.2976215e+38	4.6739031e+38	7.6295461e+38	3.0014806e+38
3000.0	3500.0	1.4583914033299997e+42	7.8780997e+38	7.0399835e+38	6.7116265e+38	4.6959851e+38	3.7319483e+38	4.0275431e+38	4.3476961e+38	7.008024e+38	2.9200485e+38
3000.0	4000.0	1.36663513508e+42	7.4314692e+38	6.6293815e+38	6.2675005e+38	4.4266502e+38	3.5197858e+38	3.7556245e+38	4.0351764e+38	6.4935503e+38	2.8043347e+38
3000.0	5000.0	1.18681175271e+42	6.5191395e+38	5.7943439e+38	5.450621e+38	3.8607059e+38	3.1014194e+38	3.2589948e+38	3.4666817e+38	5.5057371e+38	2.5427691e+38
3000.0	5500.0	1.1031894013000001e+42	6.0962155e+38	5.385959e+38	5.0508029e+38	3.6056426e+38	2.9060082e+38	3.0249675e+38	3.2089205e+38	5.0652612e+38	2.4087631e+38
3000.0	6000.0	1.02873638738e+42	5.6835902e+38	5.0376525e+38	4.7264619e+38	3.3754013e+38	2.7203625e+38	2.812256e+38	2.9710478e+38	4.6931213e+38	2.277048e+38
3000.0	7000.0	8.9614599664e+41	4.9556893e+38	4.3867038e+38	4.124958e+38	2.9589529e+38	2.4046611e+38	2.4533455e+38	2.5730569e+38	4.0238627e+38	2.0417291e+38
3000.0	8000.0	7.9164198076e+41	4.3991196e+38	3.8982533e+38	3.642649e+38	2.6134157e+38	2.1313773e+38	2.1640186e+38	2.2659567e+38	3.5117872e+38	1.8375925e+38
3000.0	10000.0	6.1004243685e+41	3.4228411e+38	2.9991954e+38	2.7609308e+38	2.0372966e+38	1.6736317e+38	1.6622809e+38	1.7280723e+38	2.6604163e+38	1.4626234e+38
4000.0	0.0	7.823658917e+42	4.3687506e+39	3.8116449e+39	3.5551768e+39	2.6830812e+39	2.2579144e+39	2.0893398e+39	2.118859e+39	3.1956627e+39	2.1783693e+39
4000.0	50.0	6.636362267599999e+42	3.6310418e+39	3.1786211e+39	2.9828683e+39	2.2294636e+39	1.8397595e+39	1.7838136e+39	1.8443228e+39	2.8547757e+39	1.7768782e+39
4000.0	100.0	4.4304564124e+42	2.4296912e+39	2.1538159e+39	2.0436173e+39	1.445553e+39	1.1598725e+39	1.176602e+39	1.253889e+39	2.0337059e+39	1.0318548e+39
4000.0	150.0	3.12378142145e+42	1.6561133e+39	1.478887e+39	1.4142392e+39	9.8389139e+38	7.7173266e+38	8.5459694e+38	9.3894609e+38	1.5583807e+39	6.2250037e+38
4000.0	200.0	2.4902766146499998e+42	1.269491e+39	1.1457841e+39	1.1174896e+39	7.7478204e+38	5.9655062e+38	6.9115513e+38	7.7570464e+38	1.3229252e+39	4.3257653e+38
4000.0	300.0	2.0456794380899998e+42	1.0096573e+39	9.2580181e+38	9.1996318e+38	6.2608499e+38	4.7488193e+38	5.7166499e+38	6.5329359e+38	1.1395087e+39	3.13291e+38
4000.0	400.0	1.9542736506500002e+42	9.6872849e+38	8.8753261e+38	8.7731431e+38	5.9598263e+38	4.5175467e+38	5.4522503e+38	6.2385763e+38	1.0904548e+39	2.9620501e+38
4000.0	600.0	1.9246960945000002e+42	9.6060797e+38	8.8423503e+38	8.6754855e+38	5.8900052e+38	4.488479e+38	5.3551948e+38	6.0945916e+38	1.0575164e+39	3.0294757e+38
4000.0	800.0	1.9018951686600002e+42	9.5574885e+38	8.7669004e+38	8.5842757e+38	5.8557918e+38	4.4815147e+38	5.2980225e+38	5.9968055e+38	1.0333525e+39	3.0566188e+38
4000.0	1000.0	1.86552340328e+42	9.4361327e+38	8.6055185e+38	8.4335427e+38	5.7859356e+38	4.4435556e+38	5.2095874e+38	5.8670455e+38	1.0025405e+39	3.0543225e+38
4000.0	1500.0	1.77136770172e+42	9.0881557e+38	8.2307156e+38	8.0251397e+38	5.5682838e+38	4.3141785e+38	4.9535927e+38	5.5142266e+38	9.2785763e+38	3.0434165e+38
4000.0	2000.0	1.6780762769e+42	8.779021e+38	7.8602425e+38	7.6001453e+38	5.3115869e+38	4.1513786e+38	4.6750083e+38	5.1556323e+38	8.5742732e+38	3.0401162e+38
4000.0	2500.0	1.5832217220000002e+42	8.427856e+38	7.530209e+38	7.1782957e+38	5.0261137e+38	3.9541331e+38	4.3780003e+38	4.7973642e+38	7.915894e+38	2.9803001e+38
4000.0	3000.0	1.48389099124e+42	7.9708035e+38	7.1149236e+38	6.7345868e+38	4.7550293e+38	3.7663423e+38	4.1092255e+38	4.4555584e+38	7.2533599e+38	2.8992261e+38
4000.0	3500.0	1.38971124145e+42	7.5190616e+38	6.7103314e+38	6.3462019e+38	4.4867149e+38	3.5629223e+38	3.8280215e+38	4.1313704e+38	6.6702907e+38	2.8055393e+38
4000.0	4000.0	1.2985000325599999e+42	7.0683136e+38	6.2826613e+38	5.9377896e+38	4.2149039e+38	3.3675651e+38	3.5816376e+38	3.8430094e+38	6.1393605e+38	2.684748e+38
4000.0	5000.0	1.1309613417000001e+42	6.1964816e+38	5.5086864e+38	5.1937134e+38	3.698745e+38	2.9819848e+38	3.1038678e+38	3.2987468e+38	5.2246065e+38	2.4458855e+38
4000.0	5500.0	1.05521708224e+42	5.7897017e+38	5.1313804e+38	4.8473008e+38	3.4596198e+38	2.79212e+38	2.8945122e+38	3.0653171e+38	4.8484237e+38	2.3169422e+38
4000.0	6000.0	9.8669358785e+41	5.4462943e+38	4.8046097e+38	4.5422475e+38	3.2314449e+38	2.6146406e+38	2.7035417e+38	2.8587621e+38	4.5026861e+38	2.1902567e+38
4000.0	7000.0	8.6093711334e+41	4.7529432e+38	4.1868629e+38	3.9500924e+38	2.8500881e+38	2.3092123e+38	2.3604368e+38	2.4794782e+38	3.8876033e+38	1.9485766e+38
4000.0	8000.0	7.6345451769e+41	4.2312097e+38	3.7347104e+38	3.4909401e+38	2.5420595e+38	2.0637636e+38	2.0844316e+38	2.1832169e+38	3.3987732e+38	1.7714046e+38
4000.0	10000.0	6.0192166425e+41	3.3368523e+38	2.9561327e+38	2.7219301e+38	2.0171882e+38	1.6557921e+38	1.6432897e+38	1.707044e+38	2.6406421e+38	1.43555e+38
4500.0	0.0	7.825363808499999e+42	4.3585891e+39	3.8090074e+39	3.5590376e+39	2.6773888e+39	2.2535485e+39	2.0911492e+39	2.1292246e+39	3.2222362e+39	2.1499187e+39
4500.0	50.0	6.6816801554e+42	3.6581824e+39	3.2035292e+39	3.0073223e+39	2.2414225e+39	1.847369e+39	1.7849503e+39	1.8533072e+39	2.8888036e+39	1.778655e+39
4500.0	100.0	4.4727559093e+42	2.4611827e+39	2.177292e+39	2.0645487e+39	1.4564206e+39	1.1712589e+39	1.1924608e+39	1.2709849e+39	2.0365386e+39	1.0525389e+39
4500.0	150.0	3.1474857732499996e+42	1.665833e+39	1.487547e+39	1.4180135e+39	9.915995e+38	7.7862224e+38	8.6056568e+38	9.4461481e+38	1.5690428e+39	6.3501421e+38
4500.0	200.0	2.4816263483e+42	1.2592847e+39	1.137208e+39	1.1124888e+39	7.7192284e+38	5.9554083e+38	6.8849275e+38	7.7274452e+38	1.3188786e+39	4.3664553e+38
4500.0	300.0	2.01186192334e+42	9.874583e+38	9.0873081e+38	9.026254e+38	6.1557018e+38	4.6755102e+38	5.624141e+38	6.4292912e+38	1.1222135e+39	3.1017362e+38
4500.0	400.0	1.91352918354e+42	9.4251434e+38	8.6572657e+38	8.5765695e+38	5.8443615e+38	4.4374071e+38	5.3478903e+38	6.1166894e+38	1.0685465e+39	2.9222701e+38
4500.0	600.0	1.8817613729e+42	9.3934193e+38	8.5912592e+38	8.4464379e+38	5.7757607e+38	4.4145634e+38	5.2458101e+38	5.9588921e+38	1.0324333e+39	2.9978877e+38
4500.0	800.0	1.8562576158399998e+42	9.3308346e+38	8.523279e+38	8.3581372e+38	5.7314894e+38	4.4010709e+38	5.1769385e+38	5.8494389e+38	1.0056448e+39	3.0232189e+38
4500.0	1000.0	1.8173525814699996e+42	9.1926367e+38	8.3707271e+38	8.2000916e+38	5.6509888e+38	4.3572503e+38	5.077967e+38	5.7049573e+38	9.7297702e+38	3.0182189e+38
4500.0	1500.0	1.7265885085000003e+42	8.9031814e+38	8.0700686e+38	7.7924747e+38	5.4246527e+38	4.2147604e+38	4.8105652e+38	5.3485601e+38	8.9797503e+38	3.0325387e+38
4500.0	2000.0	1.6305500536299998e+42	8.5436082e+38	7.7045995e+38	7.4007405e+38	5.1652808e+38	4.0422901e+38	4.5310948e+38	4.9871577e+38	8.2602265e+38	3.0063195e+38
4500.0	2500.0	1.5303334444100002e+42	8.1089068e+38	7.2366946e+38	6.9546725e+38	4.8874835e+38	3.8414405e+38	4.2365799e+38	4.6362216e+38	7.6349535e+38	2.9136895e+38
4500.0	3000.0	1.43636896301e+42	7.6703483e+38	6.8625896e+38	6.5242519e+38	4.6224087e+38	3.6566235e+38	3.975688e+38	4.3198832e+38	7.0214934e+38	2.8217057e+38
4500.0	3500.0	1.34586930118e+42	7.275125e+38	6.4722347e+38	6.1097852e+38	4.3401406e+38	3.4615252e+38	3.7110596e+38	4.0002181e+38	6.4731156e+38	2.727787e+38
4500.0	4000.0	1.25950135582e+42	6.8365412e+38	6.0918766e+38	5.7325419e+38	4.0967781e+38	3.273825e+38	3.4713272e+38	3.7208683e+38	5.9671552e+38	2.605212e+38
4500.0	5000.0	1.0976569005699999e+42	6.0039887e+38	5.3211141e+38	5.0243208e+38	3.5936233e+38	2.8929171e+38	3.0176894e+38	3.2125051e+38	5.0790105e+38	2.3790044e+38
4500.0	5500.0	1.0246483010200001e+42	5.619162e+38	4.9808913e+38	4.6816116e+38	3.3689455e+38	2.7248967e+38	2.8144457e+38	2.9841024e+38	4.7009897e+38	2.2488672e+38
4500.0	6000.0	9.6036942264e+41	5.2973196e+38	4.685531e+38	4.3980322e+38	3.1562976e+38	2.5451792e+38	2.6357902e+38	2.7828136e+38	4.3805866e+38	2.1287122e+38
4500.0	7000.0	8.4348982248e+41	4.6375762e+38	4.1078255e+38	3.8615472e+38	2.7905738e+38	2.2614134e+38	2.3047937e+38	2.4272699e+38	3.8246969e+38	1.9040565e+38
4500.0	8000.0	7.4443498577e+41	4.1131489e+38	3.6428069e+38	3.4038967e+38	2.4666753e+38	2.0129329e+38	2.0384651e+38	2.1403232e+38	3.3227216e+38	1.7164635e+38
4500.0	10000.0	5.9266399392e+41	3.2867138e+38	2.905493e+38	2.7021547e+38	1.9734498e+38	1.6175259e+38	1.6137898e+38	1.6851965e+38	2.6129719e+38	1.4062686e+38
5000.0	0.0	6.6552850656e+42	3.6693604e+39	3.216012e+39	3.0063336e+39	2.2878342e+39	1.9295862e+39	1.792856e+39	1.8224364e+39	2.7598068e+39	1.8136682e+39
5000.0	50.0	5.797134293e+42	3.1393828e+39	2.7537967e+39	2.586968e+39	1.9535399e+39	1.6189405e+39	1.5699567e+39	1.6258344e+39	2.5141637e+39	1.5352254e+39
5000.0	100.0	4.0579443251e+42	2.2019553e+39	1.9597586e+39	1.8519815e+39	1.3351306e+39	1.0803223e+39	1.0754613e+39	1.1415011e+39	1.8682901e+39	9.5363792e+38
5000.0	150.0	2.91441615145e+42	1.5527215e+39	1.3862938e+39	1.32115e+39	9.2214719e+38	7.3189962e+38	7.9554802e+38	8.6743135e+38	1.4283292e+39	6.0332323e+38
5000.0	200.0	2.33421840185e+42	1.1974573e+39	1.0847701e+39	1.0381133e+39	7.3037743e+38	5.6990541e+38	6.4647502e+38	7.1923201e+38	1.2144316e+39	4.2901406e+38
5000.0	300.0	1.9108775849e+42	9.5205256e+38	8.6869754e+38	8.5135907e+38	5.8962851e+38	4.5321809e+38	5.3403353e+38	6.0443946e+38	1.0438785e+39	3.1097571e+38
5000.0	400.0	1.82250384991e+42	9.0779869e+38	8.3002145e+38	8.1180816e+38	5.6084658e+38	4.3049569e+38	5.0912604e+38	5.7731459e+38	9.9876216e+38	2.9302663e+38
5000.0	600.0	1.79563721572e+42	9.0242804e+38	8.2579834e+38	8.055807e+38	5.544385e+38	4.2751058e+38	5.0020491e+38	5.644842e+38	9.6971902e+38	2.9699694e+38
5000.0	800.0	1.7751650941899997e+42	8.9712211e+38	8.198159e+38	7.9866916e+38	5.5095393e+38	4.2621139e+38	4.9456628e+38	5.5558304e+38	9.4838608e+38	2.9949179e+38
5000.0	1000.0	1.74203168666e+42	8.8762323e+38	8.0685141e+38	7.8405972e+38	5.4375484e+38	4.2210061e+38	4.8528483e+38	5.4288083e+38	9.2064337e+38	2.9940507e+38
5000.0	1500.0	1.6609546334999998e+42	8.5999207e+38	7.8076818e+38	7.5160131e+38	5.2257669e+38	4.0799385e+38	4.6096994e+38	5.1044143e+38	8.5523757e+38	2.9965019e+38
5000.0	2000.0	1.56679953323e+42	8.2005801e+38	7.4178966e+38	7.1264013e+38	4.9708676e+38	3.9082775e+38	4.3405629e+38	4.7671852e+38	7.8945259e+38	2.9414226e+38
5000.0	2500.0	1.46934298592e+42	7.7726061e+38	6.9547357e+38	6.6824562e+38	4.7011926e+38	3.7202707e+38	4.0752959e+38	4.4368489e+38	7.2932824e+38	2.8288936e+38
5000.0	3000.0	1.3783604029e+42	7.3492591e+38	6.5279669e+38	6.2786201e+38	4.4501547e+38	3.5313361e+38	3.8165398e+38	4.1405192e+38	6.7342325e+38	2.7316953e+38
5000.0	3500.0	1.2905631231700001e+42	6.9322056e+38	6.1796937e+38	5.8709076e+38	4.1809024e+38	3.3358213e+38	3.5616949e+38	3.837217e+38	6.2047092e+38	2.6309154e+38
5000.0	4000.0	1.20783550734e+42	6.5188213e+38	5.8281473e+38	5.4819089e+38	3.938479e+38	3.1576276e+38	3.3366606e+38	3.5704113e+38	5.7145569e+38	2.5196364e+38
5000.0	5000.0	1.0598708770100001e+42	5.7913463e+38	5.1438866e+38	4.8235393e+38	3.484159e+38	2.8108957e+38	2.9086333e+38	3.0935914e+38	4.901751e+38	2.2983335e+38
5000.0	5500.0	9.9044625311e+41	5.4200259e+38	4.8154185e+38	4.4936153e+38	3.2612535e+38	2.6340061e+38	2.7269713e+38	2.8897988e+38	4.5522064e+38	2.1690243e+38
5000.0	6000.0	9.2890035294e+41	5.0911696e+38	4.539338e+38	4.2079442e+38	3.0630645e+38	2.4826613e+38	2.5471868e+38	2.6890546e+38	4.2452676e+38	2.0593893e+38
5000.0	7000.0	8.1710296179e+41	4.4866762e+38	3.9881054e+38	3.7375712e+38	2.6985264e+38	2.1937505e+38	2.2357146e+38	2.3546948e+38	3.6982373e+38	1.8484055e+38
5000.0	8000.0	7.2375693396e+41	3.9899125e+38	3.5416809e+38	3.3051531e+38	2.3990604e+38	1.9544698e+38	1.9862924e+38	2.083597e+38	3.233121e+38	1.6677889e+38
5000.0	10000.0	5.802965337e+41	3.2323365e+38	2.8535815e+38	2.6438898e+38	1.9392363e+38	1.5819331e+38	1.5821371e+38	1.653416e+38	2.5426319e+38	1.3791391e+38
6000.0	0.0	4.9159901864e+42	2.6721665e+39	2.3471766e+39	2.1971301e+39	1.7050129e+39	1.440426e+39	1.3350594e+39	1.3577103e+39	2.0519522e+39	1.3360599e+39
6000.0	50.0	4.4071355502e+42	2.3740212e+39	2.0757571e+39	1.9441141e+39	1.4950152e+39	1.2537166e+39	1.2101346e+39	1.2440232e+39	1.8987978e+39	1.1747294e+39
6000.0	100.0	3.32779604165e+42	1.7661457e+39	1.5723094e+39	1.4917708e+39	1.1131153e+39	9.1535245e+38	9.0757969e+38	9.5389646e+38	1.5184157e+39	7.9725156e+38
6000.0	150.0	2.4931084626999998e+42	1.3242241e+39	1.1872032e+39	1.1349866e+39	8.1351416e+38	6.5804556e+38	6.7121891e+38	7.1934061e+38	1.188854e+39	5.4653794e+38
6000.0	200.0	2.03178744213e+42	1.0729549e+39	9.6731187e+38	9.2352656e+38	6.4360954e+38	5.139823e+38	5.5833132e+38	6.0824272e+38	1.0003783e+39	4.1028461e+38
6000.0	300.0	1.69267053437e+42	8.7340648e+38	7.948065e+38	7.6436345e+38	5.3014654e+38	4.1778242e+38	4.6927716e+38	5.1924662e+38	8.7159795e+38	3.0912468e+38
6000.0	400.0	1.6155907263e+42	8.3479187e+38	7.5702008e+38	7.2655022e+38	5.0507221e+38	3.97279e+38	4.4821728e+38	4.9700143e+38	8.3645391e+38	2.9079846e+38
6000.0	600.0	1.59214796677e+42	8.2422302e+38	7.5017406e+38	7.1858497e+38	5.0160772e+38	3.946625e+38	4.3954996e+38	4.8571188e+38	8.1647334e+38	2.9246321e+38
6000.0	800.0	1.5768474145500002e+42	8.2467452e+38	7.4534668e+38	7.134347e+38	4.9642857e+38	3.9253438e+38	4.3340117e+38	4.7806598e+38	8.0191714e+38	2.9451771e+38
6000.0	1000.0	1.55382191493e+42	8.1546269e+38	7.3685853e+38	7.0561886e+38	4.892214e+38	3.8742503e+38	4.2646101e+38	4.6885226e+38	7.8578386e+38	2.9367639e+38
6000.0	1500.0	1.4875339674e+42	7.7974109e+38	7.0660376e+38	6.7472504e+38	4.7404188e+38	3.7579796e+38	4.0842474e+38	4.4679707e+38	7.4399072e+38	2.8711889e+38
6000.0	2000.0	1.40279302638e+42	7.3820204e+38	6.6693198e+38	6.3707689e+38	4.5169163e+38	3.599606e+38	3.86857e+38	4.206208e+38	6.9099444e+38	2.7612442e+38
6000.0	2500.0	1.32139473542e+42	6.9750887e+38	6.2812106e+38	5.9979282e+38	4.2719946e+38	3.4051531e+38	3.6520604e+38	3.9505272e+38	6.4628441e+38	2.6383845e+38
6000.0	3000.0	1.2460727281899999e+42	6.6001487e+38	5.9232564e+38	5.6507604e+38	4.0588191e+38	3.2429315e+38	3.446893e+38	3.717132e+38	6.0309341e+38	2.5296056e+38
6000.0	3500.0	1.1697080023e+42	6.2132049e+38	5.5795671e+38	5.3005102e+38	3.8175352e+38	3.0641099e+38	3.2275254e+38	3.4801436e+38	5.6080739e+38	2.4196187e+38
6000.0	4000.0	1.09863155493e+42	5.8929383e+38	5.2271364e+38	4.9700986e+38	3.5958623e+38	2.8984745e+38	3.037087e+38	3.2540522e+38	5.2173951e+38	2.3104318e+38
6000.0	5000.0	9.747655716399998e+41	5.2924437e+38	4.6813944e+38	4.4302007e+38	3.215563e+38	2.5937012e+38	2.6919578e+38	2.8577232e+38	4.5220838e+38	2.1178525e+38
6000.0	5500.0	9.1456040688e+41	4.984548e+38	4.3928072e+38	4.1538158e+38	3.02681e+38	2.452018e+38	2.5252105e+38	2.6800151e+38	4.2059934e+38	2.0109872e+38
6000.0	6000.0	8.5843760768e+41	4.6993513e+38	4.1279009e+38	3.8984409e+38	2.8383388e+38	2.3045267e+38	2.3718684e+38	2.5035289e+38	3.9249527e+38	1.9121083e+38
6000.0	7000.0	7.6176589374e+41	4.1758169e+38	3.6986002e+38	3.4638365e+38	2.5164366e+38	2.0387123e+38	2.0917536e+38	2.2004284e+38	3.4625147e+38	1.7233487e+38
6000.0	8000.0	6.810488088699999e+41	3.75128e+38	3.3197073e+38	3.0856337e+38	2.258787e+38	1.8381819e+38	1.8679882e+38	1.9652382e+38	3.0647668e+38	1.555559e+38
6000.0	10000.0	5.5590746883999995e+41	3.0904278e+38	2.7222683e+38	2.5407115e+38	1.8594722e+38	1.5154769e+38	1.5092543e+38	1.572531e+38	2.452736e+38	1.3171697e+38
8000.0	0.0	2.87767267265e+42	1.54107e+39	1.3513011e+39	1.2586665e+39	9.9848126e+38	8.5324566e+38	7.9779064e+38	8.0559772e+38	1.2003779e+39	7.9644401e+38
8000.0	50.0	2.6741917733999998e+42	1.4602086e+39	1.279566e+39	1.1762306e+39	9.1545603e+38	7.8061504e+38	7.324118e+38	7.41824e+38	1.1103799e+39	7.391232e+38
8000.0	100.0	2.2159422712e+42	1.1760842e+39	1.0371966e+39	9.7224971e+38	7.5804148e+38	6.4052481e+38	6.1486563e+38	6.2995846e+38	9.5723002e+38	5.8550747e+38
8000.0	150.0	1.8251112336500002e+42	9.5818949e+38	8.5157111e+38	8.0540589e+38	6.1900668e+38	5.1721977e+38	5.0915921e+38	5.3077693e+38	8.2208684e+38	4.4208241e+38
8000.0	200.0	1.57320131507e+42	8.2139496e+38	7.3639782e+38	6.9868742e+38	5.2673266e+38	4.3448094e+38	4.3498059e+38	4.5891572e+38	7.3346313e+38	3.592592e+38
8000.0	300.0	1.3494117064e+42	7.0174735e+38	6.321845e+38	6.0318633e+38	4.4773223e+38	3.6403215e+38	3.7026644e+38	3.9713797e+38	6.476766e+38	2.8994094e+38
8000.0	400.0	1.28864833695e+42	6.6817183e+38	6.0362372e+38	5.7813947e+38	4.2610489e+38	3.4626494e+38	3.5442275e+38	3.7955027e+38	6.222195e+38	2.73262e+38
8000.0	600.0	1.2547732375699999e+42	6.5141863e+38	5.8756365e+38	5.6184099e+38	4.1612004e+38	3.4006053e+38	3.4714917e+38	3.7141624e+38	5.9974827e+38	2.6936146e+38
8000.0	800.0	1.22302606485e+42	6.363799e+38	5.7243025e+38	5.4729675e+38	4.0761301e+38	3.339254e+38	3.4021017e+38	3.6256127e+38	5.7930795e+38	2.6497442e+38
8000.0	1000.0	1.19338825966e+42	6.2296971e+38	5.6006368e+38	5.3489124e+38	3.9901467e+38	3.2669025e+38	3.3182287e+38	3.5264335e+38	5.6198361e+38	2.6019459e+38
8000.0	1500.0	1.11537852228e+42	5.8633419e+38	5.2565118e+38	4.9673432e+38	3.7187002e+38	3.0466863e+38	3.0932329e+38	3.2680923e+38	5.2318147e+38	2.4697747e+38
8000.0	2000.0	1.03397791638e+42	5.4355007e+38	4.869877e+38	4.6397773e+38	3.4478263e+38	2.8277307e+38	2.8656148e+38	3.0281929e+38	4.8291974e+38	2.3069682e+38
8000.0	2500.0	9.7792257878e+41	5.1628434e+38	4.6275228e+38	4.3943956e+38	3.2515028e+38	2.6629512e+38	2.7014536e+38	2.860253e+38	4.5722884e+38	2.1675756e+38
8000.0	3000.0	9.328442105099999e+41	4.9253681e+38	4.4220898e+38	4.1889111e+38	3.1030556e+38	2.5343343e+38	2.5804309e+38	2.7360747e+38	4.3594851e+38	2.061213e+38
8000.0	3500.0	8.8502917145e+41	4.6811148e+38	4.1985857e+38	3.9796995e+38	2.9374309e+38	2.3938738e+38	2.4473507e+38	2.5903082e+38	4.1394823e+38	1.957607e+38
8000.0	4000.0	8.432535822800001e+41	4.464481e+38	4.0015327e+38	3.8052976e+38	2.7950507e+38	2.2719448e+38	2.3226658e+38	2.4637564e+38	3.9541827e+38	1.8601725e+38
8000.0	5000.0	7.671542760899999e+41	4.0933624e+38	3.6492112e+38	3.469295e+38	2.5583587e+38	2.0913415e+38	2.1163139e+38	2.238943e+38	3.5503553e+38	1.7056701e+38
8000.0	5500.0	7.3156187255e+41	3.9449257e+38	3.4933013e+38	3.3163672e+38	2.4447083e+38	1.9862495e+38	2.0234361e+38	2.1317821e+38	3.3497567e+38	1.6430468e+38
8000.0	6000.0	6.9775328836e+41	3.7751535e+38	3.3454234e+38	3.1662463e+38	2.3238474e+38	1.8961661e+38	1.9310502e+38	2.0263325e+38	3.1778922e+38	1.581e+38
8000.0	7000.0	6.3468617357e+41	3.4544323e+38	3.046698e+38	2.8832562e+38	2.1075106e+38	1.7233756e+38	1.7505051e+38	1.8367582e+38	2.8836015e+38	1.4461009e+38
8000.0	8000.0	5.7866498351000006e+41	3.1390104e+38	2.790165e+38	2.6326696e+38	1.920676e+38	1.5667797e+38	1.5954728e+38	1.6771437e+38	2.6265955e+38	1.3192011e+38
8000.0	10000.0	4.8765879194000005e+41	2.6780401e+38	2.36056e+38	2.2186979e+38	1.6281443e+38	1.3354071e+38	1.3326912e+38	1.3907627e+38	2.1813004e+38	1.1396834e+38
10000.0	0.0	1.67722064041e+42	9.0841149e+38	7.907099e+38	7.3006575e+38	5.8392855e+38	5.0427355e+38	4.6214406e+38	4.6117584e+38	6.7740667e+38	4.899882e+38
10000.0	50.0	1.6229882235999997e+42	8.7800642e+38	7.6575298e+38	7.0871607e+38	5.6798666e+38	4.8960335e+38	4.4716777e+38	4.4655836e+38	6.5672717e+38	4.6882558e+38
10000.0	100.0	1.42146781892e+42	7.7598921e+38	6.7746297e+38	6.2838903e+38	4.9074928e+38	4.212535e+38	3.8851908e+38	3.9041012e+38	5.7982141e+38	4.044978e+38
10000.0	150.0	1.22954145157e+42	6.6048671e+38	5.7902907e+38	5.3801304e+38	4.2461841e+38	3.6183631e+38	3.4033662e+38	3.4456751e+38	5.1476279e+38	3.3848414e+38
10000.0	200.0	1.0962816155e+42	5.8403598e+38	5.1458852e+38	4.8128433e+38	3.7782159e+38	3.2043357e+38	3.0604536e+38	3.1194422e+38	4.6947404e+38	2.8771589e+38
10000.0	300.0	9.6402081536e+41	5.0928719e+38	4.5123225e+38	4.2430401e+38	3.3108349e+38	2.7938596e+38	2.7109895e+38	2.7825256e+38	4.2227167e+38	2.4122426e+38
10000.0	400.0	9.144686261200001e+41	4.8329161e+38	4.2806637e+38	4.0292005e+38	3.1402706e+38	2.6380011e+38	2.5694585e+38	2.64204e+38	4.0245905e+38	2.2676431e+38
10000.0	600.0	8.676150151499999e+41	4.6151936e+38	4.0826699e+38	3.8295898e+38	2.9719671e+38	2.5008373e+38	2.4152204e+38	2.4862652e+38	3.7985955e+38	2.1790123e+38
10000.0	800.0	8.3664602336e+41	4.4606141e+38	3.9474353e+38	3.6904849e+38	2.852508e+38	2.4076583e+38	2.3302105e+38	2.3860145e+38	3.6586495e+38	2.1133025e+38
10000.0	1000.0	8.1104402142e+41	4.3354275e+38	3.8237993e+38	3.5623255e+38	2.7765377e+38	2.3431243e+38	2.264637e+38	2.3243565e+38	3.5282002e+38	2.051202e+38
10000.0	1500.0	7.5108749054e+41	3.9808739e+38	3.5215552e+38	3.3091283e+38	2.5741037e+38	2.1663754e+38	2.0972989e+38	2.1589192e+38	3.2905354e+38	1.8918107e+38
10000.0	2000.0	7.0255037072e+41	3.7221338e+38	3.298535e+38	3.1004198e+38	2.3881596e+38	2.0061873e+38	1.9447203e+38	2.0093763e+38	3.117359e+38	1.7536667e+38
10000.0	2500.0	6.6450314332000005e+41	3.5206515e+38	3.1268688e+38	2.9437566e+38	2.2400033e+38	1.8745134e+38	1.8395325e+38	1.9072632e+38	2.9769753e+38	1.6325434e+38
10000.0	3000.0	6.4045751201e+41	3.3951007e+38	3.0101547e+38	2.8382584e+38	2.1593717e+38	1.7987675e+38	1.7785031e+38	1.8504613e+38	2.8824482e+38	1.5497599e+38
10000.0	3500.0	6.2002615541e+41	3.2801635e+38	2.9141579e+38	2.75848e+38	2.0858148e+38	1.7345353e+38	1.7233195e+38	1.7963229e+38	2.8080375e+38	1.4789932e+38
10000.0	4000.0	6.0260485208e+41	3.1882669e+38	2.8446938e+38	2.6833957e+38	2.0183137e+38	1.6701998e+38	1.6720455e+38	1.7510059e+38	2.7469926e+38	1.4170623e+38
10000.0	5000.0	5.6619676744e+41	3.000216e+38	2.6794891e+38	2.5341712e+38	1.8896579e+38	1.5607346e+38	1.5675504e+38	1.6460925e+38	2.5932644e+38	1.314273e+38
10000.0	5500.0	5.4806400386e+41	2.9235374e+38	2.611072e+38	2.4447922e+38	1.8327236e+38	1.5121588e+38	1.5122748e+38	1.588177e+38	2.4960969e+38	1.2757865e+38
10000.0	6000.0	5.2903123073e+41	2.8338234e+38	2.5164308e+38	2.3787586e+38	1.7721042e+38	1.4593943e+38	1.4642413e+38	1.5293783e+38	2.3966807e+38	1.2370255e+38
10000.0	7000.0	4.9645087741e+41	2.6712909e+38	2.3708205e+38	2.2361861e+38	1.6718076e+38	1.3677124e+38	1.3692056e+38	1.4311482e+38	2.236197e+38	1.1659176e+38
10000.0	8000.0	4.596343669499999e+41	2.4849144e+38	2.2007636e+38	2.0857585e+38	1.5462007e+38	1.2722297e+38	1.2692781e+38	1.3276878e+38	2.0567105e+38	1.0767327e+38
10000.0	10000.0	4.057861346749999e+41	2.1975232e+38	1.9382488e+38	1.8195874e+38	1.3604788e+38	1.1145274e+38	1.1248356e+38	1.1816935e+38	1.8291339e+38	9.4055725e+37
12000.0	0.0	8.908637791100001e+41	4.9304423e+38	4.2458021e+38	3.8764427e+38	3.1115984e+38	2.7134076e+38	2.4050892e+38	2.3667265e+38	3.4231606e+38	2.8128104e+38
12000.0	50.0	8.693918195e+41	4.8064557e+38	4.1413618e+38	3.7847473e+38	3.0433797e+38	2.6528298e+38	2.352137e+38	2.3133843e+38	3.3413039e+38	2.7349636e+38
12000.0	100.0	8.0166810051e+41	4.4218081e+38	3.8159973e+38	3.4946254e+38	2.8054416e+38	2.4405559e+38	2.174387e+38	2.1434026e+38	3.1049229e+38	2.4888154e+38
12000.0	150.0	7.2554862245e+41	3.9943691e+38	3.4543939e+38	3.1704551e+38	2.5358083e+38	2.1988643e+38	1.9707411e+38	1.9505399e+38	2.8405864e+38	2.2111415e+38
12000.0	200.0	6.6311632224e+41	3.6446997e+38	3.1591249e+38	2.9034174e+38	2.3132942e+38	2.0002401e+38	1.8038822e+38	1.7896346e+38	2.622729e+38	1.986727e+38
12000.0	300.0	5.8648194419e+41	3.2160142e+38	2.7915534e+38	2.5713998e+38	2.0400193e+38	1.7572348e+38	1.5980913e+38	1.5930253e+38	2.3496524e+38	1.7232017e+38
12000.0	400.0	5.4956043651e+41	3.0085189e+38	2.613769e+38	2.4101575e+38	1.9064458e+38	1.6412547e+38	1.5002669e+38	1.4991273e+38	2.2130746e+38	1.6035005e+38
12000.0	600.0	5.1205112908999996e+41	2.799248e+38	2.4324881e+38	2.2429817e+38	1.778989e+38	1.531237e+38	1.4009152e+38	1.3992797e+38	2.0622093e+38	1.4923688e+38
12000.0	800.0	4.9209498982000004e+41	2.6811613e+38	2.332044e+38	2.1543843e+38	1.7071142e+38	1.4666533e+38	1.3474603e+38	1.3500344e+38	1.9965083e+38	1.4235791e+38
12000.0	1000.0	4.8006823443999996e+41	2.6053926e+38	2.270225e+38	2.1008056e+38	1.6616113e+38	1.4259288e+38	1.3177762e+38	1.3231436e+38	1.964415e+38	1.374295e+38
12000.0	1500.0	4.5034223093e+41	2.4482307e+38	2.1418915e+38	1.983752e+38	1.5337885e+38	1.3109634e+38	1.2214129e+38	1.2335508e+38	1.8832626e+38	1.2652338e+38
12000.0	2000.0	4.2896579492000004e+41	2.3164463e+38	2.0307405e+38	1.8774408e+38	1.4706376e+38	1.2524017e+38	1.1788574e+38	1.1973877e+38	1.8024069e+38	1.1795715e+38
12000.0	2500.0	4.1354634839e+41	2.2014531e+38	1.937575e+38	1.8120722e+38	1.4105859e+38	1.1948518e+38	1.1417735e+38	1.1712897e+38	1.7882407e+38	1.0955011e+38
12000.0	3000.0	4.0984488251e+41	2.168122e+38	1.9146734e+38	1.79909e+38	1.3872804e+38	1.1680391e+38	1.1295434e+38	1.1714161e+38	1.8111605e+38	1.0531619e+38
12000.0	3500.0	4.057305056899999e+41	2.1517559e+38	1.9054892e+38	1.7881525e+38	1.3640949e+38	1.1430931e+38	1.1134511e+38	1.1538769e+38	1.8110084e+38	1.0268325e+38
12000.0	4000.0	4.0226642036e+41	2.1379962e+38	1.8977182e+38	1.7901889e+38	1.3468288e+38	1.1266678e+38	1.1035712e+38	1.1507095e+38	1.7975134e+38	1.004162e+38
12000.0	5000.0	3.9584683059000005e+41	2.0863354e+38	1.8534332e+38	1.7543727e+38	1.3310487e+38	1.106592e+38	1.0974215e+38	1.1487721e+38	1.7923605e+38	9.572384e+37
12000.0	5500.0	3.909132387599999e+41	2.0674737e+38	1.8274142e+38	1.7301624e+38	1.3135128e+38	1.0900127e+38	1.0823685e+38	1.1355888e+38	1.7791785e+38	9.344551e+37
12000.0	6000.0	3.8509246885e+41	2.0285413e+38	1.8046607e+38	1.7116606e+38	1.2962984e+38	1.0721998e+38	1.06093e+38	1.1165227e+38	1.757654e+38	9.1667036e+37
12000.0	7000.0	3.6729390638e+41	1.9648326e+38	1.7487186e+38	1.6474355e+38	1.2360591e+38	1.0260933e+38	1.0196054e+38	1.0593946e+38	1.6384064e+38	8.8331362e+37
12000.0	8000.0	3.4992139334e+41	1.8831694e+38	1.6704937e+38	1.5701341e+38	1.1868262e+38	9.8501954e+37	9.7036661e+37	1.0049923e+38	1.5439652e+38	8.4870192e+37
12000.0	10000.0	3.21091113915e+41	1.7342299e+38	1.5312497e+38	1.4453712e+38	1.0820234e+38	8.8834813e+37	8.8168011e+37	9.2751961e+37	1.4435209e+38	7.5439926e+37
15000.0	0.0	1.9122170484700003e+41	1.0873332e+38	9.2095218e+37	8.2759932e+37	6.6242396e+37	5.8364118e+37	4.9331751e+37	4.7942221e+37	6.905389e+37	6.7968945e+37
15000.0	50.0	1.8760775806199996e+41	1.0658169e+38	9.0314958e+37	8.1196962e+37	6.4922073e+37	5.7120102e+37	4.837649e+37	4.7075759e+37	6.7967242e+37	6.6582742e+37
15000.0	100.0	1.80221770598e+41	1.0219917e+38	8.6628547e+37	7.7960145e+37	6.2282037e+37	5.4740137e+37	4.6487963e+37	4.5338268e+37	6.5738063e+37	6.360102e+37
15000.0	150.0	1.7164619151800001e+41	9.7030898e+37	8.2370774e+37	7.4222411e+37	5.9167569e+37	5.1953434e+37	4.4335799e+37	4.3382738e+37	6.322533e+37	6.0032078e+37
15000.0	200.0	1.64213346455e+41	9.2340797e+37	7.8561798e+37	7.093502e+37	5.6424653e+37	4.9439438e+37	4.2498505e+37	4.1777767e+37	6.1403435e+37	5.6673765e+37
15000.0	300.0	1.53887335387e+41	8.5757078e+37	7.3262295e+37	6.6455614e+37	5.2670945e+37	4.5948229e+37	4.0010533e+37	3.964558e+37	5.8951248e+37	5.1770128e+37
15000.0	400.0	1.4833750964399999e+41	8.2299878e+37	7.0540948e+37	6.419861e+37	5.0481881e+37	4.4096773e+37	3.8670497e+37	3.8542393e+37	5.7784459e+37	4.880357e+37
15000.0	600.0	1.41403958223e+41	7.8372571e+37	6.7210896e+37	6.1286271e+37	4.8491378e+37	4.2108772e+37	3.7122821e+37	3.6995752e+37	5.5050636e+37	4.600263e+37
15000.0	800.0	1.38325917984e+41	7.6350219e+37	6.5650792e+37	6.0025195e+37	4.7285949e+37	4.0914098e+37	3.6497908e+37	3.6490655e+37	5.4695175e+37	4.4013752e+37
15000.0	1000.0	1.42739072657e+41	7.8197711e+37	6.7461942e+37	6.2008243e+37	4.8664019e+37	4.1898325e+37	3.7915226e+37	3.8162528e+37	5.7659959e+37	4.4020332e+37
15000.0	1500.0	1.5338694913899999e+41	8.3704752e+37	7.2605254e+37	6.690062e+37	5.2542613e+37	4.5112353e+37	4.1309576e+37	4.1605137e+37	6.2413943e+37	4.5731925e+37
15000.0	2000.0	1.67790745038e+41	9.1111005e+37	7.9394747e+37	7.3460715e+37	5.7760602e+37	4.9436724e+37	4.5807101e+37	4.6184539e+37	6.8892212e+37	4.8284385e+37
15000.0	2500.0	1.7349548132500002e+41	9.3879739e+37	8.2170661e+37	7.6361883e+37	5.9426384e+37	4.995949e+37	4.6765122e+37	4.7828067e+37	7.3010953e+37	4.8722135e+37
15000.0	3000.0	1.8150832577400002e+41	9.8210468e+37	8.5790578e+37	7.9502839e+37	6.0919164e+37	5.1451757e+37	4.9140065e+37	5.0604982e+37	7.8569763e+37	4.900995e+37
15000.0	3500.0	1.90051345842e+41	1.0024257e+38	8.8532098e+37	8.3158975e+37	6.3649698e+37	5.3394214e+37	5.2007841e+37	5.41817e+37	8.4897699e+37	4.9241081e+37
15000.0	4000.0	1.97631715363e+41	1.0309066e+38	9.1467417e+37	8.6374459e+37	6.5603621e+37	5.4770077e+37	5.4229216e+37	5.698301e+37	9.0588459e+37	4.9421233e+37
15000.0	5000.0	2.1185655210700002e+41	1.1057799e+38	9.8310288e+37	9.3090252e+37	7.078987e+37	5.8786601e+37	5.8463882e+37	6.1566516e+37	9.7229856e+37	5.1567846e+37
15000.0	5500.0	2.18133588535e+41	1.1457325e+38	1.0181729e+38	9.6258266e+37	7.2990423e+37	6.0737259e+37	6.0064096e+37	6.320812e+37	9.937194e+37	5.3179638e+37
15000.0	6000.0	2.21106022545e+41	1.170337e+38	1.0412173e+38	9.7941735e+37	7.3265986e+37	6.0822609e+37	6.0114411e+37	6.3405141e+37	1.0110173e+38	5.3991152e+37
15000.0	7000.0	2.2211851926e+41	1.1865499e+38	1.0411055e+38	9.8191005e+37	7.3803719e+37	6.1421852e+37	6.0694538e+37	6.3449205e+37	1.0124491e+38	5.4187684e+37
15000.0	8000.0	2.21694024665e+41	1.1863241e+38	1.050051e+38	9.9279241e+37	7.4270853e+37	6.1906423e+37	6.1304603e+37	6.3695182e+37	9.8814873e+37	5.4364481e+37
15000.0	10000.0	2.08085250493e+41	1.1238328e+38	9.8739517e+37	9.3135844e+37	7.0870444e+37	5.8722889e+37	5.6957223e+37	5.9183321e+37	9.169139e+37	5.1506496e+37
18000.0	0.0	2.7272234022e+40	1.4697488e+37	1.2817835e+37	1.1846535e+37	8.9761745e+36	7.6017298e+36	7.1650004e+36	7.4486424e+36	1.1919382e+37	7.7507144e+36
18000.0	50.0	2.7661556907000003e+40	1.4894277e+37	1.2995981e+37	1.2014127e+37	9.108268e+36	7.7091977e+36	7.2676375e+36	7.5582746e+36	1.2113926e+37	7.8347699e+36
18000.0	100.0	2.85598850225e+40	1.5241286e+37	1.3345709e+37	1.2377068e+37	9.3353001e+36	7.8787599e+36	7.5050895e+36	7.8673038e+36	1.2761078e+37	7.9230056e+36
18000.0	150.0	3.02119129805e+40	1.5970988e+37	1.4039664e+37	1.3081432e+37	9.8004928e+36	8.2239476e+36	7.9588795e+36	8.4157076e+36	1.3837927e+37	8.0975097e+36
18000.0	200.0	3.2456652108000004e+40	1.7003723e+37	1.5009114e+37	1.4044734e+37	1.0478133e+37	8.7508682e+36	8.5972804e+36	9.1497749e+36	1.5174915e+37	8.3943446e+36
18000.0	300.0	3.6494342602000003e+40	1.903693e+37	1.6954603e+37	1.5940162e+37	1.1872265e+37	9.8376833e+36	9.6595878e+36	1.0342763e+37	1.7220848e+37	9.0739641e+36
18000.0	400.0	3.86373082685e+40	1.9602922e+37	1.7513202e+37	1.6640794e+37	1.2399974e+37	1.0235257e+37	1.041016e+37	1.1262435e+37	1.8932401e+37	9.2168885e+36
18000.0	600.0	3.65051656545e+40	1.8788544e+37	1.6679394e+37	1.5777749e+37	1.1759881e+37	9.792418e+36	9.76022e+36	1.0415884e+37	1.7341657e+37	9.2962639e+36
18000.0	800.0	3.37331106665e+40	1.7143812e+37	1.5340754e+37	1.4246139e+37	1.0610416e+37	8.7574933e+36	8.9555109e+36	9.7516461e+36	1.6661908e+37	8.2956e+36
18000.0	1000.0	3.6130401543e+40	1.8237451e+37	1.6292951e+37	1.5617131e+37	1.1287831e+37	9.2946482e+36	9.5017592e+36	1.0337719e+37	1.8095922e+37	8.808955e+36
18000.0	1500.0	4.5401372228e+40	2.3869807e+37	2.094858e+37	1.9660454e+37	1.4966358e+37	1.2554321e+37	1.214459e+37	1.2746466e+37	2.0556295e+37	1.2216351e+37
18000.0	2000.0	5.599531364599999e+40	3.0280718e+37	2.6439116e+37	2.4503627e+37	1.8986193e+37	1.6145939e+37	1.5131607e+37	1.5454893e+37	2.3726955e+37	1.568504e+37
18000.0	2500.0	6.3354376519e+40	3.4986065e+37	3.0377811e+37	2.79462e+37	2.1974398e+37	1.8859957e+37	1.7256833e+37	1.7239124e+37	2.5315388e+37	1.8463625e+37
18000.0	3000.0	7.2206841559e+40	3.8902943e+37	3.4142543e+37	3.1768854e+37	2.4812403e+37	2.1060657e+37	1.9952135e+37	2.0301222e+37	3.0436e+37	1.9552893e+37
18000.0	3500.0	8.558723979300001e+40	4.5201967e+37	4.0047255e+37	3.7674264e+37	2.8897149e+37	2.4270147e+37	2.3674655e+37	2.4576636e+37	3.8061488e+37	2.1617385e+37
18000.0	4000.0	9.4972038732e+40	5.0777095e+37	4.4703983e+37	4.2204995e+37	3.1007581e+37	2.5757736e+37	2.5778555e+37	2.7113272e+37	4.3631993e+37	2.3237284e+37
18000.0	5000.0	1.10839659094e+41	5.6934686e+37	5.111609e+37	4.8894515e+37	3.5764242e+37	2.9292238e+37	3.0332228e+37	3.2683304e+37	5.3802131e+37	2.5148131e+37
18000.0	5500.0	1.1650203124900002e+41	5.991474e+37	5.3781506e+37	5.0868283e+37	3.7636618e+37	3.0806382e+37	3.1926561e+37	3.4392535e+37	5.655651e+37	2.6443281e+37
18000.0	6000.0	1.2202423044e+41	6.2767709e+37	5.6271701e+37	5.3782393e+37	3.9499881e+37	3.237686e+37	3.3398602e+37	3.581897e+37	5.9102013e+37	2.7786488e+37
18000.0	7000.0	1.29997008004e+41	6.7309068e+37	6.0198598e+37	5.7306682e+37	4.3002594e+37	3.5442559e+37	3.6137298e+37	3.8282914e+37	6.1201956e+37	3.0010015e+37
18000.0	8000.0	1.3567703618800001e+41	7.0999554e+37	6.3272898e+37	6.0102389e+37	4.5419578e+37	3.7674701e+37	3.7071939e+37	3.9388029e+37	6.2717862e+37	3.2112805e+37
18000.0	10000.0	1.3456839951300002e+41	7.1671226e+37	6.3482001e+37	5.9703576e+37	4.5665008e+37	3.8092025e+37	3.7384057e+37	3.85964e+37	5.9446822e+37	3.3540566e+37
24000.0	0.0	9.5023363284e+39	5.0006298e+36	4.4184988e+36	4.1298167e+36	3.0658056e+36	2.555935e+36	2.5198626e+36	2.6845441e+36	4.4584983e+36	2.4009137e+36
24000.0	50.0	1.02305203611e+40	5.330042e+36	4.7463374e+36	4.4661886e+36	3.2727008e+36	2.6977735e+36	2.7296858e+36	2.9428343e+36	4.9510346e+36	2.4134356e+36
24000.0	100.0	1.09717476988e+40	5.6205146e+36	5.0414756e+36	4.7772541e+36	3.4602531e+36	2.8290016e+36	2.930519e+36	3.2033615e+36	5.4910401e+36	2.4659955e+36
24000.0	150.0	1.20285022185e+40	6.116232e+36	5.4877395e+36	5.207652e+36	3.7727001e+36	3.0865118e+36	3.2001152e+36	3.5104585e+36	6.07672e+36	2.7182543e+36
24000.0	200.0	1.36621344932e+40	6.9817573e+36	6.2456405e+36	5.9100764e+36	4.3142369e+36	3.5456017e+36	3.6363119e+36	3.9663827e+36	6.8101267e+36	3.1576107e+36
24000.0	300.0	1.75274449806e+40	8.9504609e+36	8.0215215e+36	7.6138389e+36	5.5878423e+36	4.5798358e+36	4.7326998e+36	5.1452573e+36	8.6990766e+36	3.9570689e+36
24000.0	400.0	1.86231793955e+40	9.4820964e+36	8.4933306e+36	8.0744074e+36	5.9233881e+36	4.8544621e+36	5.0098643e+36	5.4476595e+36	9.1885458e+36	4.3585838e+36
24000.0	600.0	1.735875046e+40	9.1762258e+36	8.0876042e+36	7.5655096e+36	5.7421185e+36	4.8158846e+36	4.6827717e+36	4.9068243e+36	7.8829932e+36	4.4734488e+36
24000.0	800.0	1.7347766519299997e+40	9.0763725e+36	8.0795722e+36	7.3770705e+36	5.4087167e+36	4.432305e+36	4.6003838e+36	5.028582e+36	8.6289797e+36	3.9686805e+36
24000.0	1000.0	1.9671996413299998e+40	9.5367881e+36	8.6947451e+36	8.4441116e+36	6.1186356e+36	4.9153296e+36	5.3873262e+36	6.0280471e+36	1.0578377e+37	3.862073e+36
24000.0	1500.0	2.2067873477e+40	1.0077369e+37	9.4040465e+36	9.4035373e+36	6.6410947e+36	5.1529463e+36	6.1427591e+36	7.1193471e+36	1.2986209e+37	3.4581445e+36
24000.0	2000.0	1.58970960421e+40	7.3897806e+36	6.9033278e+36	6.9066227e+36	4.5912888e+36	3.5667262e+36	4.236283e+36	4.9140331e+36	9.4990011e+36	2.5630214e+36
24000.0	2500.0	1.53147144505e+40	7.7784821e+36	7.0387924e+36	6.7782104e+36	5.062773e+36	3.8994279e+36	4.2667602e+36	4.6246019e+36	7.5491621e+36	3.2758014e+36
24000.0	3000.0	5.3660347713999996e+39	3.1389421e+36	2.621411e+36	2.3234045e+36	1.8904609e+36	1.6874807e+36	1.3613935e+36	1.2841064e+36	1.7595759e+36	2.0832755e+36
24000.0	3500.0	8.182255691800001e+39	4.7566907e+36	3.990834e+36	3.5497852e+36	2.8867903e+36	2.5703426e+36	2.1010155e+36	1.9909945e+36	2.7407249e+36	3.0770744e+36
24000.0	4000.0	1.64012520432e+40	9.3577834e+36	7.9776219e+36	7.1998919e+36	5.7696971e+36	5.0501918e+36	4.3460077e+36	4.2134684e+36	5.9562107e+36	5.4585935e+36
24000.0	5000.0	3.4647591501e+40	1.8687547e+37	1.6447372e+37	1.5324714e+37	1.1935163e+37	1.0107249e+37	9.6473649e+36	9.8094386e+36	1.4695864e+37	9.0651892e+36
24000.0	5500.0	4.2737518034e+40	2.239528e+37	1.9979931e+37	1.890006e+37	1.4525452e+37	1.2023663e+37	1.2002026e+37	1.2573023e+37	1.9355926e+37	1.0079769e+37
24000.0	6000.0	4.9062770566e+40	2.5302543e+37	2.2852596e+37	2.1874136e+37	1.5898357e+37	1.3053562e+37	1.353871e+37	1.4394545e+37	2.3889608e+37	1.0630225e+37
24000.0	7000.0	5.558840245200001e+40	2.7310247e+37	2.4997236e+37	2.438958e+37	1.7501946e+37	1.3944298e+37	1.5506724e+37	1.7217202e+37	2.9453194e+37	1.0381735e+37
24000.0	8000.0	5.9504296085e+40	2.9598111e+37	2.7094929e+37	2.6453299e+37	1.848752e+37	1.4676822e+37	1.6334449e+37	1.817224e+37	3.1492262e+37	1.1263682e+37
24000.0	10000.0	6.209532478100001e+40	3.2430593e+37	2.8520431e+37	2.7267128e+37	2.0235182e+37	1.6565482e+37	1.7153173e+37	1.8394813e+37	2.9961757e+37	1.3809173e+37