15 15
 3 41  2 51  1 63  7 53  5 14 13 39  8 11  6 19 11  2 10 91  9 34 14 47 12 44  4 30  0 96
 8 57 14 72  2 99  0 99 13 28 10 38 11 74  9  9  5  6 12 45  6 72  1 65  3 71  4 33  7 92
 1 18  3 50 11 65  4 11  7 38 12 41 10 13  9 98  8  9 14 94 13 83  2 70  0 55  6 37  5 50
 2 33  7 15  1 39 14 77  8 16 10 12  9 50  4 96  5 52 12 99 13 31  3 13  6 81  0 57 11 54
 5 27  8 97 10 62 11  9  9 49  7 75 12 22  4 79  1 65  0 91 14 15  2 25  6 30 13  5  3 85
 6 65  0 99  5 22  3 82  2 36 13 29 12 87  7 21  4 93  9 67  1 70  8 65 11 20 10  6 14 98
 1 10  7  3  4 55  0 93  6 76  8  6  5 91 13 86 12 89  3 70  2 66 11  1  9 70 14 50 10 20
 3 53  8 97  6 25 11 20  5  2 10 14 12 51 13 46  7 66  9 10  2 48 14 39  0 22  4 63  1 47
 0 76  8 74  5 88 14 77 10 39  1 48 12 12 13 60  3  6  4 34  9 52 11 92  2 91  6 40  7 88
10 61 12 85  7 99 14  8  0 17  3 94  4 18  8 24  5 71  1 71  9 94 13 17 11 82  2 50  6 75
 5 15  2 51  9 57 10 14 14 25  8 10  4 54 13 98  6 26  0 73  7 67  3 75  1 48 11 45 12 22
13 27 14 42 12 40  9 48  7 67  1 48  5  8  6 52 11 54  8 69  3 37  4 14  2 41  0 20 10 15
13 98  3 44  6  8  0 95 14  9 10 51 11 25  7 22  1 72  8 32  4 50  5 91  9 73  2  8 12  4
14 17  7 86 13 94 12 37  8 37  3 35  6 42  4 84 10 95  0 23  9 49  2 33  1 32 11 94  5  3
11 76  4 43  2  9 14  4  1 86  6 17  9 79  7  6  5 79  0 92  3 46 12 92  8 19 10 12 13 54