15 15
 3 27 13 46 14 10  6 55  4 68  7 75  0 21  8 22 12 34  5  4  1 43 11 36 10 97  9  9  2 31
 1 70 14 30  0 71 13  1 12 93  8 49  9 37  6  6  2  2 11  2  3 61  7 36  4 77  5 29 10 98
 7 80  6 77 10 72 11 73  8 36 12 82  5 59  2 53  3 44  4 69  1 90 13  1 14 81  9 48  0 72
 5 12  8 11  9 63 14 54  7 62  3 37  6 88  4 82 10 20 13 78  2 62  1 67 12 59  0 87 11 66
 5 80 14 80  2 52  7 56  0 85 10 24  1 31  9 59  4 53  8 13 12 50 11 30  3 46  6 81 13 28
 6 97  3 38 13 84 12 81  4 31  9 31 10 76  2 47  1 28  5 35 11 78 14 44  8 52  0 19  7 95
13 29 14 71  9 90  6 69  5 51  1 27 11 61  2 70 10 10 12 49  8 99  7 11  4 10  0 12  3 68
11 10  6 21  4 20 14 21 13 48  1 69  3 81 12 89  9 78 10 77  5  4  2 57  0  3  7 23  8 23
 1 45 10 27  6 49  9 41 13 82  4 45 11 24  5 43  7 95 12  2  3 71  8  6  2 70 14 52  0 21
13 46  8 70  3 52  6 74  4 40 14  6 10 53  9 25  7 70 12 94  2 41 11 29  0 14  1 53  5 24
 1 31 13  1 10 20  6 45  2 36  9 46  7 91  3 81  4 84  8  6 12 73  0 41  5 82 14  7 11 26
14 64  5 79  0 52  1 98 12 40 10  9 13 16  2 87  3 40  9 82  7 36 11 39  8 56  4  2  6 57
 2 62  6 84 13 44 14 41 10 93 12 52  8 50  4  9  0 18  5 80  3 30 11 53  7 48  9 96  1 41
11 57 13 18 12 88  5 71  8 43  9  8  7 25  0 80 10 38  1  8  2 94  4 26  6 17 14 38  3 43
 2 57  1 80  5 64  7 17  6 27 13 80  3 85 10 30 12 90 14 79  4 51  0 57  9 72  8  9 11 46