15 15
13 74  0 98 10 51 12 89 14 69 11  8  5 48  8 72  1 61  7 36  4 82  2  9  6 40  9 87  3 45
13 84  2 63 11  8  9 93  3 82  8 81  4 43 12 60  7 46  1 68 14 85  0 75  6 92  5 65 10 43
 8 21  9 49  0  4 10 44  2 73 14 54 11 40  1 24  3 11 12 36  7 63  5 75 13 44  6 98  4 54
 4 22  9 47  7  8 13 54  2 25  0 27  5 36  3 63  6 67  1 97 12 74  8 47 10 21 14  7 11 79
10  4  4 37  0 18  2  2  6  8  7 64 11 84  3 73  9 47 12 42 13 44  8 16  1  2 14 96  5 60
 5 19 10 37 13 26  4 33  6 98 11 78 14 70  9 88  1 41 12 60  0 10  3 76  7 84  2 90  8 40
 2 91  0 14  6 88  4  8 12 91  9 46  1 67  3 31 11 36 10 45 13 16  5 29  8 39 14 54  7  2
12 21 14 62  0 71  4 41  2 69  6 77  3 98  8 11  7 70  5 84  9 71 10 23 13 16 11 59  1 92
14 26  2 68  3 74 11 14  4 88  6 65 12 92  7 96 13 90 10 43  0 69  8 12  5 79  9 20  1 19
13 93 10 40  1 12  8 83  3 26  6 28  7 63  2 71  0 87  5 70  4 67 14  7 12 92 11 65  9  4
 2 14 13 85  1 28 10 46 12 92  7 66 11 82  5 17  4  5 14 34  6 84  9 34  3 40  0 32  8 89
 5 20 11 44  3  9  7 78  6 53  2 80 14 78  4 69  9 68 13 29  8 30  1 94  0 27 10 35 12 19
13 94 14 55 12 83  1 75  2 64  7  2  4  4 10 15  9 18  6 70  0 77  8 47  3  2 11 67  5 93
10 95  4 83  5 91  9 30 14 85  2 60  0 54  3 47  6 80  1 95 12  6  7 85 13 70  8 39 11 24
 4 82  0 26 13 34  2 35 12 13  9 58 14 98  7  6  3 39  8 48  6 58 11 31  5 15 10 75  1 84