15 15
 7 53 12 30  4 15  8 96 14 41  5 93  3 25  0  1  1 71 10 48  2 16  9 20 11 52 13 88  6 77
 7 23  0 25 13 43 12 94  9 59  6 29  1 37  2 97  5 61 11 46  8 58  4 63 14 56  3 12 10 10
 2 18  0 13 11 65 13 60  5 21  8 11  3 40 12 52 14 80  6 78  7 91  4 72  9 31 10 75  1 64
12 15  1 39 14 15  0 22 11 75  3 48  4 89 10 96  5 34  2 55  8  6  7 92  9 18 13 84  6 24
 1 15  9  1  8 39  5 66 11 43  0 33  2  5 12 17 13 46 10 65  6  2  4  8 14 83  3 83  7 21
11 73  1 82 13 18  7 98 14 75  3 10  5 87 12 54  4 56  8 98  0 72  9 31  6 67  2 53 10 64
 3 51 12 62 11 73  2 49  0 92 10 85 13 40  5 80  9 88  4 88  7 73  8 51  6 12 14 76  1 38
 4 47  9 97 11 92  3 26  8 90 13 99  5 50 10 76  1 54  2 17  6 46  7 34 14 23 12 43  0 42
 8 88 10 25 13 93 14 87  5  4  0  8  9 40  6 13  2 27 11 95  3 17  1 24 12 36  4 70  7 46
 4 14  2 29  5 66 11 94  3 86  8 57 10 29  0  8 12  5 13 58  1 52 14 85  6 35  9 41  7  5
12 82  9  8  6 11 11 37 14 11  7  9  0 35  8 76  4 23 10 11  1 80  5 20 13 69  3  6  2 58
14  9 10 73  8 72  3 10  0 93  7 11 11 33  2 42  9 58 12 93 13 77  5 60  4 20  6 86  1 51
 8 89  1 25  6 45  5  5 13 74  9 22 12 63  4 15 10 63 11 29  0 65  3 41  2 85  7 16 14 56
 8 39  2 81  9 95 10 63  4 48  1 60 12 78 13 35  6 99  7 47  0 87  5 58  3 52 14 31 11 62
 2 54  5 11 10 59 12 37  7 10  4 13 11 87  0 39  8 92  9 35  3  3  6 86 13 47 14 94  1 50