15 15
 3 69  5 52  9 63  0 80  6 37 11 41 13 73  7 84  8 65 10 87 12 91  1  4 14 33  4 54  2 66
 5 63  4 91 11 72  7 92  0 30  3 49  8 28 12 39  6  2 10 61  9 34  2 99 14 74  1 87 13 29
 0 29  1 32 13 11  4 42  2 21  8 93  7 25  3 37 10 40  9 17 12 61 11 43 14  4  6 54  5 66
12 84  0 81  8 42 10 45  2 67  7  6  9 61  4 18  6 85 11 78  5 45  1 95 14 43  3 36 13 22
10 74  0 22 13  6 12 73 14 55  1 28 11 13  6 95  4 63  9 12  8 42  5 99  7 88  3 45  2 19
 3 81 12 15 10 73  2 27  1 89 13 75 14 83  9 48  7 72  8 50  6 34  4 32 11 56  0 90  5 29
 1 30  0 32  7 29 10 18  4 31  3 86  5 87 14 30  6 23 13  2  2 51 11 16  9 55 12 37  8  1
 1 50  7 49  5  2 13 54  2 79  0 63 14 79  9 64  8 48 10 58  3 74  4 36 11 52  6 56 12  7
 1 44 14 99  2 56  0 52  5 35 11 56  4 41 10 51 13 18  7 93  6 95  8 86  9 68 12 61  3 62
 0 31 13 90 14 99  3 15  4 54 10 45  6 46  7 79 11 49 12 99  2 48  1 59  8  8  5 42  9 59
10 40 14 51  9 87  2  3  4  2  7 80  1 35 13 46 11 79  6  3  8 40 12 91  0 76  5 14  3 10
 5 81  4 41 14 11 11 25 13 42  7 76  6 97  0 81  9 70  2 18  3 68 10 64  1 17  8 54 12 84
10 57  6 98 11 38  7 93  2 52  4 54  8 71  0 61 12 20  5 87  3 30 13 28  9 76 14  2  1 44
10 58  5 26 11 42  7 50  0  9 14 33  6 68 13 23 12 95  4 51  2 15  8 88  9 58  3 27  1 79
 2 61 13 88  4 51  7 78  5 92  8 74  3 38 14 64  0 96  9 83  6 58  1 62 12  5 10 15 11 43