15 15
 8 10  2 48  6 25 13  4 14 77  9 10  4 60  5 41  0  6  3 99  7 56 10 21  1 91 11 44 12 55
14 55  7 24  3 89 11 91  9 91  5 55  6 74 10 90  8 68  4 55  1 65 12 67  0 76  2 42 13 50
 6 97 13 52 11 95  1 88  0 80  2 63  5 90 12 11  4  7  7 47  9 74 10 60  3 48  8  7 14 48
 1  6  6 93  0 72  4 52 11 31 14 33  5 20  3 20 10 13  8 52  9 23 13 54  7 67 12 22  2 73
14 67  2 43  7 36  8 30  1 92  9 28  4 60 12 84 10 33 13 80  3 73  5 88  6 97  0 84 11 13
12 31  0 42  8 91  6 52 14 32  9  4 13 87 11 80  7 28  5 27  2 89 10  6  4 55  3 75  1 60
 9 94  7  9  4 77  3 49 14 40  1 79 13 12  2 10  0 82 12 62 10 40  6 35  5 40  8 75 11 19
 5 52  8 18  9 34  3 20 12 42  6 21  2 71  0 25 13 76  4 46  1 83  7 71 11 87 14 48 10 95
 0 77  2 34  3 35  1 39  7 60 14 58  8 49 11 52 13  9 10 91  6  4  9 44 12 49  4 48  5 52
 0 69  3 90 10 36  4 33  8 13  5 15 12 98  7 15  1 22 11 18  2  7  9 65 14 80  6 45 13 97
 0 30 11 68  9 96  5 30  2 24  4 66  8 85  1 42  3 12 13 29 12 69  6 69 10 22 14 37  7  8
14 20  8 64  7 49  1 54  9 12  4 29 13 67 10 80  5 75 11 12  0 76  2  1  6 40  3 94 12  8
 0 79  8 57  4 10 13 40  5  5  2 20 14 13 11 65  3 45 12 76  7 50 10 73  6 57  9 43  1 46
10 84  0 74  9  7  5 82  7 85  2 79 12 28  4 12 14 59  8  8  3 23 11 22  1 26 13 17  6 14
 6 23  5 75  7 26  1 30 12 95 14 85 13 97 10 54 11 87  3 29  4 84  0 91  2 32  9 57  8 96