15 15
 7 51 12 82 11 56 14 99  6 95  2 42  1 13  9 81  3  4 13 84  5  9 10  9  0 10  4 53  8 55
 7  9  2 13  5 30  9  8  4 67 10 39 11 44 12 64  1  9  3 66  0 10  6 68 14 64 13 57  8 53
13 12  1 32  8 65  2 77  7 23  4 75 11 71 14  6  3 61  9 20 12 31 10 20  0 57  5 37  6 18
12 32 14 45  1 17  2 32  6 15  0 90  7 17  9 70  5 38 13  3  8 23 11 94  3  4 10 57  4 93
 1 16  3 27  9  4  6 11  7 17 10 85  2 14  4 29 14 82 11 78  8 49  5 17  0 55 12 70 13 46
 9 28 13 27  7 16  1 53  0 88  6 16 14 31  2 92  5 41  8 54  4 60 11 70  3 62 10 12 12 16
 3 16  8 17 11 31 12 16 14 52  5 52  1 94  0 29 10 46  6  7  7 94  2 34  9 28 13 37  4 42
 1 33  6 15 10  6 13 81 11 57  8 95  2 83  3 45  9 92  5  2  4 84  7 79 14 99 12 34  0 57
 5 54  3  3 14 43  8  5  1 23  9 69  6 39  0 45 13 41 10 27  7 55  2 17 12 16 11 21  4 58
 2 68  9 73  6 47  5  6  4 92 14 34 13 57 12  7  8 91  0 81 10 12  7 59  1  8 11 12  3 33
 8 34 12 50  5 69  0 11 14  2  1 29 10 53  4 14  3 86 11 28  7 27 13 90  9  4  6 54  2 12
 5 37  1 71 14 18  0 70 13 72  6 29  9 59  3 69 10 53 11 47  2 87  7  5  8 55 12 54  4 57
 9 62  4 62  7 69  6 60  5 91  3 81 12 64 14 50  0  3 13 51  2 72  1 41 11 17 10 86  8  7
 4 22 12 21  2 53  3 20  9 54 14 12 10 32  1 10  6 53 13  8  8 98  5 61 11 30  7  8  0 16
 3 70  5 27  0 53  2 62 12 47 11 68 14 36  4 69  1  3  6 37  9 36 10 99  7 71  8 40 13 62