20 15
 5 19 10 37 13 26  4 33  6 98 11 78 14 70  9 88  1 41 12 60  0 10  3 76  7 84  2 90  8 40
 2 91  0 14  6 88  4  8 12 91  9 46  1 67  3 31 11 36 10 45 13 16  5 29  8 39 14 54  7  2
12 21 14 62  0 71  4 41  2 69  6 77  3 98  8 11  7 70  5 84  9 71 10 23 13 16 11 59  1 92
14 26  2 68  3 74 11 14  4 88  6 65 12 92  7 96 13 90 10 43  0 69  8 12  5 79  9 20  1 19
13 93 10 40  1 12  8 83  3 26  6 28  7 63  2 71  0 87  5 70  4 67 14  7 12 92 11 65  9  4
 2 14 13 85  1 28 10 46 12 92  7 66 11 82  5 17  4  5 14 34  6 84  9 34  3 40  0 32  8 89
 5 20 11 44  3  9  7 78  6 53  2 80 14 78  4 69  9 68 13 29  8 30  1 94  0 27 10 35 12 19
13 94 14 55 12 83  1 75  2 64  7  2  4  4 10 15  9 18  6 70  0 77  8 47  3  2 11 67  5 93
10 95  4 83  5 91  9 30 14 85  2 60  0 54  3 47  6 80  1 95 12  6  7 85 13 70  8 39 11 24
 4 82  0 26 13 34  2 35 12 13  9 58 14 98  7  6  3 39  8 48  6 58 11 31  5 15 10 75  1 84
 9 63  0  3 13 28  7 62  4 23  6  3  1 88  3 34 12 17  2 82  5 88 10 84 11 42  8 54 14  2
 3 10  1 41  9 39  4 89 11 42 13  5  0 43 14  1  7 35 10  5  6 72  2 87  5 78  8 65 12 92
11 21  2 34  6 84  5 53  1 12 10 18 13 51  3 90 12 38  7 84  9 39  8 80  0 29 14 91  4 73
 7 64 12 56 10 79 13 46  3 10  8 25  1 51  9 62  6 55  2 90  0 59  4 75 11  8 14 95  5 78
 0 54  8 92  6 11  3 59  7 74 13 25 10 77  9 46  4 34  5 44  2 82 12 15 11 20 14 60  1 37
 1 63 12 66  4 82 10 22 14  6  5 43  3 14  6 84  7 85 13 89  9 96 11 88  0 43  8 26  2 95
11  5  4 29  6 38  9 11  2 88 14 80  0 35  7 82  8 32  5 96  3  4 12 44  1  8 13 10 10 94
10 47 13 62 11 62  2 69  4 10 12 39  7 19  3 60 14 40  9 83  8 43  5 76  0 19  1 25  6 39
10 74 14 94 12 83  1 85  0 26  9 21  5 19  4 57  7 71  8 96 13 31  6 75 11 85  2 49  3 71
 3 36 11  6  6 84  4 73 14  3 10 26 12 66  9 82  7  3  0 42  8 84 13 43  2 23  1 79  5  9