20 15
 4  3  7 51  2 89 12 36  6 15  5 45  8 26 13 21 14 24 11  8  9 81  3 69  0 95  1 62 10 73
 8 91 13  3  7 65  3 66  1 13  0 40  6 45 14 39 10 98  4 33  5 77 11 52 12 37  9 55  2 80
 6 55 13 44 10 97  8 71  5 85  9 80  3  6  7 61 12 84  0 42  1 91  4 38 14 88  2 51 11 38
12 31 10 54 14 30  4 10  2  4  5  9  8 71  7 78  3 18  0 33 11 82  6 34  1 58 13 46  9 68
 0 77  8 91  3 27  6  5  9 20 12 13  4 95 14 18 13 80  5 48  7 42 11 12  1 84  2 99 10 56
 2 70  1 37  0 17  4 37 13 32 12 36 11 29 10 80  5 27  9 42  3 61  6 80  8 62 14  6  7 50
 1  1  9 96  7 15  5 42  8 17 11 50  3 97  2 36  0 47  4 69 14 67  6 14 13 73 12 82 10 60
13 92  3 47  7 11  2 70 14 31  8 34  9 20  1 49 12 30  4 37 11 49 10 60  5 70  0 10  6 14
 6 82 11 25  8 16  1 95  9 79  3 96 13 87  5  9 12 76 14 16  4 40  7  5  2 93 10 32  0 43
13 43  9  1  0 87  4 11 10 84  3 35 12 14  7 52  2 59  8 21 14 64 11  4  5 74  6 89  1 99
 8 68  0 12  7 25 12 13  5 77  6 50 11 80  4 62  1 77 10 22 14 67  9 21  2 37 13 86  3 68
12 84  3 56 14 90 11 17  0 30  5 69 10 29  1 50  7 77  2 74  9 22  8  3  6 79 13 12  4 63
10 10 11 86 12 18  4 20  1 77  2 36 13 59  5 73  8 31 14 13  0 96  7 40  3 75  9 61  6 86
10 78  1  2  3 44  7 84 14 86  9 81 13 79  8 25 12 44  2 63  4 19  5  6  0 28  6 71 11 94
 8 24  3 27  4 83  6 83 11 80  2 30 14 12 10 21  0 94 13 39  1 51  5 80  9 71 12 70  7 34
14 30  5 61 10  7  1 31  8 43  0 30 11 83 13 81 12 30  7 46  4 37  9 98  2 91  3 12  6 72
 9 58  6  9 14 91  2 88 11 84 13 17  3 99  0 95 10 79  8 91  5 79  7 47 12 98  4 33  1 65
 7 30  1 57  5 99  4 55  3 30  8 98  6 74 11 61  9  5 12 49 14 24 13 73  2 25 10 79  0 99
14  6  0 91 10 29 12 45  1 78  7 60  9 69  3  4  6 11  4 14  2  8 13 62  5  3  8  9 11 92
 4 68  5 33  8 78  9 16 10 75 12 96  0 61  7 52  2 63 13 24 14 51  6  7  1 36  3 14 11 73