20 15
 5 15  2 51  9 57 10 14 14 25  8 10  4 54 13 98  6 26  0 73  7 67  3 75  1 48 11 45 12 22
13 27 14 42 12 40  9 48  7 67  1 48  5  8  6 52 11 54  8 69  3 37  4 14  2 41  0 20 10 15
13 98  3 44  6  8  0 95 14  9 10 51 11 25  7 22  1 72  8 32  4 50  5 91  9 73  2  8 12  4
14 17  7 86 13 94 12 37  8 37  3 35  6 42  4 84 10 95  0 23  9 49  2 33  1 32 11 94  5  3
11 76  4 43  2  9 14  4  1 86  6 17  9 79  7  6  5 79  0 92  3 46 12 92  8 19 10 12 13 54
 1 61  0 18 12 81  4 18 14  1 13 79  2 36  5 11  3 58  6  9 11 78  7 90 10 14  9 37  8 69
 5 36 11 91  2 89  8 63  9 35 10 63  0 22 12 62 13 50 14 32  3 83  6 51  7 92  4 32  1 82
 4 22  3 51 13 77 11 90  7 28  8 24 10 38  2 28  9 95 12 99  6 15  5 69  0 52 14 76  1 89
12 33  5 81  7 98 11 76  9 11  8 75  6 58  4 26 14 69  3 95 13 79 10 66  1 10  2 37  0  7
12 75  6 17  3 24  4 29 10  3  5 54  2 14  9 22  0 40  7 41  1 31 13 48 11 43  8 67 14 27
13 74 10 24  2  2  9 45 11 64 12 11 14 90  6 45  0 54  3 47  5 35  7 88  4 12  8 24  1 54
 3 41  2 45 14 59  4 69 10 77 13 18  8 22  9 68  1 29  7 78  0 63  5 57 12 31 11 79  6 13
 5 21 14 36  2 85  9 69 11 33 10 90 13 66  0 53  4 95  8 91  1 54  6 12  7 31 12 51  3 43
 2 99  6 30 14 84  9 30 10 61 11 15 12 75  7 74  5 54  0 71 13 98  8 25  4 74  1 88  3 20
11 93  0 97  3 77 12 89 13 92  1 70  8 29  9 27 10 64  5 98 14 37  4 49  7 45  6 80  2 30
14 89  4 22 13 52 10 23 12 77  5 27  9 60  2 41  3 59  8 66  7 39  0  1  1 57 11 23  6  5
14 72 12  8  5 33  9 92  2 24  1 35 13 96 10 54  6 23  3 72  8 35  0  3  7 45 11  8  4 93
 7 19  1 64 10 32 13 54  9 96  0 60  5 29  2 85  4 61  3 58  8 63 12 46 14 59  6 18 11 96
 5 35  3  1  1  8 12 53  2 40  8 99  4 71 14 29  6 49 13 88  9 10  7 36  0 39 10 44 11 68
 7 98  9 27 14 74  0 17  3 50  1 11  5 59  6 65 12 27  8 68 10 65  4 14 13 14 11 30  2 89