20 15
12 31  0 42  8 91  6 52 14 32  9  4 13 87 11 80  7 28  5 27  2 89 10  6  4 55  3 75  1 60
 9 94  7  9  4 77  3 49 14 40  1 79 13 12  2 10  0 82 12 62 10 40  6 35  5 40  8 75 11 19
 5 52  8 18  9 34  3 20 12 42  6 21  2 71  0 25 13 76  4 46  1 83  7 71 11 87 14 48 10 95
 0 77  2 34  3 35  1 39  7 60 14 58  8 49 11 52 13  9 10 91  6  4  9 44 12 49  4 48  5 52
 0 69  3 90 10 36  4 33  8 13  5 15 12 98  7 15  1 22 11 18  2  7  9 65 14 80  6 45 13 97
 0 30 11 68  9 96  5 30  2 24  4 66  8 85  1 42  3 12 13 29 12 69  6 69 10 22 14 37  7  8
14 20  8 64  7 49  1 54  9 12  4 29 13 67 10 80  5 75 11 12  0 76  2  1  6 40  3 94 12  8
 0 79  8 57  4 10 13 40  5  5  2 20 14 13 11 65  3 45 12 76  7 50 10 73  6 57  9 43  1 46
10 84  0 74  9  7  5 82  7 85  2 79 12 28  4 12 14 59  8  8  3 23 11 22  1 26 13 17  6 14
 6 23  5 75  7 26  1 30 12 95 14 85 13 97 10 54 11 87  3 29  4 84  0 91  2 32  9 57  8 96
 3 69  5 52  9 63  0 80  6 37 11 41 13 73  7 84  8 65 10 87 12 91  1  4 14 33  4 54  2 66
 5 63  4 91 11 72  7 92  0 30  3 49  8 28 12 39  6  2 10 61  9 34  2 99 14 74  1 87 13 29
 0 29  1 32 13 11  4 42  2 21  8 93  7 25  3 37 10 40  9 17 12 61 11 43 14  4  6 54  5 66
12 84  0 81  8 42 10 45  2 67  7  6  9 61  4 18  6 85 11 78  5 45  1 95 14 43  3 36 13 22
10 74  0 22 13  6 12 73 14 55  1 28 11 13  6 95  4 63  9 12  8 42  5 99  7 88  3 45  2 19
 3 81 12 15 10 73  2 27  1 89 13 75 14 83  9 48  7 72  8 50  6 34  4 32 11 56  0 90  5 29
 1 30  0 32  7 29 10 18  4 31  3 86  5 87 14 30  6 23 13  2  2 51 11 16  9 55 12 37  8  1
 1 50  7 49  5  2 13 54  2 79  0 63 14 79  9 64  8 48 10 58  3 74  4 36 11 52  6 56 12  7
 1 44 14 99  2 56  0 52  5 35 11 56  4 41 10 51 13 18  7 93  6 95  8 86  9 68 12 61  3 62
 0 31 13 90 14 99  3 15  4 54 10 45  6 46  7 79 11 49 12 99  2 48  1 59  8  8  5 42  9 59