20 15
 3 59  6 22  2 45 11  4  8 69 14 27  0  9 10 25  9 48 12 71  1 12  7 59  4 18 13 40  5 32
 1 80  5 99  2 61  7 20  3 39 12 38 13 96  4 92  8 86  0 73 10 67 11 32  6 15 14 77  9 45
 5 63  6 46 14 56 10 70  4 85  0 34 11 81 12 54  9 30  7 62  8 41  2 56  1 96  3  5 13 76
 8 48  6 98 14 50 11 74 12 48 10 83  2 64  4 26  1 18  3 93 13 62  7 56  0 73  9 22  5 51
10 23  2 17 13 50 12 73  0  1  7 85  8 61  9 19  6 58  3 78  5 74  1 99 11 24  4 54 14 29
11 44  8 69  3 74  4 80 13 61  6 37  5 17 10 75 14 32  0 14 12 85  7 41  1 96  9 26  2 12
 5 38 10 13  4  8  3 50  1 11  9 54 11 52  6 82  2 25 12 28  8 96  0 16 14 35 13 36  7 27
13  2 14 20  7 57  5  4  1 49 12 93  9 22  4 96  6 78 11 51  0 95  3 66  2 31 10 99  8 98
 4 61 12 98  8 42  7 15  2 90  9 51  0 10 11 16  6 93 13 15 10 26  3 26 14 39  5  1  1  7
 2 76  1 89  5 63 12 46  3 72  8 20 13 10 10 47 14 49  6 34  7 84  4 61  9 66 11 71  0 13
 4 61 10 60  7 63  6 34  3 27 14 67  0 69  2 58 12 16  9 97  8 36  5 74 13 92  1  5 11 95
13 38 10 46  0 90  7 59  4 77  8 37 12 57  2 82  9 17  3 26  1 99 14 60 11 30  6 54  5 54
 8 63 14 90  0 20 13 30 11 44  2 37 10 11  7 97  4 50  1 11 12 86  3 19  9 43  6 75  5  2
10 48  0 92  1 63  3 85  4 11  7 69 14 25  5 62  8 58 12 37  9 32  6 76 11  1 13 53  2 94
 1 35  4 92 11 88  2 38 14 23  8 37  5 39  6 21  0 77  7 61  9 97 10 88 12 87 13 33  3 53
 7 51 12 82 11 56 14 99  6 95  2 42  1 13  9 81  3  4 13 84  5  9 10  9  0 10  4 53  8 55
 7  9  2 13  5 30  9  8  4 67 10 39 11 44 12 64  1  9  3 66  0 10  6 68 14 64 13 57  8 53
13 12  1 32  8 65  2 77  7 23  4 75 11 71 14  6  3 61  9 20 12 31 10 20  0 57  5 37  6 18
12 32 14 45  1 17  2 32  6 15  0 90  7 17  9 70  5 38 13  3  8 23 11 94  3  4 10 57  4 93
 1 16  3 27  9  4  6 11  7 17 10 85  2 14  4 29 14 82 11 78  8 49  5 17  0 55 12 70 13 46