20 15
 9 28 13 27  7 16  1 53  0 88  6 16 14 31  2 92  5 41  8 54  4 60 11 70  3 62 10 12 12 16
 3 16  8 17 11 31 12 16 14 52  5 52  1 94  0 29 10 46  6  7  7 94  2 34  9 28 13 37  4 42
 1 33  6 15 10  6 13 81 11 57  8 95  2 83  3 45  9 92  5  2  4 84  7 79 14 99 12 34  0 57
 5 54  3  3 14 43  8  5  1 23  9 69  6 39  0 45 13 41 10 27  7 55  2 17 12 16 11 21  4 58
 2 68  9 73  6 47  5  6  4 92 14 34 13 57 12  7  8 91  0 81 10 12  7 59  1  8 11 12  3 33
 8 34 12 50  5 69  0 11 14  2  1 29 10 53  4 14  3 86 11 28  7 27 13 90  9  4  6 54  2 12
 5 37  1 71 14 18  0 70 13 72  6 29  9 59  3 69 10 53 11 47  2 87  7  5  8 55 12 54  4 57
 9 62  4 62  7 69  6 60  5 91  3 81 12 64 14 50  0  3 13 51  2 72  1 41 11 17 10 86  8  7
 4 22 12 21  2 53  3 20  9 54 14 12 10 32  1 10  6 53 13  8  8 98  5 61 11 30  7  8  0 16
 3 70  5 27  0 53  2 62 12 47 11 68 14 36  4 69  1  3  6 37  9 36 10 99  7 71  8 40 13 62
 3 41  2 51  1 63  7 53  5 14 13 39  8 11  6 19 11  2 10 91  9 34 14 47 12 44  4 30  0 96
 8 57 14 72  2 99  0 99 13 28 10 38 11 74  9  9  5  6 12 45  6 72  1 65  3 71  4 33  7 92
 1 18  3 50 11 65  4 11  7 38 12 41 10 13  9 98  8  9 14 94 13 83  2 70  0 55  6 37  5 50
 2 33  7 15  1 39 14 77  8 16 10 12  9 50  4 96  5 52 12 99 13 31  3 13  6 81  0 57 11 54
 5 27  8 97 10 62 11  9  9 49  7 75 12 22  4 79  1 65  0 91 14 15  2 25  6 30 13  5  3 85
 6 65  0 99  5 22  3 82  2 36 13 29 12 87  7 21  4 93  9 67  1 70  8 65 11 20 10  6 14 98
 1 10  7  3  4 55  0 93  6 76  8  6  5 91 13 86 12 89  3 70  2 66 11  1  9 70 14 50 10 20
 3 53  8 97  6 25 11 20  5  2 10 14 12 51 13 46  7 66  9 10  2 48 14 39  0 22  4 63  1 47
 0 76  8 74  5 88 14 77 10 39  1 48 12 12 13 60  3  6  4 34  9 52 11 92  2 91  6 40  7 88
10 61 12 85  7 99 14  8  0 17  3 94  4 18  8 24  5 71  1 71  9 94 13 17 11 82  2 50  6 75