20 15
13 13  2 53 10 24  8 54  3 37  5  4  9 93 12 30  7 35 11 79  0 26  1 43  4 33  6 58 14 16
 8 47  2 52  9 68  0 49  4 10 14 38 10 28 13 69 12 60  6 88  1 28  5 63 11 26  3 49  7 90
14 78  1 57 11 72  7 65  9 15 13 35  5 76  3  5 12 99  2  5 10 30  0 90  4 11  8 71  6  2
 0 23 11 29  1 70 12 30  3 63 14 88 13 12  2  5  7 71  9 55  4 89  6 47  5 97 10 75  8 27
14 34  4 13 13 93  6 31  2 61 12 43  8 45  9 59  3 49  7 81 10 99  5 20  1 17 11  7  0 54
 5  7  2 81 11 14  9 39  6 10  4 97 14 88 12 22  7 13  3 26 10 74  0 97 13 45  1 24  8 76
 1 79  3 38  9 85 10 90  8 98  2 94  6 79  5 87 12 44  7 53 13 94 11  4 14 82  4 88  0  2
 7  7  5 28  4 67  6 53 14 56  8  4  2 11 10 76 13  7  9 74  1 47 12 49  0 94 11 80  3 94
 3 46  0 76  9 63 10 71  2 94 13 76 14 60 12 82  1 90  4 16 11  1  6 57  7 20  5 37  8 39
 5 57  8 58  0 13  7 14  6  6  3 82 13 15 11 91 14 97  2 31  4 95  1 16  9 83 10 14 12 75
 4 54 14 14  7 56  8 53 10 86  3 96  0 42 11 59  5  5  2 39 13 72  6 31  9 45  1 37 12 74
14 73  8 16  3 44  4 16  1 35  9 40  6 27 10 39  2 64  5 91  0 92 13 49 12 58  7 58 11 94
 5 31  4  7 13 14 12 61 10 66 14 10 11 38  8  6  3 66  9 92  1  9  6 38  2 61  0 81  7 15
 7 31  8 96 13 94  4 75 11 34 12 80 14 79  5 52  1 98  6 27  3 97  2 91  9 75  0 90 10 45
12 87 10 30  2 11 11 25  9 27  8 17  6 61  5 79  1 87 13 46  4 92  7  6  3 16 14 93  0 84
 8 10  2 48  6 25 13  4 14 77  9 10  4 60  5 41  0  6  3 99  7 56 10 21  1 91 11 44 12 55
14 55  7 24  3 89 11 91  9 91  5 55  6 74 10 90  8 68  4 55  1 65 12 67  0 76  2 42 13 50
 6 97 13 52 11 95  1 88  0 80  2 63  5 90 12 11  4  7  7 47  9 74 10 60  3 48  8  7 14 48
 1  6  6 93  0 72  4 52 11 31 14 33  5 20  3 20 10 13  8 52  9 23 13 54  7 67 12 22  2 73
14 67  2 43  7 36  8 30  1 92  9 28  4 60 12 84 10 33 13 80  3 73  5 88  6 97  0 84 11 13