20 20
15 64 18 42 13 32  5 37  4 47 14 45 16  7 10 84  6 20  0  1  1 18  9 14 11 88 17 74  8 56  3 69  7 15  2 20 19 63 12 81
17 25  0 29 11 57 12 48  2 90  1 31  4 57 16 86  7 48 10 41 15 80  6 28 19 53  5 39 13 81 14 34  8 88  3 23 18 96  9 21
13 58 15 96 10 74  8 57  4 52 12 66 14 23  1 38 11 95 19 34  6 80  5 52 17  7 18 76  9 23  0 95  7 94  2 86 16 95  3 88
10 53 15 68 12 50 19 95 13 52  8 19  2 81  5 42 17 73 14 50  4 33 16 60  1 82  3 73  9  7  6 73  0 57 18 56 11 82  7 79
 2 36  6 44 11 87  5 86 16 84 14 98  0 83 13 69  8 31 19  2  7 32 15 34  3 33 17 98 18 10 10 14  1 85 12 98  9 72  4 51
13 28 12 13  1 30 15 79  6 50  4 45  2 48 17 31  7 13  9 15  3  8 19 96  5 36 10 63 16 65  8 99 11 72 18 73  0 48 14 89
12 35 16 65  6 20 13 50 18 75 15 13 11 72  4 52  0 72  2 85 17 50 14 11  1 58  8 36 19 54 10 50  9 84  5 32  3 97  7 61
10 97  2 70  0 29  4 73 17 35 18 64  6 69  5 15 19  1  1 64  9 13  8 30 15 66  3  1 11 31 14 49 16 82 13 71  7 74 12 40
 8 51 12 80 14  2  0 71  1 18  3 12  9 91 10 35  5  4  4 75 16 46 11 20 13 54 19 17  6 29 18 53 15 64  2 51  7 82 17 36
13 21 15 78  0 76  5 90 11 12 12 47  7 25 10 95 14 90  4 38  3 17  1 11  6 85 19 42 16 42  8 40 18 68 17 37  9 90  2 26
 7 61  1 65  0 89  2 67 17 18  9  6  3 85  8 43 15 97 18 29 16 64 11 42  6 18 10 29 19 43 14 78  5 36 12 99 13 73  4 24
16 69 13 23 10 67  3 75 14 21  6 43 18 72  0 90 12 39  9 32 15 72  2 46  5 62 11 24 17 75  7 71  4 15  8 55  1 94 19 37
15  2  7 84 16 93 14 70  0 39  4 65 13 24  1 93 11 92  3 95  8 80 10  3 17 31  9 13 19 63  6 16  5 91 12 22  2 79 18 81
18 80 19 79  7  1  3 42  1 96 11 38 10 40 12 29 13 85  4 94  8 30 14 12 17 36  2 25 15 20  5 46  6 43  0 42 16 44  9 96
12 79  6 18  9  4 14 55  1 50  3 31  7 73 15 55  8 39 16 24  0 99 13 60 18  6 19  4  2 68  5 25 17 14  4 93 11 38 10 83
 8 17  5 61  1 83 18 80 10 36 12 60  9 50  6 89 11 60  4 41 17 16 15 48 14 64  3 56 13 60 19 28 16 15  7 91  2 32  0 22
 8 65 17  2  1 16 13 31  9 98  0 83 10 87  6 94  2 79  3  6 11 97 14 40 15 56 18 46  4  5  7 65 12 92  5 60 19 35 16  6
 2 87  4 86  3 23 14 79  9 69  7 26 12 91 10 31 17 80 18 20  8 75 13 74 11 90  6 81  0 52  5 74 15 56 16  8 19 60  1 58
14  4  6 81 15 81  0 83 18 45  2 51 17 71 13 11 10 48  9 71  5 48 16 98 19 25 12  3  7 96  3 23  1 13  4 34  8 60 11 51
12 91  2 77 13 28 19 86 15  6  1 63 11 45  0 13  6 53  7 19 10 12 17 16  9 48 16 38  5 53  3 90 14 27  4 62 18 91  8 29