20 20
15  3  8 51 17 89 14 36 19 15  7 45 18 26  5 21 11 24  9  8  4 81 16 69  3 95 10 62 13 73  2 91  1  3  6 65  0 66 12 13
 5 40 11 45 14 39  9 98 18 33 17 77  2 52  4 37  8 55  6 80  3 55 12 44  1 97 13 71 10 85 19 80 15  6  7 61  0 84 16 42
14 91  1 38  0 88  4 51  5 38 16 31  7 54 15 30 12 10 11  4 13  9  3 71 17 78 10 18  6 33  2 82 19 34  8 58 18 46  9 68
 6 77 17 91  5 27 10  5  9 20 19 13 11 95  0 18  8 80 16 48  2 42 14 12 12 84 13 99  4 56  1 70 18 37  7 17  3 37 15 32
 9 36 13 29 16 80 12 27 14 42 19 61  5 80  0 62 11  6 18 50  7  1  2 96  6 15  1 42 17 17  4 50  3 97 15 36  8 47 10 69
14 67 17 14  5 73  1 82 13 60  4 92  2 47 12 11  3 70 10 31 11 34 16 20  9 49  6 30 15 37 19 49  0 60  7 70 18 10  8 14
16 82  4 25 19 16 14 95  0 79  5 96 12 87 13  9  7 76  2 16  9 40  6  5 18 93  3 32 11 43  8 43 10  1 17 87  1 11 15 84
15 35 17 14  0 52  4 59 19 21  5 64 11  4  7 74  2 89 16 99 10 68  6 12  8 25  3 13  9 77 18 50 14 80 12 62 13 77  1 22
17 67  6 21 18 37  4 86 13 68  7 84  8 56 10 90 15 17  1 30 19 69  9 29 12 50  2 77  5 74 11 22  3  3  0 79 14 12 16 63
 6 10 12 86  5 18  9 20 18 77 13 36 16 59 14 73  0 31  2 13  8 96  3 40 19 75 17 61 10 86  1 78 15  2  7 44 11 84  4 86
17 81  8 79  1 25  2 44 16 63 12 19 10  6  3 28 13 71  9 94  5 24 11 27  6 83 15 83 14 80  0 30  4 12 18 21 19 94  7 39
10 51  7 80 12 71 19 70  3 34 15 30 16 61  4  7 11 31 13 43 17 30  2 83  1 81  9 30  0 46  6 37  8 98 14 91 18 12  5 72
10 58 11  9 12 91 15 88  1 84  6 17  5 99 17 95 19 79  7 91  2 79 13 47 16 98  8 33  3 65  9 30 14 57  4 99 18 55  0 30
19 98 16 74 13 61  1  5 15 49  4 24  3 73 11 25  8 79 12 99  6  6 14 91  5 29 10 45  7 78  0 60  2 69  9  4 18 11 17 14
 7  8 10 62  0  3 18  9  8 92  6 68  5 33 15 78  3 16 11 75 14 96  2 61 17 52 13 63 19 24 16 51 12  7  1 36  9 14  4 73
11 52 18 38  4  7  5 55 19 71 17 50 14 65 10 87  9 46 13 47 15 50  7 11  8 11  2 82  0 95 16 60  6 75 12 88  1 76  3 45
 4 84  8 49 16 69 11 25 19  2  2 80 14  6  7 52 17 23  9 25 12  2 15 64  6 62  3 75  1 23  0 24  5 12 13 52 10 64 18  4
 4 95 18  1 13 18 14 47 19 91  9 73 11 41  8 40  1 32 15 13 17 54 12 81 16 35  5 52  6 17  3 39  2  9  0 39  7 72 10 67
19 31 15 82  8 83 16  8 10 44  7 76  5 35  3 87  2 86 13 59  0  4  6 31  4 91  9 64 11  9 14 64  1 18 18 34 12 45 17 96
13 61  2  3  8 32 12 99  4 58 11 81  9 34 14 93  5  1 15 49 10 26 18 15  1 15 17 50  6 40  0 78  7 48  3 20 19 78 16 35