20 20
19 83  7 51 14 92  2 32 18 82  8 22 17 51 12 77  9 90 10 28 15 24 11 38 16 28  5 95  4 99 13 15  1 69  3 52  6 76  0 89
 9 33 18 81 14 98  3 76 12 11  2 75 16 58 19 26  7 69 17 95 11 79  5 66  1 10  8 37  6  7 10 75 15 17 13 24  4 29  0  3
11 54 16 14  6 22  7 40 18 41  2 31  8 48 14 43 10 67  5 27 13 74 19 24 12  2  1 45  4 64 17 11  0 90  3 45 15 54  9 47
 8 35 18 88 14 12 15 24 16 54  7 41 11 45 19 59  2 69  3 77  4 18 17 22 12 68 10 29  5 78  1 63 13 57  9 31  6 79  0 13
15 21  0 36  4 85 16 69 18 33  1 90  9 66 10 53 11 95 14 91  2 54  5 12  3 31  7 51 19 43 12 99  6 30 13 84  8 30 17 61
 1 15  8 75 16 74  9 54  3 71 14 98 17 25 10 74  6 88 19 20 18 93 13 97  2 77 11 89  7 92  5 70  0 29  4 27 15 64 12 98
13 37 17 49  0 45 14 80 11 30  5 89 15 22 18 52  3 23 12 77  4 27  8 60  2 41  1 59  7 66  9 39 19  1  6 57 10 23 16  5
 4 72  3  8 16 33  2 92  8 24 15 35 19 96  5 54  1 23  0 72  6 35 11  3 12 45  9  8 17 93 10 19 14 64 13 32 18 54  7 96
 8 60  5 29 13 85 11 61  1 58  3 63 14 46  4 59  7 18 18 96 19 35  2  1 12  8  6 53  0 40 15 99  9 71 16 29 10 49 17 88
 0 10  9 36  5 39  2 44 19 68  4 98 18 27 17 74 12 17  8 50 13 11  6 59 14 65  7 27  1 68 16 65  3 14 11 14 10 30 15 89
13 27 15 46  9 10  1 55  3 68 10 75 12 21  0 22 14 34 16  4 17 43  6 36  8 97  2  9  5 31 19 70 11 30  4 71 18  1  7 93
 0 49  7 37 16  6  2  2 12  2  5 61 14 36 11 77 19 29  9 98 13 80  4 77  3 72  8 73 15 36  1 82  6 59 18 53 17 44 10 69
 6 90 17  1  9 81  5 48 18 72 16 12  0 11 12 63 14 54  4 62  3 37 11 88  8 82 19 20  7 78  1 62 13 67 10 59 15 87  2 66
 5 80  4 80 19 52 13 56  8 85 11 24 15 31  9 59  3 53 16 13 14 50 17 30 10 46 12 81  2 28  1 97  7 38  6 84  0 81 18 31
 3 31  4 76 17 47 12 28 14 35  0 78  7 44 15 52  5 19  1 95 18 29 10 71 16 90 11 69 13 51  2 27  6 61  9 70  8 10 19 49
19 99 18 11 11 10  4 12  8 68  5 10  0 21 13 20  2 21 12 48 16 69  3 81  7 89 10 78 15 77 14  4  6 57  9  3  1 23 17 23
11 45 10 27  4 49  3 41  8 82  9 45  0 24 15 43  6 95 19  2  5 71 14  6  1 70  2 52 18 21 17 46 12 70 16 52 13 74  7 40
 1  6 18 53  4 25 17 70 19 94  7 41 11 29  0 14  2 53 15 24  3 31 13  1  9 20  5 45 10 36  8 46 16 91 12 81 14 84  6  6
15 73 18 41 16 82  6  7 10 26 11 64  7 79 14 52 12 98 17 40  0  9  3 16 13 87 19 40  5 82  4 36  9 39  1 56  2  2  8 57
17 62  4 84 10 44 14 41 19 93  5 52 16 50 18  9  3 18  1 80  7 30  6 53  2 48  9 96  0 41 12 57 11 18 13 88  8 71 15 43