20 20
 6 35 10 12 16  7 11  1  3  7  5 32  2 98  1 48  8 80  0 91 17 46 15 25 13 36 14  8  4 61  9  2  7 96 19 55 18 99 12 44
13 30  3 57 10 19  5 62 18 81  4 22  2 14  8 82 17 36  6 57  7 71  9 80  1 88 15 18 12 31 16 56 19 37 14 86  0 56 11 93
 5 10  0 30 17 89  1 15 11 57 18 44  4 81  9 94 15 79 16 17 19 64  8 70 12 27 13 54 14 74  7 73 10 43  2 60  3  9  6  2
10 97  4 74 17 49  0 35 16 26 12 22  1 59  7 51 14 89 11 76  6 13  9 88  2 51  8 99  3 51 15  1 18 17 13 17 19 34  5 48
14 29  3 49 18 87  6 29  0  1 16  5 17 67  8 37  1 79 11 46 10 50 13 48  7 14  2 85  5 69  9 42 12 11  4 57 15 80 19 33
 2 11  7 42  0 96 11 51 18 21  5 68  8 50 14 52  9  1 10 36 17  5 15 43  4 99 16 56  3 42 13 86  1 50 19 28 12 94  6 61
 2  7 14 77  0 33 12 30 18 13 10 83 19 34  3 49  7 15 16 98  1 89  9 86  6 38  4 78  5 95 17 28 15 65 11  8 13 29  8 60
10 43  0 97  3 76 18 44  4 89  1 21 19 40  8 48  7 97 14 19 13 74  5 54 12 71 11 93 16 11 15 76 17 73  6 28  9 99  2 55
12 13  1 44  2 45 17 74 10 88  5 73 16 36  4 55  9 82  3 54 13 36 18 51 15 61  8 32  7 92 11 67 19 78 14 87  6 41  0 92
18 26  2 61  5 17  8 84  0 40 14 13 10 21  4 55  1 71 19 12  6 57 12 52 11 80 16 98  7 92  9 22 13 18 17 63 15 30  3 49
 1 73 18 39  5 97  8 38  3 24 11 25  9 32 15 39 10 76 13 99  7 66  0 55 16 99 19 25 17 49  6 87  4 20 12 57 14  6  2 95
18 76 16 38 19 10  6 74  4  9 17 25 15  7 14  8  8 18 13 34  3 76 11 46  0 91  5 23 10 10  7 25 12 30  2 56  1  4  9 53
12 38 15 40 10 13 17 61  6 92  0 63  4  8  5 67 11 40 13 71  2 25 18 21  9 30 16 71 14 24  3 28  1 98  7 73 19 84  8 11
 8 83 19 40  5 85 11 22  4 14 10 69  6 82  3 55 16 53  9 41 12 29  2 54 15  6  1 10  0 82 14 67 17 33 13 44 18 44  7 69
14 32 15 45  1 13 13  2  2 28 11 15 17  1 12 90  3 85 18 62 16  5  0 32  8 90  9 23  4 61 19 70 10 84  7 16  5 13  6 40
 2 13 10 18 14 26  8 24 11 67 18 30  6 53  3 27  0 48  5 94  7 27 16 46  9 67 12 50 13  3 15 52  1 40 19 81  4 15 17 72
 4 40 16 20 10 88  6 51 15 56  5 87  8 86  0 49 13 43  3 17 11 85 19 68 14 45  7 48  1 81 12 46  2 11 18 15 17 13  9 43
14 83 17 12  6 72  3 84  9 14 19 47 16 24  5 78  1 86 15 40 11 52  7 53  4 86 10 80  2 95 18 95 12  6  8 74  0 90 13 90
15  8  7 66 10  1 13 37 17 77  8 26  5 86  1 69  0 92  9 44 16 17  6 91  3  4 12 69 14 78 19 47 18 47  4 96 11 56  2 96
16 47  8 51  7 64 18 12  2 44 12 85  0 61 10  5  5 70  3 84 13 26 19 25  9 79 11  1  1 82 17 32 15 65  6 32  4 86 14 22