20 20
 4 76 18  1  5 40  3 94  1  8 13 79 16 57  2 10 11 40 10  5 19 20  0 13 17 65 12 45  7 76  6 50 14 73  8 57  9 43 15 46
 2 84 18 74 17  7  1 82  4 85 16 79  9 28 12 12  7 59 13  8  8 23  0 22 19 26 10 17  5 14 11 23  6 75  3 26 14 30 15 95
 3 85 17 97  6 54  8 87 12 29  5 84  0 91 15 32 18 57 10 96  9 69  4 52 16 63 14 80 19 37 11 41  1 73  7 84 13 65  2 87
 7 91  2  4  5 33  0 54 14 66  1 63  9 91  3 72 10 92 17 30 18 49 11 28 12 39 19  2  4 61 13 34  6 99 16 74 15 87  8 29
 6 29  2 32 12 11  4 42 17 21  9 93  3 25  0 37 13 40 16 17  8 61 10 43 15  4 14 54  1 66  5 84  7 81 18 42 19 45 11 67
17  6 14 61  1 18  0 85  3 78 19 45 13 95  2 43 15 36  5 22 11 74  9 22 10  6 12 73  6 55 16 28  7 13 18 95  8 63  4 12
15 42 18 99 19 88  8 45  6 19  5 81 17 15 12 73 10 27  4 89 11 75  3 83  0 48  9 72 14 50 13 34  1 32  2 56 16 90  7 29
16 30 19 32  6 29 14 18  4 31  2 86 12 87 10 30 18 23  7  2  5 51  1 16  3 55 13 37 15  1  8 50  9 49  0  2 11 54 17 79
 1 63 18 79  3 64 19 48  6 58 14 74 15 36 13 52  0 56 11  7 12 44  4 99 17 56  9 52  5 35  2 56  7 41 10 51  8 18 16 93
10 95  1 86  2 68 12 61 14 62 19 31 13 90  4 99 17 15 16 54  5 45  9 46 11 79  6 49 15 99  0 48  7 59 18  8  3 42  8 59
 7 40  0 51  1 87  9  3 10  2  8 80 19 35 16 46 18 79 12  3  4 40  3 91 13 76  6 14 15 10 14 81  5 41  2 11 11 25 17 42
 7 76 14 97  9 81  1 70 13 18  8 68 12 64  3 17  4 54  2 84 17 57 16 98 19 38 10 93 11 52 18 54  5 71 15 61  6 20  0 87
 1 30 16 28 14 76  7  2 10 44  4 58  8 26  5 42  9 50 18  9 11 33  2 68 12 23 15 95  3 51 19 15  0 88 17 58 13 27  6 79
10 61  1 88 13 51 11 78 17 92  8 74 12 38 19 64  5 96  6 83  0 58 16 62 14  5 18 15  7 43  2 53  3 30 15 15  4 96  9 41
17 93 16 25 10  1  5 71  7 48  1 16  3 20 12 52  6 88 11 77 18 23  2 25 13 43  4 94  9 59 19 29  8 37 14 97 15 61  0 46
14 58 17 63 16 56  9 12 18 10 12 18  6 13  1 65  8 60 19 21  4 11  2 40 10 52  7 80 11 78 13 91  3 72  5 31 15 75  0 64
14 15  2 39  4 15 13 22 11 75  8 48 15 89 12 96  1 34 16 55 17  6  7 92 18 18  3 84  5 24 10 15 19  1  6 39  9 66  0 43
 6 33 18  5  0 17  5 46 15 65 19  2  3  8 10 83 17 83  9 21 14 73 12 82  1 18 11 98 13 75  7 10  4 87  2 54 16 56  8 98
 5 72  7 31  4 67  2 53 10 64 16 51  3 62 15 73  0 49  9 92 13 85 18 40 11 80  8 88  1 88 17 73 12 51 19 12 14 76  6 38
11 47  0 97 14 92 17 26 19 90  7 99 10 50  1 76  5 54  3 17  2 46  4 34 18 23  6 43 13 42 16 88 15 25  9 93  8 87 12  4