20 20
19  8 17 25  1 80  7 38 18  8  6 94 16 26 13 17 14 38 12 43  3 57  2 80 11 64 15 17  4 27  9 80  8 85  5 30  0 90 10 79
11 51  0 57 12 72  9  9 19 46 13 74 10 98  1 51 14 89 15 69  4  8  8 48 16 72  3 61 17 36  7 82  6  9  5 40 18 87  2 45
 3 84 16 63 17  8  0 93 13 82 15 81  6 43  5 60  1 46 11 68  8 85 10 75 14 92 12 65  2 43  9 21  7 49 18  4 19 44  4 73
 8 54  2 40 14 24  0 11 15 36 17 63  3 75  9 44  4 98 19 54 12 22 13 47  5  8  6 54  7 25 11 27 16 36 10 63 18 67  1 97
 6 74  2 47 15 21 11  7  5 79  1  4 13 37  9 18 16  2 17  8 14 64 19 84 18 73  3 47 12 42  4 44  0 16  7  2  8 96 10 60
 2 19  0 37 12 26 10 33  3 98 11 78  5 70 19 88  8 41  4 60 16 10  6 76 13 84 17 90 14 40 18 91  1 14  7 88  9  8 15 91
 4 46 15 67 18 31 13 36  1 45 12 16 11 29  9 39  7 54 14  2 17 21  5 62 10 71  2 41  0 69  3 77 16 98 19 11  6 70  8 84
13 71 15 23  5 16 12 59  4 92 14 26 18 68 11 74 19 14  8 88  7 65  2 92 17 96  0 90 16 43 10 69  1 12  9 79  3 20  6 19
 3 93 14 40 13 12  6 83 18 26  8 28 19 63  0 71 17 87  7 70  5 67  2  7 10 92 16 65 15  4  4 14  1 85 11 28  9 46 12 92
19 66 14 82  6 17  2  5 12 34  0 84  3 34 13 40 11 32  4 89 18 20 15 44 10  9  8 78  1 53 16 80 17 78  5 69  7 68  9 29
15 30  9 94 19 27  4 35 17 19  3 94  2 55  7 83 14 75  5 64 16  2 10  4 18 15  0 18  8 70 13 77  1 47 11  2  6 67 12 93
14 95 12 83 11 91  9 30  2 85  8 60  6 54  0 47  3 80 16 95 18  6  5 85 19 70  1 39 15 24  4 82  7 26 10 34 13 35 17 13
15 58  2 98  8  6  6 39  7 48 13 58 17 31 12 15 16 75 10 84 11 63  5  3  4 28 19 62  3 23  9  3 18 88  0 34 14 17  1 82
 6 88 15 84  7 42 14 54  0  2  2 10  3 41 13 39 18 89  9 42  1  5  4 43 12  1 10 35 19  5 17 72  5 87 16 78 11 65  8 92
 3 21  6 34  5 84 18 53  2 12 17 18  8 51 15 90 19 38  9 84  7 39 10 80 14 29  0 91 13 73 11 64 16 56  4 79  1 46 12 10
 5 25  7 51 12 62  1 55 19 90 13 59  6 75  3  8 18 95  4 78 14 54  2 92 11 11 17 59  9 74  8 25 15 77  0 46 10 34 16 44
 3 82 12 15 19 20  5 60 18 37  8 63 15 66  9 82 16 22  2  6  4 43  7 14  0 84  1 85 13 89 17 96  6 88 14 43 11 26 10 95
11  5  0 29  8 38  7 11 16 88 10 80  3 35 19 82 15 32 17 96 12  4 13 44  6  8  5 10  9 94  2 47 14 62  4 62 18 69  1 10
 1 39 15 19  5 60  4 40  8 83 17 43 19 76 12 19 11 25  7 39  6 74  9 94 16 83 10 85  3 26  0 21 13 19 18 57  2 71 14 96
19 31  7 75 16 85  5 49  4 71  1 36 12  6  6 84 18 73 15  3 14 26 11 66  9 82  3  3 10 42  8 84 13 43  0 23  2 79 17  9