20 20
 5 28 15 27  9 16  8 53 11 88  3 16  0 31  6 92  2 41 13 54 16 60 18 70 17 62  1 12 12 16  4 16 10 17 14 31  7 16 19 52
10 52 16 94 17 29  9 46  7  7 19 94 12 34  6 28 13 37  3 42  4 33 18 15  8  6 14 81 11 57  1 95  5 83  2 45 15 92  0  2
 6 84  5 79  2 99 18 34 17 57 14 54  0  3  4 43  8  5 13 23  1 69 12 39 16 45  3 41 15 27  7 55 19 17 11 16  9 21 10 58
19 68  1 73 10 47  0  6 14 92 11 34 15 57  5  7  8 91  3 81  7 12 18 59 12  8  6 12 13 33 16 34 17 50  9 69  2 11  4  2
14 29 12 53 13 14  6 86 10 28  8 27  7 90  9  4 16 54 19 12  1 37 17 71  3 18 15 70  2 72 18 29 11 59  4 69  0 53  5 47
 0 87 10  5 19 55 11 54 14 57  3 62 17 62  7 69  6 60 18 91  2 81 12 64  4 50 13  3  5 51  9 72 15 41  1 17  8 86 16  7
 8 22 18 21 16 53  2 20  6 54 15 12  9 32  0 10  7 53 13  8 11 98  1 61 14 30 12  8  3 16  4 70  5 27 19 53 10 62 17 47
 2 68 11 36 19 69  4  3  1 37 18 36 13 99 14 71 12 40  8 62 16 41  9 51  0 63  5 53 10 14 15 39  7 11  3 19  6  2 17 91
 6 34 14 47 11 44  8 30  4 96 19 57 16 72  3 99 17 99  9 28  2 38  1 74 15  9  5  6  0 45  7 72 12 65 10 71 18 33 13 92
10 18 15 50  1 65  7 11  4 38  0 41 13 13  2 98 16  9 14 94 12 83 17 70  9 55  6 37  5 50 19 33  3 15 11 39 18 77  8 16
 9 12  7 50  6 96  3 52  5 99 18 31 15 13  1 81 16 57 10 54 14 27  8 97 11 62  0  9 13 49 17 75 12 22  4 79  2 65 19 91
 7 15  6 25 16 30 14  5  2 85 13 65  0 99 15 22 17 82 11 36  1 29  5 87  8 21  9 93 12 67 18 70 19 65  4 20 10  6  3 98
 8 10 17  3  1 55 12 93  4 76 13  6 10 91 19 86 14 89  3 70  2 66 18  1  7 70  0 50 15 20  5 53 11 97  9 25  6 20 16  2
16 14  9 51 19 46 13 66  2 10  3 48  1 39 18 22 15 63  5 47  8 76  0 74 11 88 10 77 14 39 17 48  7 12  4 60 12  6  6 34
19 52 17 92 18 91  1 40 13 88 12 61  0 85  8 99  2  8  6 17  7 94 16 18 14 24  9 71  4 71  5 94  3 17 10 82 11 50 15 75
17 15  6 51 10 57 18 14  7 25  2 10  3 54 19 98 14 26 15 73  5 67  1 75  0 48  4 45 11 22 12 27 13 42 16 40  8 48  9 67
17 48 15  8  9 52  1 54  4 69  7 37 11 14 18 41 19 20  3 15  8 98  2 44  0  8 14 95 13  9 10 51 16 25 12 22  5 72  6 32
 0 50  4 91  9 73 19  8  2  4  1 17 18 86  7 94  8 37 17 37 11 35  3 42  6 84 12 95 13 23 10 49 14 33 16 32 15 94  5  3
11 76  6 43  8  9 16  4  4 86  0 17 13 79 14  6  7 79 17 92  9 46 19 92 10 19 18 12  2 54  1 61 12 18  3 81  5 18 15  1
14 79  6 36  7 11 12 58 16  9  9 78  0 90  2 14 11 37  1 69 18 36 10 91  5 89  4 63  8 35 17 63 15 22 13 62  3 50 19 32