30 15
 8 52 14 38  6  7  9 55  0 71 13 50  4 65  1 87  5 46 12 47  7 50  2 11 10 11  3 82 11 95
 4 60  1 75  5 88 11 76  8 45  9 84  2 49  0 69 13 25 10  2 14 80 12  6  7 52  6 23  3 25
 4  2 13 64  6 62  0 75  3 23 11 24  1 12  8 52  5 64 12  4  2 95  7  1 14 18 10 47  9 91
 6 73 12 41 11 40  9 32 13 13  0 54  7 81 14 35  4 52  1 17  2 39 10  9  8 39  5 72  3 67
 7 31  4 82 14 83  5  8  0 44  3 76  2 35  8 87  9 86 11 59  6  4 13 31 10 91 12 64  1  9
 9 64  1 18 12 34  3 45  6 96  0 61  8  3  5 32  2 99 14 58 11 81 13 34 10 93  4  1  7 49
14 26  9 15 10 15  0 50  7 40  8 78  6 48 13 20 12 78  4 35  2 35  1 12 11  7  5  1  3  7
 3 32  0 98 11 48  4 80 14 91 12 46  9 25 13 36 10  8  6 61  8  2  7 96  5 55  2 99  1 44
13 30  9 57  0 19  3 62  8 81  4 22  5 14 10 82 14 36  2 57  7 71 12 80  1 88 11 18  6 31
 6 56  4 37  9 86  0 56 10 93  5 10 13 30  3 89 12 15  1 57  8 44  2 81  7 94 14 79 11 17
 4 64  7 70 12 27  8 54  9 74  5 73  2 43  0 60  3  9 13  2  1 97  6 74 11 49 10 35 14 26
 3 22  0 59  8 51 13 89  7 76 11 13  4 88 10 51  2 99 14 51  9  1 12 17  5 17  6 34  1 48
 2 29 11 49  1 87 13 29  8  1 12  5  4 67 14 37 10 79  7 46  0 50  6 48  9 14  3 85  5 69
 7 42 13 11  0 57  4 80 10 33 11 11 14 42  3 96  8 51  9 21  2 68 12 50  6 52  1  1  5 36
 1  5  8 43  4 99 13 56  0 42 12 86 10 50  5 28  2 94  7 61  6  7  3 77  9 33 14 30 11 13
 3 83  7 34  2 49 10 15  0 98 11 89 12 86  8 38 14 78  4 95 13 28  9 65  1  8  5 29  6 60
11 43  4 97  2 76  6 44  0 89 12 21  9 40 13 48  1 97 10 19  3 74  8 54  7 71  5 93 14 11
 7 76 14 73  2 28  4 99 10 55  6 13  0 44 12 45 11 74 13 88  5 73  3 36  9 55  8 82  1 54
13 36  5 51  3 61 11 32  4 92 10 67  0 78  1 87 14 41  2 92  9 26  6 61  7 17  8 84 12 40
14 13 11 21  2 55  9 71  8 12  5 57 10 52  1 80  7 98  3 92  0 22  4 18 13 63  6 30 12 49
 2 73  1 39  9 97  7 38  3 24  5 25  6 32 10 39  0 76 11 99 13 66  4 55  8 99 12 25 14 49
 0 87 12 20  6 57  3  6  1 95  8 76  2 38 13 10 10 74  7  9  4 25  9  7 11  8 14 18  5 34
12 76  4 46 11 91 14 23  1 10  7 25  8 30  3 56  0  4  2 53  5 38 13 40 10 13  9 61  6 92
 2 63  1  8  8 67 11 40 13 71  6 25  0 21 14 30  5 71  7 24 10 28 12 98  3 73  4 84  9 11
 3 83  9 40  4 85  8 22  1 14 12 69 11 82 14 55  5 53  7 41  2 29 10 54 13  6  6 10  0 82
12 67 14 33  4 44  3 44  0 69  2 32 11 45  7 13 10  2  5 28  8 15  1  1 13 90  9 85  6 62
 1  5 10 32 11 90  8 23  0 61 12 70  4 84 13 16  3 13  2 40  6 13  5 18  9 26  7 24 14 67
 1 30 12 53  3 27  9 48  4 94  2 27  5 46  7 67 11 50  8  3 14 52  6 40 13 81  0 15 10 72
 5 40  1 20  6 88 11 51  4 56  7 87  0 86 10 49 14 43  3 17  9 85 12 68  8 45 13 48  2 81
11 46  0 11  1 15 10 13 12 43  9 83 13 12  3 72  2 84 14 14  6 47  4 24  8 78  5 86  7 40