30 15
 1 64 14 42 10 32  8 37 13 47  4 45 12  7  0 84  2 20  7  1  5 18  9 14 11 88  3 74  6 56
 3 69  6 15 14 20  8 63  5 81 12 25  0 29  4 57 13 48  1 90  9 31 11 57 10 86  7 48  2 41
 7 80  6 28  0 53  9 39  1 81  5 34  8 88  3 23 14 96  2 21  4 58 13 96 10 74 11 57 12 52
 0 66  6 23  9 38  2 95  7 34  8 80 10 52 11  7 14 76  3 23 13 95 12 94  4 86  1 95  5 88
 4 53  7 68  2 50  8 95 12 52 14 19 11 81  3 42  1 73  0 50 13 33  6 60  5 82  9 73 10  7
12 73  8 57  7 56 10 82  9 79  1 36  0 44  5 87 14 86  2 84  4 98 13 83 11 69  6 31  3  2
12 32  6 34 11 33  2 98  5 10 10 14  1 85 14 98  0 72  8 51  9 28  3 13  7 30 13 79  4 50
 9 45 11 48  8 31  7 13  4 15 10  8  1 96 12 36  5 63 14 65  3 99  6 72  0 73  2 48 13 89
13 35 10 65  8 20 14 50  4 75  1 13  0 72 11 52  3 72 12 85  7 50  9 11  5 58  2 36  6 54
 7 50  6 84 10 32  8 97 14 61  5 97  0 70 13 29 11 73  4 35  2 64 12 69  1 15  3  1  9 64
12 13  9 30  7 66  8  1  4 31 14 49  3 82 10 71  2 74 13 40  1 51  6 80 11  2  0 71  5 18
14 12 10 91  9 35  1  4 11 75  6 46  7 20  3 54 13 17  8 29  5 53  2 64  0 51  4 82 12 36
 4 21  7 78  1 76 12 90  2 12  9 47 11 25 13 95  5 90  3 38 14 17  0 11  6 85 10 42  8 42
 5 40  4 68 12 37  7 90 10 26  1 61 13 65 11 89 14 67  0 18  6  6  9 85  2 43  3 97  8 29
 0 64 12 42 13 18  3 29  2 43 14 78  7 36  6 99  5 73 11 24  4 69  8 23  9 67 10 75  1 21
 4 43  7 72  1 90 10 39 11 32  2 72  3 46  8 62  9 24  6 75  5 71 12 15 14 55 13 94  0 37
 2  2 14 84 13 93 12 70 10 39  0 65  4 24  3 93  5 92  7 95  6 80  9  3  8 31 11 13  1 63
 4 16  8 91  5 22  6 79  9 81  2 80 14 79 10  1  7 42 13 96  1 38 11 40  0 29 12 85  3 94
 4 30  0 12 13 36  6 25  5 20  3 46 11 43 14 42 12 44  9 96  8 79 10 18  7  4  1 55  2 50
 8 31 14 73  7 55 12 39 11 24  9 99  6 60  3  6  0  4  1 68 13 25  2 14  4 93  5 38 10 83
 7 17 11 61  6 83  9 80  2 36  3 60  1 50 10 89 13 60  4 41 14 16  8 48  0 64 12 56  5 60
 8 28  1 15  6 91  0 32  5 22  4 65 12  2  3 16 13 31 14 98  9 83 11 87 10 94  2 79  7  6
14 97  4 40  2 56  0 46  8  5  1 65  9 92 10 60  3 35  7  6 11 87 13 86  6 23 12 79  5 69
 2 26  6 91 10 31  3 80 11 20  7 75  9 74 12 90  1 81  5 52  0 74 13 56  8  8 14 60  4 58
 3  4  4 81 11 81 13 83  9 45  8 51 10 71  5 11  0 48  2 71  1 48  6 98 14 25  7  3 12 96
 7 23  4 13  1 34  6 60  5 51 12 91 10 77  9 28 13 86  8  6 14 63 11 45  2 13  0 53  3 19
 6 12 12 16  1 48 10 38  7 53  4 90  9 27  8 62 13 91 11 29  3 96  2 14  5 43 14  8  0 83
12 56 11 32 10 40  4 89 14 88  6 48  7  9  5 63  0 58  1 59  2 88  8 51  9 36  3 65 13 10
13 95 11 75  5 25  2 56  3  8  4 38  1 60 10 95  8 21  0 31  9 99 12 58 14 71  6 45  7 30
13  9 10 53 12 57  9 72  5 55  4 72  1 42 11 75 14 58  8 70  3 91  6 58  0 99  2 33  7 34