30 15
 9 63  0  3 13 28  7 62  4 23  6  3  1 88  3 34 12 17  2 82  5 88 10 84 11 42  8 54 14  2
 3 10  1 41  9 39  4 89 11 42 13  5  0 43 14  1  7 35 10  5  6 72  2 87  5 78  8 65 12 92
11 21  2 34  6 84  5 53  1 12 10 18 13 51  3 90 12 38  7 84  9 39  8 80  0 29 14 91  4 73
 7 64 12 56 10 79 13 46  3 10  8 25  1 51  9 62  6 55  2 90  0 59  4 75 11  8 14 95  5 78
 0 54  8 92  6 11  3 59  7 74 13 25 10 77  9 46  4 34  5 44  2 82 12 15 11 20 14 60  1 37
 1 63 12 66  4 82 10 22 14  6  5 43  3 14  6 84  7 85 13 89  9 96 11 88  0 43  8 26  2 95
11  5  4 29  6 38  9 11  2 88 14 80  0 35  7 82  8 32  5 96  3  4 12 44  1  8 13 10 10 94
10 47 13 62 11 62  2 69  4 10 12 39  7 19  3 60 14 40  9 83  8 43  5 76  0 19  1 25  6 39
10 74 14 94 12 83  1 85  0 26  9 21  5 19  4 57  7 71  8 96 13 31  6 75 11 85  2 49  3 71
 3 36 11  6  6 84  4 73 14  3 10 26 12 66  9 82  7  3  0 42  8 84 13 43  2 23  1 79  5  9
 4  3  7 51  2 89 12 36  6 15  5 45  8 26 13 21 14 24 11  8  9 81  3 69  0 95  1 62 10 73
 8 91 13  3  7 65  3 66  1 13  0 40  6 45 14 39 10 98  4 33  5 77 11 52 12 37  9 55  2 80
 6 55 13 44 10 97  8 71  5 85  9 80  3  6  7 61 12 84  0 42  1 91  4 38 14 88  2 51 11 38
12 31 10 54 14 30  4 10  2  4  5  9  8 71  7 78  3 18  0 33 11 82  6 34  1 58 13 46  9 68
 0 77  8 91  3 27  6  5  9 20 12 13  4 95 14 18 13 80  5 48  7 42 11 12  1 84  2 99 10 56
 2 70  1 37  0 17  4 37 13 32 12 36 11 29 10 80  5 27  9 42  3 61  6 80  8 62 14  6  7 50
 1  1  9 96  7 15  5 42  8 17 11 50  3 97  2 36  0 47  4 69 14 67  6 14 13 73 12 82 10 60
13 92  3 47  7 11  2 70 14 31  8 34  9 20  1 49 12 30  4 37 11 49 10 60  5 70  0 10  6 14
 6 82 11 25  8 16  1 95  9 79  3 96 13 87  5  9 12 76 14 16  4 40  7  5  2 93 10 32  0 43
13 43  9  1  0 87  4 11 10 84  3 35 12 14  7 52  2 59  8 21 14 64 11  4  5 74  6 89  1 99
 8 68  0 12  7 25 12 13  5 77  6 50 11 80  4 62  1 77 10 22 14 67  9 21  2 37 13 86  3 68
12 84  3 56 14 90 11 17  0 30  5 69 10 29  1 50  7 77  2 74  9 22  8  3  6 79 13 12  4 63
10 10 11 86 12 18  4 20  1 77  2 36 13 59  5 73  8 31 14 13  0 96  7 40  3 75  9 61  6 86
10 78  1  2  3 44  7 84 14 86  9 81 13 79  8 25 12 44  2 63  4 19  5  6  0 28  6 71 11 94
 8 24  3 27  4 83  6 83 11 80  2 30 14 12 10 21  0 94 13 39  1 51  5 80  9 71 12 70  7 34
14 30  5 61 10  7  1 31  8 43  0 30 11 83 13 81 12 30  7 46  4 37  9 98  2 91  3 12  6 72
 9 58  6  9 14 91  2 88 11 84 13 17  3 99  0 95 10 79  8 91  5 79  7 47 12 98  4 33  1 65
 7 30  1 57  5 99  4 55  3 30  8 98  6 74 11 61  9  5 12 49 14 24 13 73  2 25 10 79  0 99
14  6  0 91 10 29 12 45  1 78  7 60  9 69  3  4  6 11  4 14  2  8 13 62  5  3  8  9 11 92
 4 68  5 33  8 78  9 16 10 75 12 96  0 61  7 52  2 63 13 24 14 51  6  7  1 36  3 14 11 73