30 20
 7 40  0 51  1 87  9  3 10  2  8 80 19 35 16 46 18 79 12  3  4 40  3 91 13 76  6 14 15 10 14 81  5 41  2 11 11 25 17 42
 7 76 14 97  9 81  1 70 13 18  8 68 12 64  3 17  4 54  2 84 17 57 16 98 19 38 10 93 11 52 18 54  5 71 15 61  6 20  0 87
 1 30 16 28 14 76  7  2 10 44  4 58  8 26  5 42  9 50 18  9 11 33  2 68 12 23 15 95  3 51 19 15  0 88 17 58 13 27  6 79
10 61  1 88 13 51 11 78 17 92  8 74 12 38 19 64  5 96  6 83  0 58 16 62 14  5 18 15  7 43  2 53  3 30 15 15  4 96  9 41
17 93 16 25 10  1  5 71  7 48  1 16  3 20 12 52  6 88 11 77 18 23  2 25 13 43  4 94  9 59 19 29  8 37 14 97 15 61  0 46
14 58 17 63 16 56  9 12 18 10 12 18  6 13  1 65  8 60 19 21  4 11  2 40 10 52  7 80 11 78 13 91  3 72  5 31 15 75  0 64
14 15  2 39  4 15 13 22 11 75  8 48 15 89 12 96  1 34 16 55 17  6  7 92 18 18  3 84  5 24 10 15 19  1  6 39  9 66  0 43
 6 33 18  5  0 17  5 46 15 65 19  2  3  8 10 83 17 83  9 21 14 73 12 82  1 18 11 98 13 75  7 10  4 87  2 54 16 56  8 98
 5 72  7 31  4 67  2 53 10 64 16 51  3 62 15 73  0 49  9 92 13 85 18 40 11 80  8 88  1 88 17 73 12 51 19 12 14 76  6 38
11 47  0 97 14 92 17 26 19 90  7 99 10 50  1 76  5 54  3 17  2 46  4 34 18 23  6 43 13 42 16 88 15 25  9 93  8 87 12  4
14  8  7 40 10 13 13 27  3 95 15 17 12 24 17 36  8 70  2 46 18 14 16 29  5 66  1 94 19 86 11 57  9 29  4  8  0  5  6 58
 4 52  3 85 16 35 12 41  1  5 19 82 15  8 13 11  8 37  5 11  0  9  2 35  7 76 14 23 17 11 18 80 10 20  9 69 11  6  6 58
11  9  2 73  7 72  6 10 18 93  0 11 16 33 17 42 12 58 13 93 10 77  8 60  9 20 14 86  1 51 15 89  4 25  3 45  5  5 19 74
 8 22 13 63 16 15 14 63  2 29 11 65  1 41  9 85 17 16 10 56 12 39  4 81 18 95 15 63  6 48  0 60  3 78  5 35  7 99 19 47
10 87  1 58 12 52 15 31  8 62 11 54  6 11 16 59  2 37 19 10  3 13 14 87 13 39 17 92  0 35  5  3  4 86  7 47 18 94  9 50
 6 59  1 22  9 45  8  4 16 69 17 27  7  9  3 25 15 48 10 71 12 12  4 59 11 18  0 40  2 32 19 80 18 99  5 61 14 20 13 39
11 38 14 96  5 92 12 86  3 73 17 67  2 32 16 15  1 77 13 45 19 63  6 46 18 56  7 70 10 85  4 34  8 81 15 54  9 30  0 62
 6 41 17 56 18 96 15  5  0 76  2 48 16 98 14 50 10 74 11 48 13 83  9 64  1 26  4 18 12 93  8 62  7 56 19 73  3 22  5 51
 2 23  3 17 17 50  5 73  4  1 11 85 19 61 12 19 15 58 14 78 18 74 16 99  9 24  0 54  8 29  7 44 10 69  1 74  6 80 13 61
12 37  7 17 13 75  4 32 11 14 16 85  9 41 18 96 19 26  2 12  0 38  8 13  1  8  5 50  3 11 15 54 17 52 14 82 10 25  6 28
17 96  3 16  7 35 16 36 11 27 10  2  4 20 13 57  6  4 14 49  5 93  0 22  2 96 12 78 18 51 15 95  1 66  8 31  9 99 19 98
15 61  0 98  8 42 16 15 11 90 18 51  3 10  7 16 13 93 14 15 10 26  2 26 17 39  6  1  1  7  4 76 19 89 12 63  5 46  9 72
13 20  4 10 10 47 17 49 11 34  8 84 18 61 15 66  6 71 12 13  2 61 14 60  3 63  5 34  1 27  0 67 16 69 19 58  9 16  7 97
16 36 12 74 19 92  1  5 18 95 15 38 11 46 13 90  9 59 14 77  2 37  8 57 17 82  4 17  7 26  6 99  5 60  0 30  3 54 10 54
 1 63  5 90 18 20  3 30  0 44 14 37 12 11  2 97  7 50 13 11 10 86  9 19 17 43  8 75 19  2 16 48  6 92 15 63  4 85 11 11
19 69 17 25 18 62  6 58  9 37 12 32  1 76 16  1  0 53 11 94  7 35  3 92 14 88  8 38  2 23 10 37 15 39  5 21  4 77 13 61
 9 97  2 88  6 87 12 33  4 53 13 51 14 82 16 56 11 99 10 95 15 42  8 13 18 81  7  4 19 84  0  9 17  9  3 10  5 53  1 55
 4  9 12 13 18 30  5  8  0 67 13 39  1 44 14 64 19  9 17 66  8 10 10 68 11 64  7 57  2 53 16 12  9 32  3 65  6 77 15 23
 8 75  1 71 16  6 11 61  5 20  7 31 13 20  3 57  4 37 15 18  6 32  0 45 19 17  2 32 12 15 14 90 18 17  9 70 17 38 10  3
18 23  8 94 17  4 11 57  7 93 19 16  6 27  5  4  4 11  0 17 12 85 14 14 16 29  3 82  2 78  9 49  1 17 10 55 15 70 13 46