30 20
 5 28 15 27  9 16  8 53 11 88  3 16  0 31  6 92  2 41 13 54 16 60 18 70 17 62  1 12 12 16  4 16 10 17 14 31  7 16 19 52
10 52 16 94 17 29  9 46  7  7 19 94 12 34  6 28 13 37  3 42  4 33 18 15  8  6 14 81 11 57  1 95  5 83  2 45 15 92  0  2
 6 84  5 79  2 99 18 34 17 57 14 54  0  3  4 43  8  5 13 23  1 69 12 39 16 45  3 41 15 27  7 55 19 17 11 16  9 21 10 58
19 68  1 73 10 47  0  6 14 92 11 34 15 57  5  7  8 91  3 81  7 12 18 59 12  8  6 12 13 33 16 34 17 50  9 69  2 11  4  2
14 29 12 53 13 14  6 86 10 28  8 27  7 90  9  4 16 54 19 12  1 37 17 71  3 18 15 70  2 72 18 29 11 59  4 69  0 53  5 47
 0 87 10  5 19 55 11 54 14 57  3 62 17 62  7 69  6 60 18 91  2 81 12 64  4 50 13  3  5 51  9 72 15 41  1 17  8 86 16  7
 8 22 18 21 16 53  2 20  6 54 15 12  9 32  0 10  7 53 13  8 11 98  1 61 14 30 12  8  3 16  4 70  5 27 19 53 10 62 17 47
 2 68 11 36 19 69  4  3  1 37 18 36 13 99 14 71 12 40  8 62 16 41  9 51  0 63  5 53 10 14 15 39  7 11  3 19  6  2 17 91
 6 34 14 47 11 44  8 30  4 96 19 57 16 72  3 99 17 99  9 28  2 38  1 74 15  9  5  6  0 45  7 72 12 65 10 71 18 33 13 92
10 18 15 50  1 65  7 11  4 38  0 41 13 13  2 98 16  9 14 94 12 83 17 70  9 55  6 37  5 50 19 33  3 15 11 39 18 77  8 16
 9 12  7 50  6 96  3 52  5 99 18 31 15 13  1 81 16 57 10 54 14 27  8 97 11 62  0  9 13 49 17 75 12 22  4 79  2 65 19 91
 7 15  6 25 16 30 14  5  2 85 13 65  0 99 15 22 17 82 11 36  1 29  5 87  8 21  9 93 12 67 18 70 19 65  4 20 10  6  3 98
 8 10 17  3  1 55 12 93  4 76 13  6 10 91 19 86 14 89  3 70  2 66 18  1  7 70  0 50 15 20  5 53 11 97  9 25  6 20 16  2
16 14  9 51 19 46 13 66  2 10  3 48  1 39 18 22 15 63  5 47  8 76  0 74 11 88 10 77 14 39 17 48  7 12  4 60 12  6  6 34
19 52 17 92 18 91  1 40 13 88 12 61  0 85  8 99  2  8  6 17  7 94 16 18 14 24  9 71  4 71  5 94  3 17 10 82 11 50 15 75
17 15  6 51 10 57 18 14  7 25  2 10  3 54 19 98 14 26 15 73  5 67  1 75  0 48  4 45 11 22 12 27 13 42 16 40  8 48  9 67
17 48 15  8  9 52  1 54  4 69  7 37 11 14 18 41 19 20  3 15  8 98  2 44  0  8 14 95 13  9 10 51 16 25 12 22  5 72  6 32
 0 50  4 91  9 73 19  8  2  4  1 17 18 86  7 94  8 37 17 37 11 35  3 42  6 84 12 95 13 23 10 49 14 33 16 32 15 94  5  3
11 76  6 43  8  9 16  4  4 86  0 17 13 79 14  6  7 79 17 92  9 46 19 92 10 19 18 12  2 54  1 61 12 18  3 81  5 18 15  1
14 79  6 36  7 11 12 58 16  9  9 78  0 90  2 14 11 37  1 69 18 36 10 91  5 89  4 63  8 35 17 63 15 22 13 62  3 50 19 32
19 83  7 51 14 92  2 32 18 82  8 22 17 51 12 77  9 90 10 28 15 24 11 38 16 28  5 95  4 99 13 15  1 69  3 52  6 76  0 89
 9 33 18 81 14 98  3 76 12 11  2 75 16 58 19 26  7 69 17 95 11 79  5 66  1 10  8 37  6  7 10 75 15 17 13 24  4 29  0  3
11 54 16 14  6 22  7 40 18 41  2 31  8 48 14 43 10 67  5 27 13 74 19 24 12  2  1 45  4 64 17 11  0 90  3 45 15 54  9 47
 8 35 18 88 14 12 15 24 16 54  7 41 11 45 19 59  2 69  3 77  4 18 17 22 12 68 10 29  5 78  1 63 13 57  9 31  6 79  0 13
15 21  0 36  4 85 16 69 18 33  1 90  9 66 10 53 11 95 14 91  2 54  5 12  3 31  7 51 19 43 12 99  6 30 13 84  8 30 17 61
 1 15  8 75 16 74  9 54  3 71 14 98 17 25 10 74  6 88 19 20 18 93 13 97  2 77 11 89  7 92  5 70  0 29  4 27 15 64 12 98
13 37 17 49  0 45 14 80 11 30  5 89 15 22 18 52  3 23 12 77  4 27  8 60  2 41  1 59  7 66  9 39 19  1  6 57 10 23 16  5
 4 72  3  8 16 33  2 92  8 24 15 35 19 96  5 54  1 23  0 72  6 35 11  3 12 45  9  8 17 93 10 19 14 64 13 32 18 54  7 96
 8 60  5 29 13 85 11 61  1 58  3 63 14 46  4 59  7 18 18 96 19 35  2  1 12  8  6 53  0 40 15 99  9 71 16 29 10 49 17 88
 0 10  9 36  5 39  2 44 19 68  4 98 18 27 17 74 12 17  8 50 13 11  6 59 14 65  7 27  1 68 16 65  3 14 11 14 10 30 15 89