30 20
 8 13 15 50 14 56 11  8 10 33  3 96  0 94 17 43 16 46 13 57 19 57 12 46 18 63  4 19  9 88  7 33  5 99  1 57  2 51  6 92
19 92  1 99  4 68  2 20  0 22 11 94  7 15 16 11  3 20 10 30 12 13  6 11 17 83  5 28 18 10 14 37  9 52 13 98  8 25 15 85
 3 33 14 85 13 61  0  1 12 19  7 58 10 34  5 87  8 61  1 15  2 27  6 15 11 62  9 19 19 99 16  9 15 10  4 13 17 92 18 64
11 32 17 58  2 38  9 92  5 85  0 87  3 69  6 91 19 53 18 71 13 94 16 49  8 98  7 32 10 22 12 19  1 95 15 95  4 44 14 11
12 24  0 70  4 85 14 52 19 17 10 84  7 68  2 16 17 18  6  1 16 60  3 98 18 86  5 31  9 71  1 88 11  5  8 64 15 36 13 89
 8 76 16 23  2 23  1 61  9 36 13 97  7 93  5 27  3 80 14 52 19 59  0 92 18  5 10  4 15 34  6  5 12  9 17 68  4 48 11 59
15 23  7 57  1 79 18 99 14 32 16 30 17 43 19 57 11 44  4 32  6 79  3 77 12 17  8 72  9 99 13 69  2 87 10 37  5 65  0 27
 4 70  9 85  7 89 10 43 15 51  2 78 19 13  1 48 12 94 11 98 13 86 17 12  8 59 18  4  5 42  3 23 16 63  0 92 14 94  6 69
 2  2 14 72 17 13 19 15  5 26 16  6  0  8  6 22  7 26 18 58  9 69  4  3  1 74  8 28 15 89 13 19 12 22  3 35 10 91 11  4
 2 70 19 36  9 62  0 97  7 33 14 98  1 37 13 84  4 47  3 49 16 64 15 28 18 23  6 54  8 79 17 70 11 26 10 12  5 17 12  7
17 81 18  6 15 60  2 34  1 27 16 87 11 52 13 42 19 22 14 79  5 20 12 65  9 80 10 14  0 55  6 16  3 43  8 29  7 64  4 44
 0 70  7 31 17 88 18 86 13 35  1 62 15 29  2 10 10 87 19 89 16  9  8  3  3  1 12 71  5 60  6 66  4 15 14 74 11 14  9  9
 0 62 10 62 11 67  9  2  7 48  4 72 15 39 17 11  5 34  6 50  2 81 14 18  3 82 16 13  1 72  8 10 13 55 18 61 19 50 12 83
16 86 18 11 12 78 10  8  2 15 17 77 15 43  1 38 14  3  9 54  3 78  5 28 19  9  6 67 13 13  4 92  0 45  7 60 11 22  8 97
15 52 18 86  5 78 12 76  9 40  3  7 10 91  7 25  1 45 13 84  6 29 16 73  0 22  2 46 17 19  4 75 14 64  8 63 19 59 11 61
11  8 17 39  5 98  0 22  2 81 19 17 14 65 16 64  7 69  6 31  1 61  4 24  3 80  8 57 18 89 12 71 15 10 10 19  9 38 13 54
19 26  2 14  4 86  9 60  1 65  6 84  8 34  7 73 13 13 18 27 17 38 15 53 16 33 11 48 10 29 14 41  3 80 12 73  5 65  0 60
11 55  1 43  7 17  6 27 19 75 10 92 13 84  9 53 12 56  4 31 18 87  5 93 14 77 16 60 17 76  0 83  8  6 15 47  3 99  2 35
18 95 11 68 17 38 12 23  6 93  3 10  9 85 16 86  1 34  2 45 10 14  5 87  7 99 19 96 15 47  0 57  8 43 14 80 13 41  4 48
 1 56  7 24 13 35 17 42 10 92 16 69  2  1  4 99 14 31 11 51  5 34 18 42 15 39 12 45  0 26 19 42  8 74  9  9  3  6  6 71
15 14  4  3 12 51 14 90  2 43 16  2 18 73 19 23 10 49  8 63 11 26  6 50  9 79  7 14  5 70  3 23 17 43  0 73 13 74  1  9
 8 64 19 40  4 31 17 28 13 89  6 82 18 36  0 80 10 56  1 41 15 58  2 40 14 72  3 83 12 54  7 14 16 99  9 44  5 93 11 53
 1 37  6 84  9 89 18 35  5 37 12 82  2 56 11 35 14 45 17 14 15 17  7 14  8 81 16 13  3 88 19 24  4 62 10 25  0 72 13 22
12  2 19 73 11 10  4 24 15 23  8 47 14 74  3 34  2  7  5 73  1 22  7 73 18 24  6 64  0 30  9 88 17 41 10 13 13 50 16 40
 4 20 16 88 13  2 19 38  3 79  7  5 10  9 15 48  1 59 17 39  2 29  9 36 14 88  6 31  0 13 11 29  8 27  5 39 18 59 12 89
 2 86 13 29  5 29 19  3  4 30 14 39 18 94  8 92  7  7 12 89 11 28 16 77  1 12  0 74 15 48 10 75 17 87  6  1  9 76  3 79
12  4  4 88 16 48 14 23 13 31 17 94 15 37  3 96  2 68 10 65  5 32 18 34 11 51  7 63  6 58  8 76  9 99 19 82  0 31  1 23
10 31  6 53 17 33 16 89  2 42  9 98 15 61  4 82  5 79  0 78  8 18  7 24 12  6 19 75 18 69 11 41  3 53 13 95  1  8 14 95
 9 12 11 12 16 70 19 37  8 79 12 57  6 15  7 57 15 17 18 24 10 63  4 35 13 45 14 72  0 41  5 11  1 83  3 49 17 20  2 62
19  6 15 18 12 82 13 63 17 17  8 37 10 34  1 36  9 69  5  1 11 81  0 76  7 85 14 14  6 97  3 56  4 79 16 24 18 37  2 72