30 20
 1 73 18 39  5 97  8 38  3 24 11 25  9 32 15 39 10 76 13 99  7 66  0 55 16 99 19 25 17 49  6 87  4 20 12 57 14  6  2 95
18 76 16 38 19 10  6 74  4  9 17 25 15  7 14  8  8 18 13 34  3 76 11 46  0 91  5 23 10 10  7 25 12 30  2 56  1  4  9 53
12 38 15 40 10 13 17 61  6 92  0 63  4  8  5 67 11 40 13 71  2 25 18 21  9 30 16 71 14 24  3 28  1 98  7 73 19 84  8 11
 8 83 19 40  5 85 11 22  4 14 10 69  6 82  3 55 16 53  9 41 12 29  2 54 15  6  1 10  0 82 14 67 17 33 13 44 18 44  7 69
14 32 15 45  1 13 13  2  2 28 11 15 17  1 12 90  3 85 18 62 16  5  0 32  8 90  9 23  4 61 19 70 10 84  7 16  5 13  6 40
 2 13 10 18 14 26  8 24 11 67 18 30  6 53  3 27  0 48  5 94  7 27 16 46  9 67 12 50 13  3 15 52  1 40 19 81  4 15 17 72
 4 40 16 20 10 88  6 51 15 56  5 87  8 86  0 49 13 43  3 17 11 85 19 68 14 45  7 48  1 81 12 46  2 11 18 15 17 13  9 43
14 83 17 12  6 72  3 84  9 14 19 47 16 24  5 78  1 86 15 40 11 52  7 53  4 86 10 80  2 95 18 95 12  6  8 74  0 90 13 90
15  8  7 66 10  1 13 37 17 77  8 26  5 86  1 69  0 92  9 44 16 17  6 91  3  4 12 69 14 78 19 47 18 47  4 96 11 56  2 96
16 47  8 51  7 64 18 12  2 44 12 85  0 61 10  5  5 70  3 84 13 26 19 25  9 79 11  1  1 82 17 32 15 65  6 32  4 86 14 22
 8  4  4 51 12 97  1 12  3 60 19 42 17  8 10 50  9 24 14 91  6 60  0 41 15 22 18 38 16 24  7 14 11 38  5 87 13 63  2 52
18 82  2  5  0 15  9 40  5 10 11 90 17  3 14 26  7 64 19 37 16 84  6 74 13 83  1 96  3 85  8 92 10 99 12  3 15 94  4 28
 0 14 11 94  1 56 12  1  8 24  2 28 15 39  6  3  7 61 17 36  3 49  4  4 13 75  5 39 18 32 10 11 19  7  9 99 14 72 16 56
 7 34  3 55  6 27  4  7 10 95 19 10 13 59  2 42 16 25  0 41  1  7 11 78  9 80 18  8 15 69  5 34 14 44 17 85  8  5 12 43
 9 86 18 33  1 46 14 16 12 88  2 91 15 95 19 19 10 89 17 81  0 94  6 50 13 52  5 94  4 62 16 47  7 26  8 75  3 45 11 88
12 39  5 82  9 72  8 17  3 66 15 59 19 89 10 36  4 69  0 31 11 81  2 64 13 39  6 87 18 41  7 13 16 34 14 72  1 62 17 28
16 89  7 26  9 53  3 42 17 11  5 51  0 74 13 11 15  5 19 30 18 97  8 68 10 43 12 76  1  2  2 61  4 42 11 28 14 34  6 64
 0 54 10 75 16 29  5 18  4 93 17 10 11  1  2 53  9  7 18 33 13 98  1 60  6 90  7 33 19 17 14 19 12 75 15 29  8 74  3 92
 0 87 12 76  1 27 11 59  4 50 13 13  8 41  7 60 18 87 10 52  5 20 16  9 15 84 14 93 19 27  3 88 17 11  2 90  6 54  9 11
 9 85  4 77  6 34  5 96  8 86 12 85 14 51 15 64 19 28  2 44  0 45 10 50 18  5  1  4  3 24 17 47 16 13 13 59  7 76 11 57
14 39 16 15 13 44  7 89 10 84  5 37  2 37  8 89 17 61  9 33  1 72  3 85 11  8 15  6 19 93  0 62 12  3 18 97  4 76  6  4
 8 72 15 41  6 46 12 64 13 17  9 99  2  9 18 29  3  2  0 72  4  4 10 51  7 41  5 35 16  3  1 11 19 41 17 22 11  8 14 79
15 51 12  1  9 50  1 18  0 76 18 28 14 73  3 47  8 28  7 20 17 36 10 17  5 95  4 87  6 31 11 82 16 78 13 53 19 83  2  1
 6  2  2 51  7 69 18 21  8 82  9 78 13 40 12  2 19 56 14 64  0  3 16 90 10 32  5 43 11 76  3 16 15 67  1 26 17 30  4 31
 5 67 18 51 12 34  4 27  9 46  2 57  7 36 16 56 14 16  3 56 10 27 11 96 19 70  0 18  1 45 13 30  8 32 17 47  6  1 15 64
 8 30  5 81 19 57  6 42  4 64 12  8 16 90 13 95  0 97  3 82  9 11  1  7  7 85 10 43 18 94 15 85 14  1 11 11  2 95 17 81
19 41  9 67  3 95  0 58 18 87 14 54 16 60 15  1  2 69 17 13  4 99 11  5  6 25  5 45  1 38 10 20 12 40  8 18 13 25  7 34
 9 58 17 93 16 53 15 81 19 34 10 73 18 97  2 42  1 20  4 71 11 22 12 21  3 31  0 99  7 36  5 99  6 38  8 12 13 25 14 22
14 96 15 82 16 74  5 38 10 52  7 93 13 17 12 81  6 19  0 18  3 11 11 60  9 93  1 69 19 27  8 73  4 57 18 46  2 38 17 61
 6 50  2 27  8 71 12 70  3 36  9 82 10 90 13 18 15 93 19 97 11 24 17 93 14 56  7 51 16 89  4 66  0 29  1  8 18 97  5 41