30 20
11 64  2 48 14 78 19 83  5 55 16 70  8  9  9 27  7 47  1 55 12 97  0 25 18 66  4 82  6 98 10 41  3 92 17 96 15 58 13 65
18 23  1 38  5 86 15 43 10 49  2 14 12 90 17 89 11 57  0 39 16 78 14 65  4 74 13 73  9 21 19 93  8 24  3 25  7 63  6 58
 6 30 10 79 12 27 11 67 16 25  9 77  2  6  7 29 19  1  8 42  1 37 13 75  4 38 15  1  3 34  5 91 18 70 17 59 14 34  0 74
 3 17 17 52  4 70  2 54 16 36  8 64 14 68 12 63  0 74  9 23 15  5  7 76 13 75 18  9 11 17  6 19  1 55 19 85 10 13  5 31
 7 18  5 97 12 14  2 28  6  3 19 35  0 91 15 39  1 74  9 11 18 60  4 78 17 20 16 18 11 53 13 24  8 46 14 87  3 60 10 40
 8 74  9 46 15  8 12 77  0 23 18  4  4 31 14 52  5 28 10 49 19 44  7 76 13 51  3 11  6 60 17  2 11 66  1 41  2 98 16 45
19 43  6 32  1 76  3 39 10 32  5 97 15 64  8 80  9 34  7 22  0 40 16 63 17 12 18 14 11 32  4  6 14 82 12 29  2 17 13  8
11  9 10 34  6 61 14 48  0  9 13 57  3 83 12 47 19 69  2 95 18 99  5 25  7 62 16 99  9 72  4 12 15 16  8 23  1  9 17 35
12 60 15 49  1 57  4  5  5 77  8 96 14 56 13 96  3 50 17 84  6 70 16  3  7 26  2 64 10 11 19 94  0 26  9 81 11 53 18 19
13 98 19 49  0 86 11 13  7 56  6 45 12 54 14  9 16 47 15 68  8 39  2 10 10 44  4 94  1  4 18 45  9 31 17 88  3 68  5 96
 4 45  7 91  1 93 17 20  0 16  5  7 12 10  8 45 19 75  2 43 10 16  6 28  3 23 11 68 14 61 15 75 18 18 16 87  9 72 13  4
12 26 11 71  1 11 16 46  7 47  0 68  3 73  8 62 14 54  5 30 15 35 19 27  2 75 10 36 18 64 17 50 13 99  4 31  9 66  6 81
 6 82  2 48  9 34 18 86  3 79 19 71 16  3 12 25 13 57 17  9 15 20 11 87  8 54  1 58  5 53  7 69 10 19  0 26 14 74  4 23
 0 89 12 14 17 18 15 95  1 43 19 80  7 23 18 25 13 40  4 98  6 95 10 74 16 70 14 49 11 53  3 71  8 24  2 80  9 50  5 49
13 83 18 33 17 78 12 95  5 46  4 92 15  3  1 91  0 70 16 36  2 97  8 70 14 68  3 84 10 20  9 50  6 46 11 67 19 22  7 26
18 29  8 65  6 81  4 28 15 46  0 76  2 47 14 45 12 36  5 94 10 72  7 78 17 18 13 57  3 95 16 82 19 95  9 26  1  9 11 21
12 19  0 85  8 84 14 73  6 25  9 97 15 95  3 41  1 33  7  7 16 38  2 70 18  2  4 73 10 91 19 77 17 31  5 61 13 91 11 99
11 77 19 90  4 70 10 19  5 64  8 89  6 97 12  6  2 26 18  6  0 54  7 74 15 69 16 54 17 96 14 72  1 10  3 97 13 37  9 21
10 49 19 41  0 36 17 88 18 33 12 28 16 77 13 44  4 66  5 20  6 50  3 33 14 98  2  3  1 81  7 75  8 92 11 13  9  1 15 48
15 79  5 32  6 76 17 49  7  5 11  6 19 77 13 92  0 48  9 17  2 59 14 40 16 79  3 16 10 36  1 59  8 41  4 59 12 86 18 25
 0 25 14 42  7 57  9 49  2 50 16 20  6 35 11 84  1 49 19 20 15 65 10  3  8 29 13 28 12 97  4 11 17 90  5 47 18 56  3 15
15 76  3 37  9  4  1 41  6  5 10 77 12 55 14 24  4 45 16 64 13 27 19 16  2 63  7 49 18 81  5 51  0  7 11 84  8 51 17  6
10 22  9  6  5 97 12 75 11 62 15  7  0 38 13 86 19 49 18 18  6 82  7 68 17 22  2 18  1 21 14 46  8 41  3 78 16 76  4 82
10 28 13 34  1 83 12 61 14 52  9 73  4  4  8 79  6 53  2 77 11 50 18 18  7 90  3 41 19 75 15 51 17 43  5 91  0 77 16 13
 8 60 19 64  4 95  7 93  6 20  9 34  2 79  0 14  5 56  1 31 18 24 10 94 16 83  3 96 13 44 14 18 17 23 11 62 12  2 15 94
 6 53  2 49 14 72 19 60 12 80  7 53  1 92 10 44 16 15  8 42 13 78 18 88 11 58  9 34  4  1  3 99 17 71  5 46 15  4  0 69
11 50  6  5  2 59 15 26  9 35 18 40 14 48 13 71 17 17  0 89  8 97  7 69 16 85 10  1  4 45  3 12  1  6  5 60 12 91 19 80
11 76  6 47  4 33 13 80 12 49 15 92 18 18 19 30  9 34  3 66 16  8  0 10 10 44  8 18  7 95 14 19  1 76  5 20  2 56 17 31
14 80 11 92 19 41 16 86  1 90  3 50  5 22  7 85  6 92  0  4  9 74 15 55 17 11 12 99  4 35 10 97 13  6 18 71  2 79  8 75
13 36  3 12 17 81 19 48 11 69  0 33 10 10  9 61  6 58  2 71 14  8 16 24 15 69 18 63  1 58  7 80 12 31  8  9  5 45  4 62