50 15
 6 27  2 52 13  6 14 73  0 34 12 47  3  6  8 94  7 81  9 10  1 21 10 55  5 82  4  3 11 88
 4 65 13  7  8 27  6 45  0 13  3 14  5 28 11 32  2 47  1 48  9 61  7 99 14  7 10 76 12 25
13 88 14 29  1 69  8 78  6  4 12 53  3 75 11 91 10 26  4 14  2  2  7 17  9 83  0 60  5 79
 9 29 14 52  7  7  6 27  2 37 12  6 10 56  3 23  0 40 11 16  1 36  5 76  4 83  8 92 13 97
12 77  3 32 13 33  9 70  8  6 11  4  2 40  5 16 14 96  0 51  1 42 10 43  7 30  6  5  4 42
 8 35 11 52  6 55  7 51 10 18  3 96  1 66 13 95 14 53  9 12  2 71  5 52  0 94  4 56 12 70
 5 17 10 96 11 62 14 23 13 74  2 27  6 36  3 53 12 93  1 40  7 50  9 12  4 23  8 96  0 51
 5 99 12 10  9 71 13 50  0 70  2  3  1 87  7 55  3 51  4 75 14 77 10 79  8 69 11 79  6 25
 3 19  7  5 10 26  1 48 12 39  9 71  6 80 11 11  8 18  0 59  4 17 13 61  2 33  5 60 14 18
12 74  3 30  1 81  9  4  6 41 13 48  5 57  4 69  0 36 11 47 10 62 14 24  8 36  7 16  2 77
 3 93  0 35  1 42 11 48  8 84  6 27  4 49  5 74 14  2 13  9 10 45  2 14  7  5  9 54 12 21
 5 62 10 29  8  5  3 84  2 37  4 57  0 92  7  4  1  8  9 45 11 66 14 82  6 27 12 25 13  8
 0 43  2 69  7 39 11 11 12 58 14 75 10 43  8 25  9 18  3 65 13 36  6 41  1 53  5 10  4 66
 2 73 11 11 12  8  7 47  6 38 13 33  4 36  0 85  5 47  8 53 10 10 14 77  1  8  9 35  3 28
 5 18  0 88 13 92 11 37 14 50  6 21  1 32 12 78  9 62  4  8  2 98  7 17  8 31 10 66  3 50
 6 68  0 43  5 18  7 22 14 46  9  1  1 54  4  1 11 99 12 78 10 47  8 97  2 27  3 21 13  1
 1 68  6 70  2 72 10  8 12 63  8 92  9 63  5 40  3 12 11 48 13 50  7 77  4 21  0 83 14 26
12 95 14 95  3  7 10 66  7  7  2  9  4 65  1 93 13 32  5 75  8 20  9 48 11 32  0 27  6 13
13 63  4 62 12 65  9 82  6 63  2 54  5 73 10 94  7 77 11 66  1 23  0 84  3 85  8 86 14 47
 6 62 13 13  1 75  9 93 11 47 14 29  2 75 10 65  8 87  0 47  3 57  4 65  7 29  5 49 12 88
10 45  6 19  5 42  2 97  9 54  4 24 12  6  8 36  0 44 14 78 11 35 13  7  3 52  7 71  1 46
14 58 11 61  1  8  6 68 10 21  0 23  9  9  3 35  5 54  7 12  4 51 12 48  2 38 13 12  8  6
14 86  0 51  9 78 13 15  5 37 10 64  1 13  7 94  2 53  8 87 12 98  6 64 11 10  3 86  4 94
 5 36 10 33  1 95 14 67  0 79  6 36  4 20  3 75  7 27  9 94 12 65  8 29 13 85 11 97  2 70
11 39  6 10  3 67 10  9  9 56  0 55  5  1 12 37  4 76  7 93 13 88 14 16  1 72  8 63  2 10
 4 49  7 63  0 93 11  6  3 17  2 49 10 57 13 29 14 25  9 87  8  6  6 41 12 69  1 54  5 95
 9 64  1 50 14 59  2 35  8 77 13 39  4 16  0 14 12 22  5 31  7 42  6 37  3 86 11 48 10 74
10 91 11 14  4 66 13  7 14 28  1 66 12 96  6 91  0 18  3 63  8 26  9 36  7 43  2 36  5 77
 1 87  4 56 10 80  6 85  7  3  9 62  5 39  2 19 12 58 11 40  3 18 14 79  0 81 13 56  8 42
 2 70 11  4  4 35  0  3  5  7  7 47 10 41  6  5 13 76  8 44  3 70  1  9 14 20 12 52  9 28
 8 40  1  1 11 87  9 54 10 95 13 96  6 18  4 64  5 78 12 95  7 67 14 79  3 26  2 23  0 39
14 73  5 21  6 86  8 12 12 22 11 42  0 23  1 76  9 84  3 94  7 32 13 60  4 13 10 11  2  1
 6 23  0 35  8 38  9 72  7  1  4  8  2 81 14 85  1  1 10 13 13 90 11 50  3 39 12  2  5 10
 6  8  4 54  1 84 12 34 13  7  9 18 10 85  5 29 11 69 14 34  8 20  3 70  7 76  2 76  0 57
 4 12  9 96  5 55  3 80  8 76  7 68  2 31 13 36 14 61 12 77  6 83 10 85  0  9  1 22 11 96
 9 17  2 30  6 12 14 11 13 95 10 82  0 15  8 92 11 75  3 39  5 99 12 40  4 41  7  5  1 27
11 58  9 66  4 38 12 97  1 12 13 63 10  2  8 87  6 84  7 30 14 16  2 58  0 16  5 40  3 91
 8 45  0 13 11 72  7 52 12 45 14 63 13 21 10  6  5 90  6 69  9 77  3 50  2 37  1 42  4  5
 5 32 12 25 14 10  7 84  3 25 11 90 13 96  2 89  0 95  8 29  4 21  9 44 10 90  1 11  6 93
12 87  3 43 10  7  9 15  1 85 14 10  5  3  8 41 13 95  4 75 11 13  6 53  0 16  7 98  2 57
 0 48 11 51 10 92 13 87 14 45  6 66  4 98  9 45  7 65  2 61  8 73  5 41 12 71  3 14  1  9
 6 34  8 19  3 92 13 91  7 39 11 46 10 17  1 48  4 79 12 96  2 25  5 83  9 13 14 89  0 85
 8 23  9 81 14 93  1 35 11 90  0 66 12 75 10 75  6 35  4 25  2 99  5 17  3 59  7 65 13 92
 6 40  8 21  1 40  4 38 13  8  2 66  9 31  3 40 14 26  0 84 10 93  5  2 12  5  7 51 11 38
14 62 11 11  2 99  9 18 12 28  1 22  8  7  0 79 13 43  6 99  5 53  7 39 10 92  3  6  4 92
 8 83  1 36  3 59  5 95  4 65  7 85 10 24 13 94  6  6 14 47  9  6 12  5  2  1 11 79  0 98
10 89 13 52  8 62 12 25 11 68  5 62  0 41 14 73  1 78  9 42  4 10  7 45  2 84  3 55  6 33
10 42 13 93 12  3  1 60 14  7  6 68  7 15  5 28  8 91  0 80  3  5  4 66 11 36  9  2  2 57
 2 66 11 16 12 51  8 18  4 83  5 95 13 21  1 93  7 74  0 63  9 94  6 57 14 73  3 20 10 88
 3 89  7 18 10 49  5 87  0 29 13 51  6 52  1  4  2 33 14 68 12 27  9 42  8 53  4 91 11 92