50 15
 9 11 11 14  6 30  8 75  5 27  4  9  7  4  3  7 13 24 14 15  2 43 10 58  0 51  1 66 12 12
 5 96  9  4  7 94  0 98  3 58  6 79 13 65 10 96  8 31 11 26 12 60  2  9 14 77  4 13  1 21
14 36  3 34  4 61 12 37  1 43  8 74  5 43 11  4  7  8 13 33  0 92  6 53  2 79 10 39  9 86
10 62 14 58  1 67  8 96  3 18 12 28 11 49  7 61 13 58  2 91  9 65  5 17  6  8  4 25  0 67
 0 98 12  5  8 48 10 45  2 92 13 70  9 58  6 48  7 58 11 51  1 69  3 36 14 62  4 92  5 26
 4 71 12 25 13 81  0 59 11 35  9 89 14 63  1 73  2 43  7 93  8 58  6 74  3 27  5 96 10 84
 3 76 13 71  5 58 14 68  0 42 12 24  1 47  6 54  8 55  2 56  9 92  7 95  4 98 11 98 10 94
 6 78 12 83  8 67  1 60  9 32  5 69  7 24  2 99 14 64  3 40 10 22  4 11 11 59  0  6 13 49
 5 35  6 31 10 94  9 32  0 23  7 63 13 95 11 73  2 41 12 29  8 20 14 61  3 13  4 54  1 20
10 81 12 46  1 27  9 17 11 12  5 97 13 83  0 94  6 97  7 20 14 39  2 54  3 68  8 48  4  2
11 88  7 11  9 56 12 68  8 95  0 74  6  5  2 75  1 67 13 23  4 86 14 82 10 54  5 74  3 19
12 69  0 47 13 39  3 66  8 56 10  7  1 59  4  5 11 96  2 83  5  1  9  9  6 25  7 45 14 21
 5 91  6 22  0 65 10 91 13 28  9 74 14 11  4  2 11 76  3 43  1 70  8 35 12 39  2 64  7  9
 0  7  4 58 11 90  6 28  2 53  7 63 12 91 10 42  3 17  9 97  1 97  5 94  8 84 14 59 13 60
 9 87  1 94  8 64  6 40  7 47 13  7  5 46  3 15  2 49  0 41 10 11 14 96  4 58 11  5 12 41
11 20  1 79  3 50  4 33  8 90  9 90  0 81 10 94  5 76 13 24  2 62 12 56  7 54  6 63 14 93
 7 26 11 84  2 75  1  1 10 73 12 94  0 29  9 10  3 97  4 58  8 52  5 48  6 37 14 11 13 83
 4 73  0 71  6 99  1 77 13 31  3 21  5 43 10  6  9 38 14 37 12 19  2 18 11 23  7 24  8 32
 0 84 12 74  9 78  3 51  7 91  2 54  4 58 13 70 11 53 14 50  8  1  6 20 10 31  1 90  5 54
 8 77  3 31 10 60  0 23  9 78  1  2  5 10  7 34 13 48  6 79  4  5 14 11 12 84  2 38 11 93
 3 80  4 37  0 29 10 25  2 98  5  6  1 12 14 16  6 84 11 10 13 83  8  6  7 19  9 20 12 26
 6 76 11 70  4 67  1 23  2 87 14 95  9 50 12 60  8 40 10 56  7 79 13 55  3 70  5 84  0 67
 2 62  0 41  6 95 10 54 13 20 11 13 14 56 12 95  1 91  8 42  4 15  9 60  5 99  3 88  7 89
11 83  5 14  4 51  6 48  7 63 10 61 12 51 13 52 14 57  8 29  1 16  0 38  9 44  2 23  3 86
 1 77  8 56 14 48 12 31  2 23  0 92 10 89  4  3  7 92  5 48 13 92  3 55 11 17  9 20  6 90
 0 72 14 75  8 73  4 54 11 63  6 87  1 35 13 31  7 94  3 38  9 18  5 38  2 55 10 62 12 88
 2 37 13 21  5 13  8 91 12 12  1 19  7 18 10 99  6 12  4 40  0 62 14 31  3 80 11 15  9 26
 8 29 12 76  5 87 10 31  7 42  1 66  2 28 14 64  6 76  0 79  3 26  4 70 11 70 13 80  9 71
 7 98  5 52 12 46  4 65  1 81  8 74 14 86 11 41 13  1 10 63  0 80  2 93  9 75  3 65  6  6
 7 14  5 92  8 41  9 89  2 37  3 39 14 83 13 60  0 13 12 35  6 15  4 15  1 67 11 39 10 87
 7 72  5 84  6 26  4 23 11  2 13 64  8 18  9 88  0 72 12 53 10 73 14  9  2  7  3 36  1 28
 2 59  9 77 12 40 10 61  0 82  8  2  1 99  7 39 14 68 11 70  5 17 13  7  3 56  4 29  6 25
 7  6 10 26  8 58 13  6  4 43  1 92 14 38  0 82  6 77  5 49 11 98  9 85 12  2  3 91  2 92
 6 17 12 26 13 50  7 82  1 91  2 30  3 24  8 55 11 68  5  5  0 12  9 10  4 35 14 45 10  5
 8 85 13 10 12 19  5 67  6 97  9 66  7 68  1 73  4 17 14 63  2 95 10 41  0 44 11 85  3 73
13 25  8 82 11 64 12 54  7 83  1 59  4 96  6 17  9 90 14 94  0 92  2 11 10 16  3  8  5 59
 0 26  7 20  2 98  3 24 12 47  1 56  9 68  8 60  6  6 10 21  5 65 11 38 13 46 14 78  4 76
 4 64 10 98 14 70 11 73  3 31  8 42  2 51 12 14  0 16  5 36  9 61  7 16  1 36  6 33 13 89
12 87  1 66  8 62 13 42 14 44  6 62  0  3  7 78  3  6  9 49  4 76  2 90  5 63 11 26 10 13
10 83  7  8  5  3  2 12  6 50  1 56 11 61  4 81 13 42 12 19  8 46  3  2  0 42  9 97 14  2
 1 45 11 88 10  9  5  2 13 42  7  1  4 71  0 57  9 13 12 32  8 82  3 39  6 95  2 86 14 52
13 15 14  5  8 43  4 88 10 98  9 15  7 79  1 17  3 56  5  8 11 63 12 17  6 89  0 63  2 27
 2 64 10 92  0 80  6 56  4 39  9 14 13 81  8 61 14 97  5  3  3 44  1 61 12 92  7 84 11 99
 0 13  5 44  9 42  4 56 13 69 12 58  3 99 10  2  7 84 14 61  6 36  1 61  8 55 11 34  2 11
 1 70  6 90  5 65 12 79  0 29  3 40 10 84 13 72  9 21  2 46 14 28 11 96  8  6  7 74  4  3
 5  4 13 72  7 49  1 22 12 49  3 18 10 94  4 72  8 86 11 44  6 34 14 45  0 34  2 57  9 58
 3 47  9 57  0  6 10  5  6 99 11 21  1 26  5 36 13 66 14 31  4 72 12 78  2 66  8 21  7 20
 7 69  8 60  0 73  9 92 13 77  4 72 14 68  1 31  2 16 10 51  6 95 12 39  5 33  3 66 11 71
 3 18 10 98  9 74 11 45 13 42  1  9  4 79 12  3  0  6 14 56  6 54  2 98  7 29  8 16  5 32
 1 46 10 42  5 63  0 99 13 30  3 42  9 22  8 73 12 59  2  3  4 36 14 28  6 18  7 32 11 84