50 15
11 73  1 82 13 18  7 98 14 75  3 10  5 87 12 54  4 56  8 98  0 72  9 31  6 67  2 53 10 64
 3 51 12 62 11 73  2 49  0 92 10 85 13 40  5 80  9 88  4 88  7 73  8 51  6 12 14 76  1 38
 4 47  9 97 11 92  3 26  8 90 13 99  5 50 10 76  1 54  2 17  6 46  7 34 14 23 12 43  0 42
 8 88 10 25 13 93 14 87  5  4  0  8  9 40  6 13  2 27 11 95  3 17  1 24 12 36  4 70  7 46
 4 14  2 29  5 66 11 94  3 86  8 57 10 29  0  8 12  5 13 58  1 52 14 85  6 35  9 41  7  5
12 82  9  8  6 11 11 37 14 11  7  9  0 35  8 76  4 23 10 11  1 80  5 20 13 69  3  6  2 58
14  9 10 73  8 72  3 10  0 93  7 11 11 33  2 42  9 58 12 93 13 77  5 60  4 20  6 86  1 51
 8 89  1 25  6 45  5  5 13 74  9 22 12 63  4 15 10 63 11 29  0 65  3 41  2 85  7 16 14 56
 8 39  2 81  9 95 10 63  4 48  1 60 12 78 13 35  6 99  7 47  0 87  5 58  3 52 14 31 11 62
 2 54  5 11 10 59 12 37  7 10  4 13 11 87  0 39  8 92  9 35  3  3  6 86 13 47 14 94  1 50
 3 59  6 22  2 45 11  4  8 69 14 27  0  9 10 25  9 48 12 71  1 12  7 59  4 18 13 40  5 32
 1 80  5 99  2 61  7 20  3 39 12 38 13 96  4 92  8 86  0 73 10 67 11 32  6 15 14 77  9 45
 5 63  6 46 14 56 10 70  4 85  0 34 11 81 12 54  9 30  7 62  8 41  2 56  1 96  3  5 13 76
 8 48  6 98 14 50 11 74 12 48 10 83  2 64  4 26  1 18  3 93 13 62  7 56  0 73  9 22  5 51
10 23  2 17 13 50 12 73  0  1  7 85  8 61  9 19  6 58  3 78  5 74  1 99 11 24  4 54 14 29
11 44  8 69  3 74  4 80 13 61  6 37  5 17 10 75 14 32  0 14 12 85  7 41  1 96  9 26  2 12
 5 38 10 13  4  8  3 50  1 11  9 54 11 52  6 82  2 25 12 28  8 96  0 16 14 35 13 36  7 27
13  2 14 20  7 57  5  4  1 49 12 93  9 22  4 96  6 78 11 51  0 95  3 66  2 31 10 99  8 98
 4 61 12 98  8 42  7 15  2 90  9 51  0 10 11 16  6 93 13 15 10 26  3 26 14 39  5  1  1  7
 2 76  1 89  5 63 12 46  3 72  8 20 13 10 10 47 14 49  6 34  7 84  4 61  9 66 11 71  0 13
 4 61 10 60  7 63  6 34  3 27 14 67  0 69  2 58 12 16  9 97  8 36  5 74 13 92  1  5 11 95
13 38 10 46  0 90  7 59  4 77  8 37 12 57  2 82  9 17  3 26  1 99 14 60 11 30  6 54  5 54
 8 63 14 90  0 20 13 30 11 44  2 37 10 11  7 97  4 50  1 11 12 86  3 19  9 43  6 75  5  2
10 48  0 92  1 63  3 85  4 11  7 69 14 25  5 62  8 58 12 37  9 32  6 76 11  1 13 53  2 94
 1 35  4 92 11 88  2 38 14 23  8 37  5 39  6 21  0 77  7 61  9 97 10 88 12 87 13 33  3 53
 7 51 12 82 11 56 14 99  6 95  2 42  1 13  9 81  3  4 13 84  5  9 10  9  0 10  4 53  8 55
 7  9  2 13  5 30  9  8  4 67 10 39 11 44 12 64  1  9  3 66  0 10  6 68 14 64 13 57  8 53
13 12  1 32  8 65  2 77  7 23  4 75 11 71 14  6  3 61  9 20 12 31 10 20  0 57  5 37  6 18
12 32 14 45  1 17  2 32  6 15  0 90  7 17  9 70  5 38 13  3  8 23 11 94  3  4 10 57  4 93
 1 16  3 27  9  4  6 11  7 17 10 85  2 14  4 29 14 82 11 78  8 49  5 17  0 55 12 70 13 46
 9 28 13 27  7 16  1 53  0 88  6 16 14 31  2 92  5 41  8 54  4 60 11 70  3 62 10 12 12 16
 3 16  8 17 11 31 12 16 14 52  5 52  1 94  0 29 10 46  6  7  7 94  2 34  9 28 13 37  4 42
 1 33  6 15 10  6 13 81 11 57  8 95  2 83  3 45  9 92  5  2  4 84  7 79 14 99 12 34  0 57
 5 54  3  3 14 43  8  5  1 23  9 69  6 39  0 45 13 41 10 27  7 55  2 17 12 16 11 21  4 58
 2 68  9 73  6 47  5  6  4 92 14 34 13 57 12  7  8 91  0 81 10 12  7 59  1  8 11 12  3 33
 8 34 12 50  5 69  0 11 14  2  1 29 10 53  4 14  3 86 11 28  7 27 13 90  9  4  6 54  2 12
 5 37  1 71 14 18  0 70 13 72  6 29  9 59  3 69 10 53 11 47  2 87  7  5  8 55 12 54  4 57
 9 62  4 62  7 69  6 60  5 91  3 81 12 64 14 50  0  3 13 51  2 72  1 41 11 17 10 86  8  7
 4 22 12 21  2 53  3 20  9 54 14 12 10 32  1 10  6 53 13  8  8 98  5 61 11 30  7  8  0 16
 3 70  5 27  0 53  2 62 12 47 11 68 14 36  4 69  1  3  6 37  9 36 10 99  7 71  8 40 13 62
 3 41  2 51  1 63  7 53  5 14 13 39  8 11  6 19 11  2 10 91  9 34 14 47 12 44  4 30  0 96
 8 57 14 72  2 99  0 99 13 28 10 38 11 74  9  9  5  6 12 45  6 72  1 65  3 71  4 33  7 92
 1 18  3 50 11 65  4 11  7 38 12 41 10 13  9 98  8  9 14 94 13 83  2 70  0 55  6 37  5 50
 2 33  7 15  1 39 14 77  8 16 10 12  9 50  4 96  5 52 12 99 13 31  3 13  6 81  0 57 11 54
 5 27  8 97 10 62 11  9  9 49  7 75 12 22  4 79  1 65  0 91 14 15  2 25  6 30 13  5  3 85
 6 65  0 99  5 22  3 82  2 36 13 29 12 87  7 21  4 93  9 67  1 70  8 65 11 20 10  6 14 98
 1 10  7  3  4 55  0 93  6 76  8  6  5 91 13 86 12 89  3 70  2 66 11  1  9 70 14 50 10 20
 3 53  8 97  6 25 11 20  5  2 10 14 12 51 13 46  7 66  9 10  2 48 14 39  0 22  4 63  1 47
 0 76  8 74  5 88 14 77 10 39  1 48 12 12 13 60  3  6  4 34  9 52 11 92  2 91  6 40  7 88
10 61 12 85  7 99 14  8  0 17  3 94  4 18  8 24  5 71  1 71  9 94 13 17 11 82  2 50  6 75