50 15
12 13  9 30  7 66  8  1  4 31 14 49  3 82 10 71  2 74 13 40  1 51  6 80 11  2  0 71  5 18
14 12 10 91  9 35  1  4 11 75  6 46  7 20  3 54 13 17  8 29  5 53  2 64  0 51  4 82 12 36
 4 21  7 78  1 76 12 90  2 12  9 47 11 25 13 95  5 90  3 38 14 17  0 11  6 85 10 42  8 42
 5 40  4 68 12 37  7 90 10 26  1 61 13 65 11 89 14 67  0 18  6  6  9 85  2 43  3 97  8 29
 0 64 12 42 13 18  3 29  2 43 14 78  7 36  6 99  5 73 11 24  4 69  8 23  9 67 10 75  1 21
 4 43  7 72  1 90 10 39 11 32  2 72  3 46  8 62  9 24  6 75  5 71 12 15 14 55 13 94  0 37
 2  2 14 84 13 93 12 70 10 39  0 65  4 24  3 93  5 92  7 95  6 80  9  3  8 31 11 13  1 63
 4 16  8 91  5 22  6 79  9 81  2 80 14 79 10  1  7 42 13 96  1 38 11 40  0 29 12 85  3 94
 4 30  0 12 13 36  6 25  5 20  3 46 11 43 14 42 12 44  9 96  8 79 10 18  7  4  1 55  2 50
 8 31 14 73  7 55 12 39 11 24  9 99  6 60  3  6  0  4  1 68 13 25  2 14  4 93  5 38 10 83
 7 17 11 61  6 83  9 80  2 36  3 60  1 50 10 89 13 60  4 41 14 16  8 48  0 64 12 56  5 60
 8 28  1 15  6 91  0 32  5 22  4 65 12  2  3 16 13 31 14 98  9 83 11 87 10 94  2 79  7  6
14 97  4 40  2 56  0 46  8  5  1 65  9 92 10 60  3 35  7  6 11 87 13 86  6 23 12 79  5 69
 2 26  6 91 10 31  3 80 11 20  7 75  9 74 12 90  1 81  5 52  0 74 13 56  8  8 14 60  4 58
 3  4  4 81 11 81 13 83  9 45  8 51 10 71  5 11  0 48  2 71  1 48  6 98 14 25  7  3 12 96
 7 23  4 13  1 34  6 60  5 51 12 91 10 77  9 28 13 86  8  6 14 63 11 45  2 13  0 53  3 19
 6 12 12 16  1 48 10 38  7 53  4 90  9 27  8 62 13 91 11 29  3 96  2 14  5 43 14  8  0 83
12 56 11 32 10 40  4 89 14 88  6 48  7  9  5 63  0 58  1 59  2 88  8 51  9 36  3 65 13 10
13 95 11 75  5 25  2 56  3  8  4 38  1 60 10 95  8 21  0 31  9 99 12 58 14 71  6 45  7 30
13  9 10 53 12 57  9 72  5 55  4 72  1 42 11 75 14 58  8 70  3 91  6 58  0 99  2 33  7 34
13 10  9 60  3 66 10 69 14  6 12 43 11 78  2 64  7 34  8 87  6 32  1 54  4 82  0 87  5  5
 6 77  7 19 12  6  3 96 13 11  8 63  9 66  5 52 10 97 14 86 11 41  0 11  1 90  2 34  4 28
 5 62  8 48  6 22  3 47  2 32 14 18 13 40 11 92  1 27  4 40  7 72  0 49 12 57  9 67 10 17
 0 13  3 24  5 28  6 26 12 92 11 26  7 58  8 99 10 12 14 87  2 68 13 65  9 60  1 85  4 59
 0 31 11 32  3 79  7 38  1 88  5 80  8 56 14 90  4 80 10 53 13 81  2 37  6 51  9 60 12 62
11 58  1 67  7 62 14 98  0  3  5 83  8 73  2 94 13 85 12 72  3 65  4 24  9 70 10 93  6 17
12 31 10  1  1 70  0 24  5 49  6 77  4 51  9 73 13 37  8 81 11 78  7 70  2 74  3 64 14 16
14 96  9 27 13 51  3 97 10 64  8 57  5 16  2 75 11 47  4 33 12 46  1 91  0 65  7 76  6 15
10 75 12 53  7 54  3 42  1 12 13 11  8 70  6 72  0 31  9  8 11 41 14 66  5 84  4 51  2 13
 3 29  4 50 12 72  0  8  5 44  8 24  6 82  9 14 13 55 11 84 10 29  1 93  7 54  2 90 14 59
10 64  8 48 13 78  5 83  9 55  7 70  4  9  3 27  1 47 14 55 12 97  0 25  2 66  6 82 11 98
14 41  4 92  3 96  2 58 10 65  5 23 13 38  7 86  1 43  0 49 12 14 11 90  6 89  8 57  9 39
 4 78 12 65  8 74  7 73  6 21 10 93 11 24 13 25  0 63  3 58  9 30 14 79  5 27  2 67  1 25
10 77  6  6  5 29  1  1  4 42 13 37  9 75 11 38  2  1 12 34  3 91  8 70  7 59  0 34 14 74
 6 17 12 52 14 70  5 54  8 36  1 64 10 68  4 63  7 74  9 23 13  5 11 76  3 75  0  9  2 17
 8 19  1 55 10 85 14 13  5 31 12 18  7 97  0 14  6 28 11  3  9 35  2 91  3 39 13 74  4 11
 2 60 12 78 14 20  6 18  4 53  0 24  3 46  8 87 13 60 11 40 10 74  1 46  5  8  7 77  9 23
12  4 10 31  6 52  9 28  4 49  0 44 13 76 11 51 14 11  2 60  7  2  3 66  1 41  8 98  5 45
12 43  5 32  8 76  3 39 14 32  4 97  6 64  9 80 11 34  2 22  7 40  1 63 10 12 13 14  0 32
 8  6  3 82 12 29  4 17  1  8  2  9  7 34 11 61  6 48 13  9 10 57  9 83  5 47  0 69 14 95
11 99  0 25  1 62  7 99 12 72  3 12  9 16  6 23  4  9  8 35 10 60 14 49  5 57  2  5 13 77
13 96  2 56  0 96  8 50 10 84  9 70  3  3  5 26 14 64  1 11  7 94 12 26  4 81  6 53 11 19
 8 98  4 49 14 86  5 13 10 56 13 45  6 54  2  9  1 47  0 68  9 39  7 10  3 44 11 94 12  4
13 45  0 31 14 88  6 68  3 96  5 45  9 91  7 93 12 20  4 16 10  7 11 10  2 45  8 75  1 43
10 16 12 28  7 23 14 68  6 61  8 75 13 18 11 87  2 72  0  4  4 26  1 71  9 11  3 46  5 47
 5 68 14 73  8 62 13 54  7 30  0 35 10 27  2 75  6 36  4 64  1 50 11 99  3 31  9 66 12 81
11 82  2 48  3 34  5 86 10 79  9 71  6  3 12 25  0 57  7  9  8 20  1 87  4 54 14 58 13 53
14 69  1 19 11 26  2 74  0 23  3 89 10 14  8 18  7 95  5 43 12 80 13 23  9 25  4 40  6 98
 4 95  8 74  5 70 13 49 11 53 10 71  7 24 14 80  9 50  0 49  1 83  6 33 12 78  3 95  2 46
 6 92  2  3 14 91  1 70  4 36  0 97 12 70  5 68  9 84  8 20 13 50 10 46  3 67  7 22 11 26