50 15
 6 17  2 14 14 81  9 13 13 88 10 24  7 62 11 25  3 72  4 22  0  2  8 73 12 10  5 24  1 23
 8 47 14 74  5 34 10  7  4 73  3 22  2 73  7 24  6 64 12 30  1 88  9 41  0 13 11 50 13 40
 4 20  8 88  5  2 10 38 13 79  9  5  2  9  6 48 14 59  7 39 12 29  3 36  1 88  0 31 11 13
 8 29 10 27  0 39 12 59 13 89 14 86  2 29  6 29  9  3  4 30  7 39  5 94  1 92  3  7 11 89
 4 28  3 77 13 12  7 74 14 48  6 75  2 87 11  1  8 76  0 79 10  4  1 88  9 48 12 23  5 31
 4 94  6 37  9 96  3 68  5 65  0 32 13 34  2 51  8 63 10 58 12 76 14 99  7 82  1 31 11 23
 3 31  5 53  8 33 11 89 10 42  1 98  2 61  0 82 12 79 14 78 13 18  9 24  7  6  6 75  4 69
14 41  8 53  3 95 11  8  6 95  2 12 12 12  9 70  7 37  0 79  4 57  1 15 10 57  5 17 13 24
 2 63  4 35 13 45  6 72  3 41  0 11 11 83 14 49  7 20  9 62  1  6  5 18  8 82 12 63 10 17
 5 37 10 34  6 36  3 69 14  1  1 81  7 76  2 85  0 14  9 97 13 56 11 79  4 24  8 37 12 72
 9 20 13 16  3 15  2 36  7 65  6 25 11  5  8 77  0 51 10 55  5 20 12 10  1 44  4 84 14 71
 9 13  3 77 12 48 10 92  1 10 13 59  2 92 11 93  5 44  0 88  8 66 14 50  7 54  4 61  6 39
 3 91  6 89  1 80 12 44  8 17 10 44  4 72 13 69  7  3 14 74 11 15  2 23  9 53  5  8  0 88
 2 93  0 63 11 72  3  4 13 11  1  1 10  7  7 29 12 67  8 55  9 69  4 10 14 28  6 97  5 67
 4 79  7 98  2 85  3 38 10 38 14 96  6 87 11 20  9 23  0 50 13  2  8 45  5 38 12 30  1 66
10 21 14 65 11 57  9 99  2 96 13 50  7 98  3 96 12 94  6 95  0 27  4 65  1 74  5 13  8 38
 3 73 13  5 14 79  6 37  5 33  8 20 12 16  7 58  1 26 11 77  9 53  2 43  4 17 10 20  0 72
 7 18 10 50 11 39  2 64  0 69  5 76  1 19  8  4 14 16  4 92  6 78 12 73  3  8 13 80  9  1
 7 64  4 69 12 98  5 51  3 86 13 26  0  7  1  9  9  2 10 62  2 32 11 19  6  5  8 69 14  1
14 72  8 27 10 97  6 83  1 27  9 32  2 63 11 47 13 86 12 87  7  2  3 53  4 15  5  7  0 76
 2 65 10 31  4 55 12 54  0 20  7 31  8 20 11 78  6  5  1 44  3 49  5 98 13 29 14 60  9 53
 1 26  8 50 12 50  3 74  5 17  9 31 13 95  2 38  0 16  7 94 14 82 11 71  4 50 10 19  6  9
 0  3  5 63  7 23 10 95 14  5 12 21  6 60  8 66  4  2 13 59  3 22  9 52  2 57  1 17 11 20
 2 65  7 70  4  3  0 42  1 40  5 15  3 64 10 79 12 87  6 96 13 66 14 29 11  7  8 60  9 26
 8 89 12 45  7 38 10 81 11 94 13 34  9 36  0 95  5 14  2 36  3 68 14 86  4 95  6 85  1  3
11 57  2 70  9 59  0 39  7 25  5 93  1  9 14 32  4 36 13 56  8 96 10 61  6  5  3 33 12 34
10 97  9 72  6 62  5 41  3 96  7 95 13  9 12 97  4 16  2 93 14 85  1 50 11 12  8 52  0 92
 8 40  1  2  5 56  7 15  6 48  3 78  9 97 12 44 14 46  4  4  0 92 13  9 10 79  2 33 11 70
12 15  9 78  0 72  4 63 14 90 13 76  2 25  6 89  5 41  8 94  7 49  1 57 11  2  3 67 10 88
11 94  9 79  8 21  6 77  7 12 13 87 12 14  2 64  0 11  3 41  4 29 14 30 10 61  1 16  5 97
14 36 11 68  6 27  5 72 13 96 10 40  1 83  9 70  0 62 12 24  3 78  4 34  7 31  8  5  2 58
14 30  3 52 13 72 10  8  6 14  0 62  5 81  8 86  2  7  4 42  7 40 12 85  9 54  1 50 11 79
 0 18  2  6  7 57 10 68 12 55  8 27 13 71 11 33  5  1  9 39  4 28  1 81  3  6  6 39 14 41
 7 76  5 48  1 15  6 72  2 99  0 23  9 80  8 86 14 21  3 26 10  9 11 82  4 83 12 57 13 57
11 68  8 14  0 40 12 98  2 15 13 44 10 35  9 70  1 31  6 38  3 27  5 55  7 29  4 83 14 61
 8 95  1 73  7 97  6 59 12 20  4 34 13 48 11 16 14  5  2 74  5  3  3 81  9 96  0 34 10 36
14 79  6 13  0 69 13 75  3 72  1  5 10 54  2 30 11 62  4 51  7 57  5 22 12  8  9  3  8 94
10 59 14  2  6 21 11 35  4 68  5 60  7 56 12 43  3 56  1 43  0 31  2 19  8 40 13 82  9 38
10 74  9 69  3 58  6 65  4 27  7 93  5 93  8 17  0 98 12 19  1  3 14 77  2  2 13  1 11 37
 0 31  8 53 10 74 14 61  4 42  6 56  9 49 13 97  1 17 11 47  5 81 12 53  2 60  3 22  7 41
 9 53  1 86 11 98 14 80 10 25  6 86  7 82  2 20 12 61 13 60  5  9  3 42  4 13  0 84  8 98
10 28  3 27  1 77  5 26 12 52  9 43  7 31  6 31  0 62 14 92  2 94 11 38  8 94  4 47 13 91
 6 56 13 15  8 40  2 95  5 23  7 41  3 36 11 67 14 71 12 79 10 48  1 29  9 91  4 23  0 84
12 16  8  4  6 27  9 26  0 87  3 86 13 52  2 28 11 79 14 66 10 38  7 51  5 63  4 64  1 41
 4 75 10 76  1  3 14 65  9 98 12 51  8 22 11 51  6 70 13 40  3 35  5 68  2 69  7 76  0 64
11  4 10 36  5 82  2 57  3 47  4 41  9 90  6 80 14 83 12 78  1 18  7 73 13 96  0  6  8 98
 2 90  3 16  7 31 14  6 12 65  0 30  6 72 10 28 11 21  9 16  1 48  4 30  8  7 13 63  5 12
 5 93 11 66 14 27 12 83  7 19  2 99 13 68  1 39  8 21  0 88 10 22  4 61  6 24  9 24  3 14
12 90  2 18  9 16  8 92  7 91 10 58  0 48  3 37 11  5 14 99 13  8  5 54  1 34  6 31  4 81
 5 92  4 54  2 63  3 30  6 11 12 46 13 37 10  8  0 77  7 93  9  8 14  6  1 45  8 28 11 49