50 15
13 13  2 53 10 24  8 54  3 37  5  4  9 93 12 30  7 35 11 79  0 26  1 43  4 33  6 58 14 16
 8 47  2 52  9 68  0 49  4 10 14 38 10 28 13 69 12 60  6 88  1 28  5 63 11 26  3 49  7 90
14 78  1 57 11 72  7 65  9 15 13 35  5 76  3  5 12 99  2  5 10 30  0 90  4 11  8 71  6  2
 0 23 11 29  1 70 12 30  3 63 14 88 13 12  2  5  7 71  9 55  4 89  6 47  5 97 10 75  8 27
14 34  4 13 13 93  6 31  2 61 12 43  8 45  9 59  3 49  7 81 10 99  5 20  1 17 11  7  0 54
 5  7  2 81 11 14  9 39  6 10  4 97 14 88 12 22  7 13  3 26 10 74  0 97 13 45  1 24  8 76
 1 79  3 38  9 85 10 90  8 98  2 94  6 79  5 87 12 44  7 53 13 94 11  4 14 82  4 88  0  2
 7  7  5 28  4 67  6 53 14 56  8  4  2 11 10 76 13  7  9 74  1 47 12 49  0 94 11 80  3 94
 3 46  0 76  9 63 10 71  2 94 13 76 14 60 12 82  1 90  4 16 11  1  6 57  7 20  5 37  8 39
 5 57  8 58  0 13  7 14  6  6  3 82 13 15 11 91 14 97  2 31  4 95  1 16  9 83 10 14 12 75
 4 54 14 14  7 56  8 53 10 86  3 96  0 42 11 59  5  5  2 39 13 72  6 31  9 45  1 37 12 74
14 73  8 16  3 44  4 16  1 35  9 40  6 27 10 39  2 64  5 91  0 92 13 49 12 58  7 58 11 94
 5 31  4  7 13 14 12 61 10 66 14 10 11 38  8  6  3 66  9 92  1  9  6 38  2 61  0 81  7 15
 7 31  8 96 13 94  4 75 11 34 12 80 14 79  5 52  1 98  6 27  3 97  2 91  9 75  0 90 10 45
12 87 10 30  2 11 11 25  9 27  8 17  6 61  5 79  1 87 13 46  4 92  7  6  3 16 14 93  0 84
 8 10  2 48  6 25 13  4 14 77  9 10  4 60  5 41  0  6  3 99  7 56 10 21  1 91 11 44 12 55
14 55  7 24  3 89 11 91  9 91  5 55  6 74 10 90  8 68  4 55  1 65 12 67  0 76  2 42 13 50
 6 97 13 52 11 95  1 88  0 80  2 63  5 90 12 11  4  7  7 47  9 74 10 60  3 48  8  7 14 48
 1  6  6 93  0 72  4 52 11 31 14 33  5 20  3 20 10 13  8 52  9 23 13 54  7 67 12 22  2 73
14 67  2 43  7 36  8 30  1 92  9 28  4 60 12 84 10 33 13 80  3 73  5 88  6 97  0 84 11 13
12 31  0 42  8 91  6 52 14 32  9  4 13 87 11 80  7 28  5 27  2 89 10  6  4 55  3 75  1 60
 9 94  7  9  4 77  3 49 14 40  1 79 13 12  2 10  0 82 12 62 10 40  6 35  5 40  8 75 11 19
 5 52  8 18  9 34  3 20 12 42  6 21  2 71  0 25 13 76  4 46  1 83  7 71 11 87 14 48 10 95
 0 77  2 34  3 35  1 39  7 60 14 58  8 49 11 52 13  9 10 91  6  4  9 44 12 49  4 48  5 52
 0 69  3 90 10 36  4 33  8 13  5 15 12 98  7 15  1 22 11 18  2  7  9 65 14 80  6 45 13 97
 0 30 11 68  9 96  5 30  2 24  4 66  8 85  1 42  3 12 13 29 12 69  6 69 10 22 14 37  7  8
14 20  8 64  7 49  1 54  9 12  4 29 13 67 10 80  5 75 11 12  0 76  2  1  6 40  3 94 12  8
 0 79  8 57  4 10 13 40  5  5  2 20 14 13 11 65  3 45 12 76  7 50 10 73  6 57  9 43  1 46
10 84  0 74  9  7  5 82  7 85  2 79 12 28  4 12 14 59  8  8  3 23 11 22  1 26 13 17  6 14
 6 23  5 75  7 26  1 30 12 95 14 85 13 97 10 54 11 87  3 29  4 84  0 91  2 32  9 57  8 96
 3 69  5 52  9 63  0 80  6 37 11 41 13 73  7 84  8 65 10 87 12 91  1  4 14 33  4 54  2 66
 5 63  4 91 11 72  7 92  0 30  3 49  8 28 12 39  6  2 10 61  9 34  2 99 14 74  1 87 13 29
 0 29  1 32 13 11  4 42  2 21  8 93  7 25  3 37 10 40  9 17 12 61 11 43 14  4  6 54  5 66
12 84  0 81  8 42 10 45  2 67  7  6  9 61  4 18  6 85 11 78  5 45  1 95 14 43  3 36 13 22
10 74  0 22 13  6 12 73 14 55  1 28 11 13  6 95  4 63  9 12  8 42  5 99  7 88  3 45  2 19
 3 81 12 15 10 73  2 27  1 89 13 75 14 83  9 48  7 72  8 50  6 34  4 32 11 56  0 90  5 29
 1 30  0 32  7 29 10 18  4 31  3 86  5 87 14 30  6 23 13  2  2 51 11 16  9 55 12 37  8  1
 1 50  7 49  5  2 13 54  2 79  0 63 14 79  9 64  8 48 10 58  3 74  4 36 11 52  6 56 12  7
 1 44 14 99  2 56  0 52  5 35 11 56  4 41 10 51 13 18  7 93  6 95  8 86  9 68 12 61  3 62
 0 31 13 90 14 99  3 15  4 54 10 45  6 46  7 79 11 49 12 99  2 48  1 59  8  8  5 42  9 59
10 40 14 51  9 87  2  3  4  2  7 80  1 35 13 46 11 79  6  3  8 40 12 91  0 76  5 14  3 10
 5 81  4 41 14 11 11 25 13 42  7 76  6 97  0 81  9 70  2 18  3 68 10 64  1 17  8 54 12 84
10 57  6 98 11 38  7 93  2 52  4 54  8 71  0 61 12 20  5 87  3 30 13 28  9 76 14  2  1 44
10 58  5 26 11 42  7 50  0  9 14 33  6 68 13 23 12 95  4 51  2 15  8 88  9 58  3 27  1 79
 2 61 13 88  4 51  7 78  5 92  8 74  3 38 14 64  0 96  9 83  6 58  1 62 12  5 10 15 11 43
 7 53 12 30  4 15  8 96 14 41  5 93  3 25  0  1  1 71 10 48  2 16  9 20 11 52 13 88  6 77
 7 23  0 25 13 43 12 94  9 59  6 29  1 37  2 97  5 61 11 46  8 58  4 63 14 56  3 12 10 10
 2 18  0 13 11 65 13 60  5 21  8 11  3 40 12 52 14 80  6 78  7 91  4 72  9 31 10 75  1 64
12 15  1 39 14 15  0 22 11 75  3 48  4 89 10 96  5 34  2 55  8  6  7 92  9 18 13 84  6 24
 1 15  9  1  8 39  5 66 11 43  0 33  2  5 12 17 13 46 10 65  6  2  4  8 14 83  3 83  7 21