50 15
 5 15  2 51  9 57 10 14 14 25  8 10  4 54 13 98  6 26  0 73  7 67  3 75  1 48 11 45 12 22
13 27 14 42 12 40  9 48  7 67  1 48  5  8  6 52 11 54  8 69  3 37  4 14  2 41  0 20 10 15
13 98  3 44  6  8  0 95 14  9 10 51 11 25  7 22  1 72  8 32  4 50  5 91  9 73  2  8 12  4
14 17  7 86 13 94 12 37  8 37  3 35  6 42  4 84 10 95  0 23  9 49  2 33  1 32 11 94  5  3
11 76  4 43  2  9 14  4  1 86  6 17  9 79  7  6  5 79  0 92  3 46 12 92  8 19 10 12 13 54
 1 61  0 18 12 81  4 18 14  1 13 79  2 36  5 11  3 58  6  9 11 78  7 90 10 14  9 37  8 69
 5 36 11 91  2 89  8 63  9 35 10 63  0 22 12 62 13 50 14 32  3 83  6 51  7 92  4 32  1 82
 4 22  3 51 13 77 11 90  7 28  8 24 10 38  2 28  9 95 12 99  6 15  5 69  0 52 14 76  1 89
12 33  5 81  7 98 11 76  9 11  8 75  6 58  4 26 14 69  3 95 13 79 10 66  1 10  2 37  0  7
12 75  6 17  3 24  4 29 10  3  5 54  2 14  9 22  0 40  7 41  1 31 13 48 11 43  8 67 14 27
13 74 10 24  2  2  9 45 11 64 12 11 14 90  6 45  0 54  3 47  5 35  7 88  4 12  8 24  1 54
 3 41  2 45 14 59  4 69 10 77 13 18  8 22  9 68  1 29  7 78  0 63  5 57 12 31 11 79  6 13
 5 21 14 36  2 85  9 69 11 33 10 90 13 66  0 53  4 95  8 91  1 54  6 12  7 31 12 51  3 43
 2 99  6 30 14 84  9 30 10 61 11 15 12 75  7 74  5 54  0 71 13 98  8 25  4 74  1 88  3 20
11 93  0 97  3 77 12 89 13 92  1 70  8 29  9 27 10 64  5 98 14 37  4 49  7 45  6 80  2 30
14 89  4 22 13 52 10 23 12 77  5 27  9 60  2 41  3 59  8 66  7 39  0  1  1 57 11 23  6  5
14 72 12  8  5 33  9 92  2 24  1 35 13 96 10 54  6 23  3 72  8 35  0  3  7 45 11  8  4 93
 7 19  1 64 10 32 13 54  9 96  0 60  5 29  2 85  4 61  3 58  8 63 12 46 14 59  6 18 11 96
 5 35  3  1  1  8 12 53  2 40  8 99  4 71 14 29  6 49 13 88  9 10  7 36  0 39 10 44 11 68
 7 98  9 27 14 74  0 17  3 50  1 11  5 59  6 65 12 27  8 68 10 65  4 14 13 14 11 30  2 89
 3 27 13 46 14 10  6 55  4 68  7 75  0 21  8 22 12 34  5  4  1 43 11 36 10 97  9  9  2 31
 1 70 14 30  0 71 13  1 12 93  8 49  9 37  6  6  2  2 11  2  3 61  7 36  4 77  5 29 10 98
 7 80  6 77 10 72 11 73  8 36 12 82  5 59  2 53  3 44  4 69  1 90 13  1 14 81  9 48  0 72
 5 12  8 11  9 63 14 54  7 62  3 37  6 88  4 82 10 20 13 78  2 62  1 67 12 59  0 87 11 66
 5 80 14 80  2 52  7 56  0 85 10 24  1 31  9 59  4 53  8 13 12 50 11 30  3 46  6 81 13 28
 6 97  3 38 13 84 12 81  4 31  9 31 10 76  2 47  1 28  5 35 11 78 14 44  8 52  0 19  7 95
13 29 14 71  9 90  6 69  5 51  1 27 11 61  2 70 10 10 12 49  8 99  7 11  4 10  0 12  3 68
11 10  6 21  4 20 14 21 13 48  1 69  3 81 12 89  9 78 10 77  5  4  2 57  0  3  7 23  8 23
 1 45 10 27  6 49  9 41 13 82  4 45 11 24  5 43  7 95 12  2  3 71  8  6  2 70 14 52  0 21
13 46  8 70  3 52  6 74  4 40 14  6 10 53  9 25  7 70 12 94  2 41 11 29  0 14  1 53  5 24
 1 31 13  1 10 20  6 45  2 36  9 46  7 91  3 81  4 84  8  6 12 73  0 41  5 82 14  7 11 26
14 64  5 79  0 52  1 98 12 40 10  9 13 16  2 87  3 40  9 82  7 36 11 39  8 56  4  2  6 57
 2 62  6 84 13 44 14 41 10 93 12 52  8 50  4  9  0 18  5 80  3 30 11 53  7 48  9 96  1 41
11 57 13 18 12 88  5 71  8 43  9  8  7 25  0 80 10 38  1  8  2 94  4 26  6 17 14 38  3 43
 2 57  1 80  5 64  7 17  6 27 13 80  3 85 10 30 12 90 14 79  4 51  0 57  9 72  8  9 11 46
13 74  0 98 10 51 12 89 14 69 11  8  5 48  8 72  1 61  7 36  4 82  2  9  6 40  9 87  3 45
13 84  2 63 11  8  9 93  3 82  8 81  4 43 12 60  7 46  1 68 14 85  0 75  6 92  5 65 10 43
 8 21  9 49  0  4 10 44  2 73 14 54 11 40  1 24  3 11 12 36  7 63  5 75 13 44  6 98  4 54
 4 22  9 47  7  8 13 54  2 25  0 27  5 36  3 63  6 67  1 97 12 74  8 47 10 21 14  7 11 79
10  4  4 37  0 18  2  2  6  8  7 64 11 84  3 73  9 47 12 42 13 44  8 16  1  2 14 96  5 60
 5 19 10 37 13 26  4 33  6 98 11 78 14 70  9 88  1 41 12 60  0 10  3 76  7 84  2 90  8 40
 2 91  0 14  6 88  4  8 12 91  9 46  1 67  3 31 11 36 10 45 13 16  5 29  8 39 14 54  7  2
12 21 14 62  0 71  4 41  2 69  6 77  3 98  8 11  7 70  5 84  9 71 10 23 13 16 11 59  1 92
14 26  2 68  3 74 11 14  4 88  6 65 12 92  7 96 13 90 10 43  0 69  8 12  5 79  9 20  1 19
13 93 10 40  1 12  8 83  3 26  6 28  7 63  2 71  0 87  5 70  4 67 14  7 12 92 11 65  9  4
 2 14 13 85  1 28 10 46 12 92  7 66 11 82  5 17  4  5 14 34  6 84  9 34  3 40  0 32  8 89
 5 20 11 44  3  9  7 78  6 53  2 80 14 78  4 69  9 68 13 29  8 30  1 94  0 27 10 35 12 19
13 94 14 55 12 83  1 75  2 64  7  2  4  4 10 15  9 18  6 70  0 77  8 47  3  2 11 67  5 93
10 95  4 83  5 91  9 30 14 85  2 60  0 54  3 47  6 80  1 95 12  6  7 85 13 70  8 39 11 24
 4 82  0 26 13 34  2 35 12 13  9 58 14 98  7  6  3 39  8 48  6 58 11 31  5 15 10 75  1 84