50 15
 2 73  1 39  9 97  7 38  3 24  5 25  6 32 10 39  0 76 11 99 13 66  4 55  8 99 12 25 14 49
 0 87 12 20  6 57  3  6  1 95  8 76  2 38 13 10 10 74  7  9  4 25  9  7 11  8 14 18  5 34
12 76  4 46 11 91 14 23  1 10  7 25  8 30  3 56  0  4  2 53  5 38 13 40 10 13  9 61  6 92
 2 63  1  8  8 67 11 40 13 71  6 25  0 21 14 30  5 71  7 24 10 28 12 98  3 73  4 84  9 11
 3 83  9 40  4 85  8 22  1 14 12 69 11 82 14 55  5 53  7 41  2 29 10 54 13  6  6 10  0 82
12 67 14 33  4 44  3 44  0 69  2 32 11 45  7 13 10  2  5 28  8 15  1  1 13 90  9 85  6 62
 1  5 10 32 11 90  8 23  0 61 12 70  4 84 13 16  3 13  2 40  6 13  5 18  9 26  7 24 14 67
 1 30 12 53  3 27  9 48  4 94  2 27  5 46  7 67 11 50  8  3 14 52  6 40 13 81  0 15 10 72
 5 40  1 20  6 88 11 51  4 56  7 87  0 86 10 49 14 43  3 17  9 85 12 68  8 45 13 48  2 81
11 46  0 11  1 15 10 13 12 43  9 83 13 12  3 72  2 84 14 14  6 47  4 24  8 78  5 86  7 40
 4 52 14 53  3 86 10 80  9 95  6 95  2  6 12 74  5 90 11 90  1  8  0 66  7  1  8 37 13 77
12 26  7 86  9 69 13 92  0 44  4 17  1 91  5  4  3 69 11 78  2 47 14 47  8 96  6 56 10 96
10 47  1 51  3 64  0 12  9 44  8 85  7 61 14  5  4 70  2 84 12 26  5 25  6 79 13  1 11 82
 7 32 11 65 13 32  6 86  4 22  8  4 14 51 12 97  3 12  2 60  0 42  1  8  5 50  9 24 10 91
13 60  6 41 12 22 11 38  7 24  9 14  2 38  5 87  3 63  1 52 14 82  8  5  4 15  0 40 10 10
 8 90  1  3 10 26  9 64  6 37  5 84  4 74 13 83 12 96  2 85 14 92  3 99  7  3  0 94 11 28
13 14  4 94  8 56 11  1  7 24  2 28  0 39  9  3 14 61  6 36  5 49  1  4  3 75 12 39 10 32
 4 11 11  7  7 99  5 72 10 56  3 34  6 55 14 27 13  7  0 95  9 10  8 59  2 42  1 25 12 41
 6  7 11 78  7 80  8  8  5 69 13 34  3 44 14 85  0  5  2 43 12 86  1 33  4 46  9 16 10 88
 8 91  0 95 14 19 11 89  3 81  6 94 13 50  2 52  7 94  9 62 12 47  1 26 10 75  4 45  5 88
 8 39  0 82  5 72  1 17 11 66  4 59  2 89 12 36  9 69  7 31 10 81  3 64 14 39 13 87  6 41
13 13  4 34  1 72  7 62  5 28  3 89  6 26 10 53 14 42 12 11  9 51  0 74 11 11  2  5  8 30
 1 97  2 68 12 43  6 76 13  2 14 61  3 42  5 28 11 34  7 64  9 54  4 75  8 29 10 18  0 93
10 10 14  1  4 53 12  7  3 33  0 98  7 60  2 90 13 33  5 17  1 19 11 75  8 29  9 74  6 92
 3 87  7 76  6 27  2 59 11 50 14 13  8 41  1 60 10 87  9 52  4 20  0  9  5 84 12 93 13 27
12 88  1 11  6 90 10 54 13 11  8 85  9 77  7 34  4 96  2 86  5 85  3 51 11 64 14 28  0 44
13 45  7 50  0  5 11  4  3 24  2 47  9 13 14 59 10 76  6 57 12 39  1 15  8 44  5 89  4 84
12 37  6 37 11 89  4 61 13 33  8 72  5 85  1  8  2  6 14 93  9 62  7  3 10 97  3 76  0  4
 0 72  9 41  1 46  8 64  4 17 10 99  7  9  6 29 13  2  2 72 11  4  3 51  5 41 12 35 14  3
14 11  5 41  7 22  6  8  8 79  9 51  2  1  1 50  3 18 10 76 12 28 13 73  0 47  4 28 11 20
 7 36  0 17  1 95 12 87 14 31 11 82  5 78  8 53  4 83  2  1 13  2  9 51 10 69  3 21  6 82
 6 78  1 40  9  2  4 56 12 64  5  3 11 90  3 32  7 43  0 76 14 16 10 67 13 26  8 30  2 31
 6 67  7 51 11 34  5 27 10 46  4 57  8 36  1 56 14 16  2 56  9 27 12 96  3 70  0 18 13 45
11 30  6 32  2 47 12  1  7 64  9 30  3 81  0 57  4 42  1 64 13  8 14 90 10 95  5 97  8 82
 1 11  6  7 12 85  2 43  3 94  8 85  0  1 11 11  5 95 10 81  4 41  9 67  7 95 13 58 14 87
13 54  5 60  1  1  9 69  8 13 14 99 10  5  3 25 11 45  6 38  7 20 12 40  2 18  4 25  0 34
 8 58  6 93  5 53 13 81 10 34  1 73  9 97 11 42  0 20  3 71 12 22  7 21  4 31  2 99 14 36
14 99  0 38 12 12 13 25  9 22  7 96  6 82 10 74  4 38  1 52 11 93  5 17  3 81  8 19  2 18
 6 11  1 60 10 93  2 69  5 27  0 73  3 57 13 46  9 38 12 61  8 50 14 27 11 71  7 70  4 36
 0 82 14 90  1 18 10 93 12 97 11 24  2 93 13 56  7 51  9 89  4 66  5 29  8  8  6 97  3 41
 1 64 14 42 10 32  8 37 13 47  4 45 12  7  0 84  2 20  7  1  5 18  9 14 11 88  3 74  6 56
 3 69  6 15 14 20  8 63  5 81 12 25  0 29  4 57 13 48  1 90  9 31 11 57 10 86  7 48  2 41
 7 80  6 28  0 53  9 39  1 81  5 34  8 88  3 23 14 96  2 21  4 58 13 96 10 74 11 57 12 52
 0 66  6 23  9 38  2 95  7 34  8 80 10 52 11  7 14 76  3 23 13 95 12 94  4 86  1 95  5 88
 4 53  7 68  2 50  8 95 12 52 14 19 11 81  3 42  1 73  0 50 13 33  6 60  5 82  9 73 10  7
12 73  8 57  7 56 10 82  9 79  1 36  0 44  5 87 14 86  2 84  4 98 13 83 11 69  6 31  3  2
12 32  6 34 11 33  2 98  5 10 10 14  1 85 14 98  0 72  8 51  9 28  3 13  7 30 13 79  4 50
 9 45 11 48  8 31  7 13  4 15 10  8  1 96 12 36  5 63 14 65  3 99  6 72  0 73  2 48 13 89
13 35 10 65  8 20 14 50  4 75  1 13  0 72 11 52  3 72 12 85  7 50  9 11  5 58  2 36  6 54
 7 50  6 84 10 32  8 97 14 61  5 97  0 70 13 29 11 73  4 35  2 64 12 69  1 15  3  1  9 64