50 15
 8 29  0 65 12 81  5 28  9 46  2 76  7 47 11 45  4 36  3 94 14 72 10 78  1 18  6 57 13 95
 6 82  5 95  0 26 10  9  7 21  1 19  9 85 14 84  4 73  8 25 13 97 12 95  3 41  2 33 11  7
 8 38  2 70  5  2 10 73 14 91  9 77  3 31  7 61 11 91  1 99 13 77  4 90  0 70 12 19  6 64
14 89  2 97 13  6  8 26  7  6  1 54  5 74 11 69  9 54  6 96 10 72  3 10 12 97  4 37  0 21
10 49 13 41  1 36  9 88  5 33  4 28 12 77  2 44 11 66  7 20  3 50  8 33  6 98  0  3 14 81
 7 75  5 92  4 13  3  1 11 48 14 79  9 32  8 76  0 49 13  5  1  6  2 77  6 92 12 48 10 17
12 59  2 40  7 79 11 16  5 36  1 59  8 41 14 59 10 86  6 25 13 25  9 42  3 57  4 49  0 50
 2 20  5 35 10 84  9 49  8 20  3 65 11  3  4 29 13 28  6 97 12 11 14 90  7 47  0 56  1 15
10 76  8 37 14  4  4 41  9  5  5 77  1 55  7 24 11 45  3 64  2 27  6 16 12 63 13 49  0 81
 8 51  9  7  0 84 14 51  5  6 12 22 10  6  3 97 11 75 13 62  7  7  4 38  6 86  2 49  1 18
12 82  6 68 10 22 11 18  1 21  2 46 13 41  5 78  0 76  9 82 14 28  7 34  8 83  4 61  3 52
13 73  4  4  7 79 14 53  9 77 11 50  6 18  3 90 10 41 12 75  0 51  2 43  5 91  1 77  8 13
 3 60  8 64  2 95 11 93  7 20  9 34  4 79 13 14  1 56  0 31 12 24 14 94  6 83  5 96 10 44
 5 18  2 23  1 62  3  2  8 94  0 53  7 49 13 72  4 60 11 80 10 53  9 92  6 44 12 15 14 42
 8 78  5 88 10 58  7 34 14  1  2 99  0 71 12 46 13  4  3 69  4 50 11  5  6 59  9 26  1 35
 3 40  8 48  1 71 11 17  7 89  9 97 14 69 13 85  2  1 10 45  4 12 12  6  6 60  0 91  5 80
11 76  4 47 13 33  9 80 10 49  0 92  1 18 12 30  3 34  7 66  6  8  2 10  5 44  8 18 14 95
11 19  4 76  1 20 13 56  5 31  7 80 12 92  9 41  0 86 14 90 10 50  6 22  8 85  3 92  2  4
 0 74  2 55  3 11 14 99 13 35  4 97 10  6  1 71  5 79  7 75 11 36 12 12  6 81  8 48  9 69
 1 33 10 10 14 61  9 58  5 71 11  8  8 24 12 69  7 63  4 58  2 80  0 31 13  9  3 45  6 62
13 13  4 50  2 56 12  8 10 33  7 96  6 94  0 43  1 46 14 57  3 57  5 46  9 63 11 19  8 88
10 33  4 99  9 57  0 51  2 92  6 92  1 99 12 68  3 20  7 22 11 94  8 15 13 11 14 20  5 30
10 13 13 11 14 83  4 28  8 10 11 37  6 52  5 98  3 25  2 85  9 33  1 85  0 61  7  1 12 19
11 58  8 34 14 87 12 61  1 15  3 27  5 15  7 62 13 19  0 99  6  9  4 10  9 13  2 92 10 64
 3 32  0 58  8 38  9 92 10 85 11 87  7 69 13 91 14 53  5 71 12 94  4 49  1 98  6 32  2 22
11 19  7 95  9 95  8 44 12 11 13 24  0 70 10 85 14 52  1 17  4 84  5 68  3 16  6 18  2  1
 6 60  0 98  4 86 13 31 11 71  9 88 14  5  8 64  3 36  1 89  5 76  7 23  2 23 12 61 10 36
 8 97 14 93  2 27  4 80  5 52  1 59  9 92  0  5 12  4  3 34 10  5  7  9 13 68  6 48 11 59
 7 23 12 57 10 79  6 99  3 32  1 30  0 43  5 57  4 44  9 32  8 79 11 77  2 17 13 72 14 99
 0 69  7 87  6 37  2 65  5 27  1 70 14 85 10 89  8 43  3 51  9 78 13 13  4 48 11 94 12 98
 5 86  2 12  8 59  0  4  6 42 14 23 13 63  9 92 12 94  3 69  7  2  4 72 10 13 11 15  1 26
13  6 12  8  9 22 10 26  5 58 11 69 14  3  3 74  8 28  6 89  2 19  7 22  4 35  0 91  1  4
11 70  7 36 14 62 12 97  2 33  6 98  5 37 10 84 13 47  9 49  8 64  3 28  1 23  0 54  4 79
 7 70 10 26  8 12 14 17  1  7 12 81  3  6  9 60 13 34  2 27 11 87  0 52  6 42  4 22  5 79
 4 20 14 65 10 80 12 14 13 55  1 16  8 43  2 29  0 64  6 44  7 70  5 31  3 88 11 86  9 35
11 62  4 29 14 10  5 87  9 89  8  9  1  3 12  1  3 71  2 60 10 66  7 15  0 74 13 14  6  9
11 62  1 62 12 67  9  2 10 48  7 72  0 39  3 11  8 34 13 50 14 81  4 18  2 82  6 13  5 72
11 10 12 55  1 61 13 50  3 83  0 86  9 11  5 78  6  8  2 15  7 77 14 43  8 38  4  3 10 54
14 78  6 28  7  9  5 67 11 13  0 92 10 45  1 60  8 22 12 97  9 52  3 86  4 78  2 76 13 40
 8  7  6 91  5 25  9 45 13 84 14 29 12 73  1 22  2 46  4 19  7 75 10 64  0 63 11 59  3 61
10  8  3 39  6 98  9 22  0 81  4 17  1 65 14 64  7 69  2 31 11 61  8 24  5 80 12 57 13 89
 2 71 10 10 12 19  5 38 14 54 11 26  3 14 13 86  7 60  0 65  1 84  8 34  9 73  6 13  4 27
 0 38  8 53  9 33  7 48  6 29  4 41 12 80 13 73  3 65  5 60 10 55  2 43  1 17 11 27 14 75
 1 92  7 84  3 53 10 56 12 31 13 87 14 93 11 77  0 60  4 76  6 83  5  6  2 47  9 99  8 35
 0 95  1 68 11 38 14 23  8 93  7 10 13 85  5 86  2 34 10 45  6 14  3 87 12 99  4 96  9 47
 5 57  8 43  0 80  3 41 13 48  9 56  6 24 12 35 10 42  1 92  4 69 11  1  2 99 14 31  7 51
10 34  9 42 13 39  5 45  1 26  3 42 14 74 11  9  2  6  8 71 12 14  4  3  6 51  0 90  7 43
 7  2 11 73 13 23 14 49  4 63  6 26  3 50  0 79  9 14  1 70 10 23  8 43 12 73  2 74  5  9
 7 64 13 40 11 31  9 28 10 89  8 82  4 36  6 80 12 56  2 41  3 58  1 40  5 72  0 83 14 54
 3 14 14 99  6 44  9 93  2 53  8 37  1 84  4 89  7 35 10 37 12 82 13 56 11 35  0 45  5 14