50 20
 9 99  0 66  8 52 16 74 14 70  6  8 12 38 17 70 15 24  5 46  3  4  7 67 10  6  2  1 11 17  4 60 18 41 13 70 19 86  1 32
12 96 16 43 11 61  5 11 19 79 14 25 13 42 17 41  8 92  2 81  4 95  1 48  3 14  6 37 10 69  0 72  9 93 15 39 18 26  7 75
11 51  1 50 10  5  8 41  7 11 16 65 19 52 17 27  6 47  5 54 13 85  0 22  3 99  4 50 18 13  2 51 12 91  9 53 15  7 14 17
14 47 13 41  0 35  4 15 16 16 12 68 19 93  5 38  6 33  3 97  2 23 11 26  7  9 15  7 18 10  1 84 10 72  9  4  8 19 17 69
 4 85 15 41  0 21 12 87 13 14  8 30 14 75 10 14  3 41  9  7  5 80  7 22 16 12 11 20 18  1  2 66 17 23  1 30  6 68 19 98
19 76  6 44 11 37  8 81 18 83 16 16  5 15 17 15  2 20 14 39 10 61  7 32  3 80 15  6  9 11 12 71  0  3  1 81 13 69  4 62
15 31  1  3 10 47 19 39  7 69  9  4 11 67  8 45  0 30  5 75  2 83 13  4 14 69  4 97 12 87 17 91  6 87  3 90 18 72 16 40
 6 53  8 80  0 22  5 76 16 67 19 77 11 20 10 49 18 31  1 35 17 30 13 10 14 27  2 36  9  7  7 40  4 64 15 91  3  1 12 60
 6 67 11 19 19 22 13 20 16  3  5 90  0 27 10 59  4 81  8 33  7 86 12 50 14 27  9 42 18 32 17 14 15 33  1 11  2 43  3 22
 5 27  2 55 16 70 10 52  9 29 19 46  8 70 18 31 17 19 15 38  1  9 14 23 11 73  4 23  7 50 12 95  3 65  6 95 13 26  0 74
 9 41 14 16 19 33 10 56 12 35  2 15  8 84 17  2  5 77 18 31  6 27  0  8  3 43  4 49  1 50  7 67 16 95 13 33 15 70 11 21
 8 31 19 29 11 62 13 47  4 79 12 49  7 12  6 31 16 30  5  2 17 84 15 75  9 89 10 36 14 79  1 43  2 67  3 60 18 31  0 84
 4 32  7 87  8 79  5 50 16 23 12 14 13 75  2 73 17 80  0 29 15 27 18 52  6 21 14 79 19 39  1 36 10 42  3 13  9 20 11 56
14 73 13 84 19 88 16 84  2 23 17 63 12 20  3 75 10 28 15 91  4 93  6 95  1 29  9 30  8 84 11 17 18 39  0 40  5 45  7 58
17 50  7 65  0 92  4  6 12 37 18 43 10 33  6 71 13 91  1 88 15 33 16 47  3 39  2 93  8 83 14 88  9 18  5 29 11 89 19  4
11 46  4 39 12 31 17 36  5 12  2 93  3 31  7 44  9 97 18 95  6 92  8 90 15 78 10 33 13 53  1 18  0 25 19 80 16 42 14 23
11 78 16 41  6 25  0 30 19 33  3 13 18 74 10  4 12 83 14 62  9 83  5 28  4 57  8 58  1 88  2 55  7 48 17 49 15 96 13 81
18 26 10 91  4 32 11 14 12 23 19  1 14 85 16 79  7 53 17 65 13 99  9 76  8  6  2 23  1 47  6  9  3 99  0 18 15  8  5 37
 6 21 15 41 11 90  0 73  5 54 19 21  4 10  9 95  7 70 14 27 12 15  2 36  8 66  1 47 10 96  3 21 13 20 17 78 18 77 16  9
 7 95  6 73  0 38  3 33 19 95  1 33  4 13 18 90 10 21 15 79 12 92 11 17 17 77  9 19  2 81 13 16 16 56  8 92  5 81 14 65
11 16 13 53  5 51  2 34 19  7 10 64  9 10  4 49  1 20 14 25  0 80  6 96  8 13 18  4  3 44 12 78 16 31  7 55 17 11 15 84
 7 89 14 60 17 29 15 53  8 62 10 46  6 68  0 90 13 12 19  5  2 34 18 97  1 91  5 59  3 28  4 36  9  9 11 33 12 10 16 58
 3 89 15 70  0 90  8 11  9 40  1 24  7 13 12  9 11 25  4 93  6 77 13 14 17 44  5  3 16 35 14 71 18 27 10  4 19 54  2 38
12 28  3 20 19 39 17 31 16 71 18 30  6 30  9  4 11 78  4 84 13 24 14  7  8 76 10 76  5 74  0 96  1 67  2 48 15 33  7 52
 4  7 14 35  5 78  9 82 17 15 11 57  6  8  8 34 19 58 16 22  3 47  2 40  1 95  7 89  0 87 12 16 15 38 10 76 13 87 18 44
17 86  0  1 14 40 19 64  1 11  8 49  6 68  5 10  4  9  2 52 11 25 15 40 12 84 10 11 18 72 16 41  9 12  3  3 13 41  7 41
 7 79  6 77 19 60 18 67 15 97  0 35  1 23 14 34 10 41  8 25  4 24  5 27 13 98 16 93 12 61 11 80  2 40  9 30  3 83 17 45
 7 67 14 28  2 39 12 49 15 80 10 60  8 65 13 47 18 43  4 37 11 48  0 58  9 58 16 82  6 60 17 51  3 49  5 62  1  1 19 25
 1 52 12 82  2 75 11 73 17 11 19 12  4 43 10 85 14 97 16  6  5 51 15 98  9 46 18 94  3 84  0 46  8 34 13 87  7 29  6  8
13 37  1 49  3 27  5 78  7 58  2 46 15 59  9 11 16 55  8 49 18 82 14 57  0 14 11 13 10 78 19 38 12 17 17 64  4 48  6 29
17 51  0 80  3 78  8 48  6 94  5  7 14 80  9  3  4 17 11 99  1 59 16 43 15 29  2 30 19 20 10 62 12 20 13 64 18 13  7 13
 2 31  8 73  0 57 19 67 17 94  4  5 13 87  7 76  6 18  1 27  3 62 12 64  5 32 14 80 18 83 15 77 16 74  9 67 11 33 10 85
15 66  5 52  7 81  2 50 16 88  6 44  4 38  9 31 11 91 13 36 14 72  0 83 17 83 12 84 10  7 19 22  8  7 18 50  1 30  3 22
 9 81 14 11  6 47 18 60 15 97 19 97  2 10 16 32  1 19 17 50  7 33 12 84 10 12  4 62  3 62 11  2  0 20 13 13  8 97  5 81
13 10 16 93  2 64 17  9  7 60  0 81 14  2  9 94  8 86 12 60  5 82 19 82 10 88 18 47  4 17  3 61  1 29  6 17 11 78 15 16
14 24 19 11  6  2  1 97 18 79  9 24  2 20  4 19 16 58  5 41 15 71  0  3 11 52 17 28 10 62  7 63 13 69 12 80  8 95  3 44
 1 75  3 20 18 15 11 34 16 79  8 84  7 27  5  2 14 56 13 83 10 13  0 23 15 42  4 82 12 11  9 36  6 51 17 30 19 98  2 43
14 96 16 60  3 70 18 39  9 31  6 86  5 32 13 31  8 34  4 97  2 14 11 72  7 11 10  2  1 35 17 94  0 35 15  5 12 59 19 34
14 45  8 14 16 44 10 18 15 19  3 26 17 14 18 67  2 39 13 70 12 23  7 91 11 90  9 98  0 58  1  7  4 54  6 97  5 90 19 93
14 61 12  5  2 41  1 99 13 82 15 87 19 73 11 42  0 65  6 19 16 30  7 88  9 93 18 95  4 21  5 12 17 62  8 34 10 45  3  8
17 40  3 24  5  3 10 56 16 91  4 95  1  4 19 76 14 73  8 59 15  4 13 63  7 22  6 31  9 53  0  9  2 51 12 71 11 38 18 22
19 88 15  1  1 68  9 21  2 65  5 86  0 51 16  7 18 86 14 21  8 20  3 50 17 24 10 73  6 38  4 57 12 58  7 83 13 48 11 86
13 80  8 71  0 23 10 86  4 65 12 19  6 80  5 28 11 28 18 91 14 35 19 14 16 64 17 58 15 23  3 72  7 71  9 86  2 22  1 69
12  8  0 29  8 73  4 55  5 68  3 20 13 74 15 69  6 69 18 73  7 81 11 86  9 42 16 32 19 95 14 93  2 45 10 94 17 82  1 73
 4 66  6 57 16 33  7 14  1  7 10  6 12 95 18 30 13 20  5 15 15 96 11 38  8 22  9 31 14 36  0 46 19 76  2 11  3 80 17 32
 0 52 16 25  5 81 15 91 12  8 19 43  6 25 10 30  9 54  2  8  3 36  1 99  4  8 14 65 13 55 11 85  8 68 17 76  7 34 18 48
12 34  3 15  0 81 19 26 15 22  7 41 16 91  9 27  6 72 13 89  5 26  8 46  2 74 10 87  1 67 14 87 18 29 11 10 17 46  4 73
17 88  1  3  5 93 13 63  9 61  2 43  0 43 14 93  6 26 18 33  8 46  3 67 10  3 12 83 16 53  7 53 19 34 15 32  4 34 11  4
 4 59 18 87  9  1 17 82 10  2 13 11  3 73 12 82 11 78 16  6  8 14 15 49  0 15  7 75  6  6  2 73  5 95 14 48 19 71  1 37
 2 28 14 40  1 92  3  1 16 59  0 82  7  8 13  9  6  9 17 44  4 56 10 33  9 86 19 84  8 54  5 58 12 16 15 48 18 77 11 24