50 20
17 13  2 53 14 24 11 54 10 37  5  4  4 93 16 30  7 35  1 79  8 26  0 43 12 33 15 58  3 16 13 47 18 52  6 68  9 49 19 10
19 38 10 28 15 69 14 60  7 88  6 28 16 63 17 26  5 49  0 90  1 78  4 57  2 72  8 65  9 15 18 35 13 76 12  5 11 99  3  5
 1 30 18 90 16 11  2 71  4  2  3 23  5 29 17 70  6 30  0 63  9 88 15 12  8  5 13 71 12 55 10 89 19 47 14 97  7 75 11 27
 4 34 17 13  7 93  1 31 16 61  9 43 10 45  2 59  5 49  6 81 13 99 15 20 11 17 12  7 14 54 18  7  8 81  3 14  0 39 19 10
17 97 13 88 14 22  4 13  6 26  0 74 11 97 19 45  8 24  3 76 15 79 16 38 10 85  9 90  2 98  1 94 18 79  5 87  7 44 12 53
 1 94 14  4  0 82 11 88  8  2  4  7  9 28 19 67 12 53  7 56 13  4 18 11  5 76  3  7 16 74 17 47 15 49  2 94 10 80  6 94
10 46 12 76  0 63 17 71 19 94 14 76  2 60  8 82 11 90 18 16  1  1 13 57  5 20 16 37 15 39  7 57  6 58  3 13  4 14  9  6
10 82 18 15  9 91 15 97 19 31  1 95 12 16  0 83  4 14 13 75 14 54  3 14  7 56 16 53 17 86 11 96  6 42  8 59  2  5  5 39
 9 72 17 31 19 45 11 37  5 74  7 73  3 16 13 44  8 16  4 35 10 40  6 27  2 39 16 64 14 91  1 92 15 49  0 58 12 58 18 94
16 31 12  7 19 14  1 61  7 66 15 10  8 38  4  6  6 66  3 92  5  9 10 38  0 61 18 81 14 15 13 31  2 96  9 94 17 75 11 34
 1 80 19 79  8 52 13 98  0 27 14 97 18 91 15 75  2 90 16 45  5 87  3 30 12 11 10 25  9 27  6 17  4 61  7 79 11 87 17 46
18 92 11  6  3 16  8 93  0 84 19 10  1 48  4 25  6  4 10 77 17 10  9 60 16 41  5  6 12 99 13 56  2 21 14 91 15 44  7 55
10 55  2 24  1 89  9 91  4 91  6 55  7 74 11 90 17 68 18 55 14 65  3 67  8 76  5 42 15 50 13 97  0 52 19 95 12 88 16 80
11 63  9 90  1 11  2  7  3 47  6 74  0 60  5 48  4  7 16 48 19  6 10 93  8 72 15 52 13 31 14 33 18 20 12 20 17 13  7 52
19 23  2 54  9 67 10 22  8 73 11 67  4 43 15 36 12 30 17 92  5 28 16 60 14 84  0 33 18 80 13 73  6 88  1 97  7 84  3 13
 9 31 17 42 11 91 12 52  4 32  0  4  7 87 18 80 13 28 16 27 14 89  3  6  2 55 19 75 15 60  8 94 10  9  1 77  5 49  6 40
 3 79 13 12 17 10 19 82  9 62 12 40 14 35  7 40 16 75 10 19  6 52  1 18 18 34  8 20  5 42 11 21 15 71  4 25  2 76  0 46
 2 83  3 71  1 87  8 48 19 95  9 77 14 34 17 35 11 39 15 60 16 58 13 49  5 52  0  9 12 91 18  4 10 44  6 49  7 48  4 52
13 69  3 90  1 36  9 33  6 13  8 15 16 98  0 15  5 22 17 18 15  7 12 65  4 80 11 45 10 97  2 30  7 68 19 96 18 30 14 24
13 66  3 85 14 42 19 12 12 29 11 69  4 69  2 22  0 37 18  8  7 20  8 64 15 49  1 54  9 12 16 29  5 67 17 80  6 75 10 12
 4 76 18  1  5 40  3 94  1  8 13 79 16 57  2 10 11 40 10  5 19 20  0 13 17 65 12 45  7 76  6 50 14 73  8 57  9 43 15 46
 2 84 18 74 17  7  1 82  4 85 16 79  9 28 12 12  7 59 13  8  8 23  0 22 19 26 10 17  5 14 11 23  6 75  3 26 14 30 15 95
 3 85 17 97  6 54  8 87 12 29  5 84  0 91 15 32 18 57 10 96  9 69  4 52 16 63 14 80 19 37 11 41  1 73  7 84 13 65  2 87
 7 91  2  4  5 33  0 54 14 66  1 63  9 91  3 72 10 92 17 30 18 49 11 28 12 39 19  2  4 61 13 34  6 99 16 74 15 87  8 29
 6 29  2 32 12 11  4 42 17 21  9 93  3 25  0 37 13 40 16 17  8 61 10 43 15  4 14 54  1 66  5 84  7 81 18 42 19 45 11 67
17  6 14 61  1 18  0 85  3 78 19 45 13 95  2 43 15 36  5 22 11 74  9 22 10  6 12 73  6 55 16 28  7 13 18 95  8 63  4 12
15 42 18 99 19 88  8 45  6 19  5 81 17 15 12 73 10 27  4 89 11 75  3 83  0 48  9 72 14 50 13 34  1 32  2 56 16 90  7 29
16 30 19 32  6 29 14 18  4 31  2 86 12 87 10 30 18 23  7  2  5 51  1 16  3 55 13 37 15  1  8 50  9 49  0  2 11 54 17 79
 1 63 18 79  3 64 19 48  6 58 14 74 15 36 13 52  0 56 11  7 12 44  4 99 17 56  9 52  5 35  2 56  7 41 10 51  8 18 16 93
10 95  1 86  2 68 12 61 14 62 19 31 13 90  4 99 17 15 16 54  5 45  9 46 11 79  6 49 15 99  0 48  7 59 18  8  3 42  8 59
 7 40  0 51  1 87  9  3 10  2  8 80 19 35 16 46 18 79 12  3  4 40  3 91 13 76  6 14 15 10 14 81  5 41  2 11 11 25 17 42
 7 76 14 97  9 81  1 70 13 18  8 68 12 64  3 17  4 54  2 84 17 57 16 98 19 38 10 93 11 52 18 54  5 71 15 61  6 20  0 87
 1 30 16 28 14 76  7  2 10 44  4 58  8 26  5 42  9 50 18  9 11 33  2 68 12 23 15 95  3 51 19 15  0 88 17 58 13 27  6 79
10 61  1 88 13 51 11 78 17 92  8 74 12 38 19 64  5 96  6 83  0 58 16 62 14  5 18 15  7 43  2 53  3 30 15 15  4 96  9 41
17 93 16 25 10  1  5 71  7 48  1 16  3 20 12 52  6 88 11 77 18 23  2 25 13 43  4 94  9 59 19 29  8 37 14 97 15 61  0 46
14 58 17 63 16 56  9 12 18 10 12 18  6 13  1 65  8 60 19 21  4 11  2 40 10 52  7 80 11 78 13 91  3 72  5 31 15 75  0 64
14 15  2 39  4 15 13 22 11 75  8 48 15 89 12 96  1 34 16 55 17  6  7 92 18 18  3 84  5 24 10 15 19  1  6 39  9 66  0 43
 6 33 18  5  0 17  5 46 15 65 19  2  3  8 10 83 17 83  9 21 14 73 12 82  1 18 11 98 13 75  7 10  4 87  2 54 16 56  8 98
 5 72  7 31  4 67  2 53 10 64 16 51  3 62 15 73  0 49  9 92 13 85 18 40 11 80  8 88  1 88 17 73 12 51 19 12 14 76  6 38
11 47  0 97 14 92 17 26 19 90  7 99 10 50  1 76  5 54  3 17  2 46  4 34 18 23  6 43 13 42 16 88 15 25  9 93  8 87 12  4
14  8  7 40 10 13 13 27  3 95 15 17 12 24 17 36  8 70  2 46 18 14 16 29  5 66  1 94 19 86 11 57  9 29  4  8  0  5  6 58
 4 52  3 85 16 35 12 41  1  5 19 82 15  8 13 11  8 37  5 11  0  9  2 35  7 76 14 23 17 11 18 80 10 20  9 69 11  6  6 58
11  9  2 73  7 72  6 10 18 93  0 11 16 33 17 42 12 58 13 93 10 77  8 60  9 20 14 86  1 51 15 89  4 25  3 45  5  5 19 74
 8 22 13 63 16 15 14 63  2 29 11 65  1 41  9 85 17 16 10 56 12 39  4 81 18 95 15 63  6 48  0 60  3 78  5 35  7 99 19 47
10 87  1 58 12 52 15 31  8 62 11 54  6 11 16 59  2 37 19 10  3 13 14 87 13 39 17 92  0 35  5  3  4 86  7 47 18 94  9 50
 6 59  1 22  9 45  8  4 16 69 17 27  7  9  3 25 15 48 10 71 12 12  4 59 11 18  0 40  2 32 19 80 18 99  5 61 14 20 13 39
11 38 14 96  5 92 12 86  3 73 17 67  2 32 16 15  1 77 13 45 19 63  6 46 18 56  7 70 10 85  4 34  8 81 15 54  9 30  0 62
 6 41 17 56 18 96 15  5  0 76  2 48 16 98 14 50 10 74 11 48 13 83  9 64  1 26  4 18 12 93  8 62  7 56 19 73  3 22  5 51
 2 23  3 17 17 50  5 73  4  1 11 85 19 61 12 19 15 58 14 78 18 74 16 99  9 24  0 54  8 29  7 44 10 69  1 74  6 80 13 61
12 37  7 17 13 75  4 32 11 14 16 85  9 41 18 96 19 26  2 12  0 38  8 13  1  8  5 50  3 11 15 54 17 52 14 82 10 25  6 28