50 20
 8 96  4 14  0 43 17  8  7 83 19 56  3 32 15 40 12 89 14 88 13 48 11  9 10 63  5 58  2 59  6 88 16 51  9 36 18 65  1 10
15 95  2 75  4 25  3 56  6  8  8 38  9 60 16 95  0 21 11 31  1 99 14 58 19 71  5 45 18 30 12  9 17 53  7 57 13 72 10 55
 2 72  8 42 13 75  3 58  1 70 18 91  0 58 10 99 17 33 19 34  5 10 15 60  4 66  6 69 16  6  9 43  7 78 12 64 14 34 11 87
 0 32 15 54 11 82 18 87  4  5  5 77  1 19 17  6 16 96  6 11  3 63 12 66  2 52 13 97  8 86 10 41 19 11  7 90 14 34  9 28
11 62  3 48 19 22 13 47 18 32  5 18 14 40  0 92  7 27 17 40  6 72  1 49 16 57 12 67  4 17  9 13 10 24  2 28  8 26 15 92
 1 26 16 58 17 99  7 12  3 87  9 68  6 65 10 60 19 85 15 59 14 31 12 32 13 79 18 38  4 88  5 80  2 56  0 90 11 80  8 53
15 81  9 37  3 51 12 60  1 62 11 58  0 67 13 62 18 98 10  3 14 83  7 73  6 94  5 85  4 72 19 65  8 24 16 70  2 93 17 17
12 31 19  1  6 70  5 24  4 49 13 77  7 51 17 73  8 37  3 81 18 78 15 70  0 74  2 64 16 16 14 96  1 27 10 51  9 97 11 64
 5 57 11 16 12 75 17 47  1 33 15 46 14 91 19 65  6 76  0 15  3 75  8 53  4 54  2 42 13 12  7 11 10 70 18 72  9 31 16  8
11 41  9 66 12 84  2 51  6 13  0 29 17 50 19 72 10  8 13 44  4 24 15 82  1 14  3 55 14 84 18 29 16 93  8 54  5 90  7 59
11 64  2 48 14 78 19 83  5 55 16 70  8  9  9 27  7 47  1 55 12 97  0 25 18 66  4 82  6 98 10 41  3 92 17 96 15 58 13 65
18 23  1 38  5 86 15 43 10 49  2 14 12 90 17 89 11 57  0 39 16 78 14 65  4 74 13 73  9 21 19 93  8 24  3 25  7 63  6 58
 6 30 10 79 12 27 11 67 16 25  9 77  2  6  7 29 19  1  8 42  1 37 13 75  4 38 15  1  3 34  5 91 18 70 17 59 14 34  0 74
 3 17 17 52  4 70  2 54 16 36  8 64 14 68 12 63  0 74  9 23 15  5  7 76 13 75 18  9 11 17  6 19  1 55 19 85 10 13  5 31
 7 18  5 97 12 14  2 28  6  3 19 35  0 91 15 39  1 74  9 11 18 60  4 78 17 20 16 18 11 53 13 24  8 46 14 87  3 60 10 40
 8 74  9 46 15  8 12 77  0 23 18  4  4 31 14 52  5 28 10 49 19 44  7 76 13 51  3 11  6 60 17  2 11 66  1 41  2 98 16 45
19 43  6 32  1 76  3 39 10 32  5 97 15 64  8 80  9 34  7 22  0 40 16 63 17 12 18 14 11 32  4  6 14 82 12 29  2 17 13  8
11  9 10 34  6 61 14 48  0  9 13 57  3 83 12 47 19 69  2 95 18 99  5 25  7 62 16 99  9 72  4 12 15 16  8 23  1  9 17 35
12 60 15 49  1 57  4  5  5 77  8 96 14 56 13 96  3 50 17 84  6 70 16  3  7 26  2 64 10 11 19 94  0 26  9 81 11 53 18 19
13 98 19 49  0 86 11 13  7 56  6 45 12 54 14  9 16 47 15 68  8 39  2 10 10 44  4 94  1  4 18 45  9 31 17 88  3 68  5 96
 4 45  7 91  1 93 17 20  0 16  5  7 12 10  8 45 19 75  2 43 10 16  6 28  3 23 11 68 14 61 15 75 18 18 16 87  9 72 13  4
12 26 11 71  1 11 16 46  7 47  0 68  3 73  8 62 14 54  5 30 15 35 19 27  2 75 10 36 18 64 17 50 13 99  4 31  9 66  6 81
 6 82  2 48  9 34 18 86  3 79 19 71 16  3 12 25 13 57 17  9 15 20 11 87  8 54  1 58  5 53  7 69 10 19  0 26 14 74  4 23
 0 89 12 14 17 18 15 95  1 43 19 80  7 23 18 25 13 40  4 98  6 95 10 74 16 70 14 49 11 53  3 71  8 24  2 80  9 50  5 49
13 83 18 33 17 78 12 95  5 46  4 92 15  3  1 91  0 70 16 36  2 97  8 70 14 68  3 84 10 20  9 50  6 46 11 67 19 22  7 26
18 29  8 65  6 81  4 28 15 46  0 76  2 47 14 45 12 36  5 94 10 72  7 78 17 18 13 57  3 95 16 82 19 95  9 26  1  9 11 21
12 19  0 85  8 84 14 73  6 25  9 97 15 95  3 41  1 33  7  7 16 38  2 70 18  2  4 73 10 91 19 77 17 31  5 61 13 91 11 99
11 77 19 90  4 70 10 19  5 64  8 89  6 97 12  6  2 26 18  6  0 54  7 74 15 69 16 54 17 96 14 72  1 10  3 97 13 37  9 21
10 49 19 41  0 36 17 88 18 33 12 28 16 77 13 44  4 66  5 20  6 50  3 33 14 98  2  3  1 81  7 75  8 92 11 13  9  1 15 48
15 79  5 32  6 76 17 49  7  5 11  6 19 77 13 92  0 48  9 17  2 59 14 40 16 79  3 16 10 36  1 59  8 41  4 59 12 86 18 25
 0 25 14 42  7 57  9 49  2 50 16 20  6 35 11 84  1 49 19 20 15 65 10  3  8 29 13 28 12 97  4 11 17 90  5 47 18 56  3 15
15 76  3 37  9  4  1 41  6  5 10 77 12 55 14 24  4 45 16 64 13 27 19 16  2 63  7 49 18 81  5 51  0  7 11 84  8 51 17  6
10 22  9  6  5 97 12 75 11 62 15  7  0 38 13 86 19 49 18 18  6 82  7 68 17 22  2 18  1 21 14 46  8 41  3 78 16 76  4 82
10 28 13 34  1 83 12 61 14 52  9 73  4  4  8 79  6 53  2 77 11 50 18 18  7 90  3 41 19 75 15 51 17 43  5 91  0 77 16 13
 8 60 19 64  4 95  7 93  6 20  9 34  2 79  0 14  5 56  1 31 18 24 10 94 16 83  3 96 13 44 14 18 17 23 11 62 12  2 15 94
 6 53  2 49 14 72 19 60 12 80  7 53  1 92 10 44 16 15  8 42 13 78 18 88 11 58  9 34  4  1  3 99 17 71  5 46 15  4  0 69
11 50  6  5  2 59 15 26  9 35 18 40 14 48 13 71 17 17  0 89  8 97  7 69 16 85 10  1  4 45  3 12  1  6  5 60 12 91 19 80
11 76  6 47  4 33 13 80 12 49 15 92 18 18 19 30  9 34  3 66 16  8  0 10 10 44  8 18  7 95 14 19  1 76  5 20  2 56 17 31
14 80 11 92 19 41 16 86  1 90  3 50  5 22  7 85  6 92  0  4  9 74 15 55 17 11 12 99  4 35 10 97 13  6 18 71  2 79  8 75
13 36  3 12 17 81 19 48 11 69  0 33 10 10  9 61  6 58  2 71 14  8 16 24 15 69 18 63  1 58  7 80 12 31  8  9  5 45  4 62
 8 13 15 50 14 56 11  8 10 33  3 96  0 94 17 43 16 46 13 57 19 57 12 46 18 63  4 19  9 88  7 33  5 99  1 57  2 51  6 92
19 92  1 99  4 68  2 20  0 22 11 94  7 15 16 11  3 20 10 30 12 13  6 11 17 83  5 28 18 10 14 37  9 52 13 98  8 25 15 85
 3 33 14 85 13 61  0  1 12 19  7 58 10 34  5 87  8 61  1 15  2 27  6 15 11 62  9 19 19 99 16  9 15 10  4 13 17 92 18 64
11 32 17 58  2 38  9 92  5 85  0 87  3 69  6 91 19 53 18 71 13 94 16 49  8 98  7 32 10 22 12 19  1 95 15 95  4 44 14 11
12 24  0 70  4 85 14 52 19 17 10 84  7 68  2 16 17 18  6  1 16 60  3 98 18 86  5 31  9 71  1 88 11  5  8 64 15 36 13 89
 8 76 16 23  2 23  1 61  9 36 13 97  7 93  5 27  3 80 14 52 19 59  0 92 18  5 10  4 15 34  6  5 12  9 17 68  4 48 11 59
15 23  7 57  1 79 18 99 14 32 16 30 17 43 19 57 11 44  4 32  6 79  3 77 12 17  8 72  9 99 13 69  2 87 10 37  5 65  0 27
 4 70  9 85  7 89 10 43 15 51  2 78 19 13  1 48 12 94 11 98 13 86 17 12  8 59 18  4  5 42  3 23 16 63  0 92 14 94  6 69
 2  2 14 72 17 13 19 15  5 26 16  6  0  8  6 22  7 26 18 58  9 69  4  3  1 74  8 28 15 89 13 19 12 22  3 35 10 91 11  4
 2 70 19 36  9 62  0 97  7 33 14 98  1 37 13 84  4 47  3 49 16 64 15 28 18 23  6 54  8 79 17 70 11 26 10 12  5 17 12  7