50 20
17 81 18  6 15 60  2 34  1 27 16 87 11 52 13 42 19 22 14 79  5 20 12 65  9 80 10 14  0 55  6 16  3 43  8 29  7 64  4 44
 0 70  7 31 17 88 18 86 13 35  1 62 15 29  2 10 10 87 19 89 16  9  8  3  3  1 12 71  5 60  6 66  4 15 14 74 11 14  9  9
 0 62 10 62 11 67  9  2  7 48  4 72 15 39 17 11  5 34  6 50  2 81 14 18  3 82 16 13  1 72  8 10 13 55 18 61 19 50 12 83
16 86 18 11 12 78 10  8  2 15 17 77 15 43  1 38 14  3  9 54  3 78  5 28 19  9  6 67 13 13  4 92  0 45  7 60 11 22  8 97
15 52 18 86  5 78 12 76  9 40  3  7 10 91  7 25  1 45 13 84  6 29 16 73  0 22  2 46 17 19  4 75 14 64  8 63 19 59 11 61
11  8 17 39  5 98  0 22  2 81 19 17 14 65 16 64  7 69  6 31  1 61  4 24  3 80  8 57 18 89 12 71 15 10 10 19  9 38 13 54
19 26  2 14  4 86  9 60  1 65  6 84  8 34  7 73 13 13 18 27 17 38 15 53 16 33 11 48 10 29 14 41  3 80 12 73  5 65  0 60
11 55  1 43  7 17  6 27 19 75 10 92 13 84  9 53 12 56  4 31 18 87  5 93 14 77 16 60 17 76  0 83  8  6 15 47  3 99  2 35
18 95 11 68 17 38 12 23  6 93  3 10  9 85 16 86  1 34  2 45 10 14  5 87  7 99 19 96 15 47  0 57  8 43 14 80 13 41  4 48
 1 56  7 24 13 35 17 42 10 92 16 69  2  1  4 99 14 31 11 51  5 34 18 42 15 39 12 45  0 26 19 42  8 74  9  9  3  6  6 71
15 14  4  3 12 51 14 90  2 43 16  2 18 73 19 23 10 49  8 63 11 26  6 50  9 79  7 14  5 70  3 23 17 43  0 73 13 74  1  9
 8 64 19 40  4 31 17 28 13 89  6 82 18 36  0 80 10 56  1 41 15 58  2 40 14 72  3 83 12 54  7 14 16 99  9 44  5 93 11 53
 1 37  6 84  9 89 18 35  5 37 12 82  2 56 11 35 14 45 17 14 15 17  7 14  8 81 16 13  3 88 19 24  4 62 10 25  0 72 13 22
12  2 19 73 11 10  4 24 15 23  8 47 14 74  3 34  2  7  5 73  1 22  7 73 18 24  6 64  0 30  9 88 17 41 10 13 13 50 16 40
 4 20 16 88 13  2 19 38  3 79  7  5 10  9 15 48  1 59 17 39  2 29  9 36 14 88  6 31  0 13 11 29  8 27  5 39 18 59 12 89
 2 86 13 29  5 29 19  3  4 30 14 39 18 94  8 92  7  7 12 89 11 28 16 77  1 12  0 74 15 48 10 75 17 87  6  1  9 76  3 79
12  4  4 88 16 48 14 23 13 31 17 94 15 37  3 96  2 68 10 65  5 32 18 34 11 51  7 63  6 58  8 76  9 99 19 82  0 31  1 23
10 31  6 53 17 33 16 89  2 42  9 98 15 61  4 82  5 79  0 78  8 18  7 24 12  6 19 75 18 69 11 41  3 53 13 95  1  8 14 95
 9 12 11 12 16 70 19 37  8 79 12 57  6 15  7 57 15 17 18 24 10 63  4 35 13 45 14 72  0 41  5 11  1 83  3 49 17 20  2 62
19  6 15 18 12 82 13 63 17 17  8 37 10 34  1 36  9 69  5  1 11 81  0 76  7 85 14 14  6 97  3 56  4 79 16 24 18 37  2 72
15 20  2 16 16 15  9 36  8 65  1 25 12  5 17 77 13 51  5 55  7 20 10 10 14 44  4 84  3 71  0 13 19 77  6 48 18 92 11 10
 9 59  7 92  6 93 11 44  1 88 17 66  8 50  2 54 18 61  3 39  5 91 13 89 14 80 16 44 12 17 10 44 15 72 19 69  0  3  4 74
13 15  6 23  8 53 10  8 12 88 14 93 17 63  5 72  4  4  9 11 15  1  7  7  0 29  1 67  3 55 19 69 16 10  2 28 18 97 11 67
11 79  2 98  5 85 10 38  7 38  3 96 13 87  8 20 14 23 17 50  1  2 12 45 15 38 18 30  6 66  0 21  4 65 19 57 16 99  9 96
 0 50 18 98  2 96  8 94 10 95 13 27 19 65 16 74  3 13 11 38  1 73  4  5  5 79 17 37  6 33  9 20  7 16 15 58 12 26 14 77
 1 53  7 43  3 17  6 20 11 72 14 18  9 50  5 39 17 64 18 69 19 76 15 19  2  4  4 16  8 92 12 78 10 73 13  8  0 80 16  1
15 64 16 69  2 98  0 51 17 86  6 26  1  7  8  9  3  2  5 62 13 32 11 19 14  5 19 69 10  1 18 72 12 27  9 97  7 83  4 27
15 32 13 63  1 47  9 86  7 87  6  2  3 53 18 15 16  7  8 76 17 65  4 31  5 55  0 54 12 20 10 31 14 20  2 78 11  5 19 44
 4 49  5 98  8 29 15 60 19 53  6 26 18 50 16 50  1 74 17 17  2 31  7 95 10 38 14 16  0 94 13 82 12 71 11 50  3 19  9  9
14  3 10 63 12 23  1 95 17  5 16 21  0 60 13 66 11  2  2 59 18 22  4 52  7 57  5 17  8 20  9 65 19 70 15  3  6 42  3 40
19 15 14 64  8 79  5 87 17 96 13 66  3 29 11  7 18 60 16 26 10 89  9 45 12 38  0 81  6 94 15 34  1 36  2 95  4 14  7 36
18 68  0 86  5 95 17 85 19  3 16 57 11 70  1 59 12 39  9 25  6 93 14  9  3 32  7 36 15 56  4 96 13 61  8  5  2 33 10 34
10 97  2 72  3 62  9 41 11 96  1 95  0  9  6 97  5 16  4 93 13 85  7 50 19 12  8 52 14 92 15 40 12  2 18 56 16 15 17 48
11 78 14 97 16 44  1 46 18  4 12 92 10  9  8 79  6 33 15 70  9 15  5 78  3 72 17 63  0 90 13 76  7 25 19 89  2 41  4 94
17 49 12 57  0  2  9 67  1 88 15 94 13 79  2 21 19 77  6 12  8 87 18 14 10 64  3 11  7 41  4 29 11 30  5 61 14 16 16 97
15 36  5 68  2 27  0 72 19 96 10 40  3 83  7 70  8 62  1 24 17 78  6 34  4 31 13  5 11 58 14 30 16 52 12 72  9  8 18 14
 2 62  5 81  0 86  6  7  7 42  3 40 11 85 15 54 14 50 17 79 12 18  8  6 10 57 16 68  9 55 19 27 13 71  1 33 18  1  4 39
16 28  2 81  8  6  7 39 10 41  9 76 14 48  6 15  1 72  0 99 19 23  5 80 12 86  3 21 17 26 13  9 18 82 11 83  4 57 15 57
19 68  3 14 14 40  5 98  6 15  8 44 16 35 12 70  9 31  1 38  2 27  0 55 11 29 13 83  7 61 17 95 15 73 10 97  4 59 18 20
 9 34  3 48  5 16  8  5 13 74 18  3 14 81  7 96  6 34 12 36  1 79  2 13 16 69 15 75 17 72 19  5 10 54  4 30  0 62 11 51
 9 57 17 22  5  8 15  3  3 94 18 59 10  2 16 21  7 35 19 68 14 60  1 56  6 43 11 56 12 43  2 31  0 19  4 40  8 82 13 38
11 74 15 69 14 58  7 65  6 27  3 93  5 93  0 17  4 98 19 19 16  3 12 77  1  2 10  1  8 37  2 31 13 53 18 74  9 61 17 42
15 56  5 49  2 97 11 17  3 47  7 81 18 53  4 60  9 22 13 41  8 53 17 86 19 98  6 80  0 25 12 86 14 82 10 20  1 61 16 60
18  9  2 42  5 13 13 84  3 98 17 28  7 27 14 77  4 26 12 52 15 43  1 31  8 31 16 62 19 92  0 94 10 38  6 94 11 47  9 91
 7 56  5 15  2 40  3 95  0 23 16 41 17 36 13 67 15 71 11 79 10 48 18 29 14 91  4 23  6 84  9 16 12  4  8 27  1 26 19 87
 1 86  4 52  5 28 16 79 18 66 15 38 13 51 19 63  9 64 12 41  2 75 14 76  6  3  8 65 10 98  7 51 17 22  3 51  0 70 11 40
11 35 10 68 16 69  0 76 19 64  7  4  8 36 17 82  2 57 12 47  9 41  6 90  3 80 18 83  4 78 15 18  1 73 14 96  5  6 13 98
19 90  0 16  9 31  2  6 15 65 14 30  7 72 16 28  1 21 18 16  5 48 13 30 10  7 11 63  3 12 17 93 12 66  6 27  8 83  4 19
 7 99  6 68  1 39 10 21 12 88  3 22 16 61 15 24 11 24 17 14 19 90  8 18  9 16  2 92  5 91 18 58 14 48  0 37 13  5  4 99
18  8 15 54 16 34  7 31  0 81  9 92 19 54  6 63 17 30  8 11  5 46 12 37  2  8 11 77 10 93  4  8 13  6  1 45  3 28 14 49