50 20
10 11 15 14 11 30  4 75  5 27  7  9 19  4 13  7  8 24  3 15  2 43  1 58 14 51  0 66 17 12 12 96 16  4  9 94  6 98 18 58
11 79  7 65 13 96  4 31 18 26  8 60  2  9 15 77 17 13  5 21  1 36  9 34 12 61  3 37 16 43 19 74  0 43 10  4  6  8 14 33
14 92  4 53 15 79 11 39 13 86 16 62  3 58  2 67  8 96 12 18  9 28 18 49 17 61 19 58 10 91  1 65  7 17  5  8  0 25  6 67
 0 98  9  5 11 48 15 45  6 92 12 70  3 58  7 48  4 58  1 51 10 69 14 36  8 62  2 92 17 26 19 71 13 25  5 81 16 59 18 35
10 89  4 63 18 73  1 43  8 93 12 58  6 74  0 27 16 96  5 84  3 76 13 71  2 58 15 68  9 42 11 24 17 47  7 54 14 55 19 56
14 92 12 95  2 98 11 98  8 94  9 78 17 83  6 67 18 60  5 32 10 69  3 24  4 99 16 64  1 40  0 22 13 11  7 59 15  6 19 49
 7 35  8 31 13 94 11 32  1 23 16 63  5 95 10 73 12 41  2 29 15 20 17 61  4 13 18 54  3 20  9 81  6 46  0 27 19 17 14 12
 3 97  5 83  7 94  1 97 19 20  9 39  0 54 11 68  6 48 18  2  8 88 10 11 15 56 14 68  4 95 17 74  2  5 16 75 12 67 13 23
 0 86 16 82 12 54  3 74  8 19 11 69  4 47 17 39 13 66 18 56  2  7  1 59  7  5  6 96 10 83 15  1  9  9  5 25 14 45 19 21
 6 91  7 22  3 65 15 91 14 28  4 74 16 11  1  2 13 76 11 43 12 70 10 35 17 39  9 64  5  9  8  7 19 58  2 90 18 28  0 53
13 63 14 91 18 42  4 17 10 97 15 97  8 94  5 84  6 59 19 60  0 87 17 94 12 64  7 40 16 47 11  7  3 46  9 15  2 49  1 41
 1 11  7 96 13 58 17  5  2 41 19 20 15 79  5 50 18 33 16 90  8 90 10 81 12 94 11 76  6 24 14 62  3 56  4 54  0 63  9 93
14 26 16 84 17 75 18  1  6 73  8 94  2 29 13 10  5 97  0 58 19 52  4 48 10 37 15 11  1 83 12 73  7 71  9 99 11 77  3 31
 6 21  5 43 17  6  3 38 19 37 12 19  7 18 15 23  9 24  4 32 18 84  2 74  0 78  1 51  8 91 11 54 10 58 13 70 14 53 16 50
 4  1  9 20 16 31 18 90  6 54 12 77 11 31 14 60 15 23 19 78  8  2  3 10  2 34  0 48 10 79 13  5 17 11  1 84  5 38  7 93
19 80 11 37  1 29  5 25 16 98 15  6  6 12 13 16  2 84 17 10  8 83 12  6 14 19  0 20  9 26  7 76  4 70 18 67 10 23  3 87
 2 95  5 50 11 60  8 40  0 56 12 79  4 55  1 70 19 84 18 67 17 62 16 41  9 95  6 54 14 20 10 13  7 56 13 95 15 91  3 42
 2 15 13 60 16 99  7 88  9 89  8 83 14 14  5 51 18 48 12 63 19 61  4 51 17 52  3 57 11 29  1 16  6 38 15 44  0 23 10 86
19 77  8 56 16 48 11 31 15 23  2 92 13 89  5  3 14 92 18 48 10 92  7 55  0 17  6 20 12 90  3 72 17 75  4 73  9 54  1 63
 9 87  0 35 17 31 18 94 10 38 16 18  3 38  1 55  4 62 14 88  2 37  7 21  8 13 13 91  6 12 12 19 19 18  5 99 11 12 15 40
 4 62  9 31  0 80 16 15 17 26 19 29 13 76 11 87  6 31  7 42 18 66 15 28 10 64 12 76  1 79  3 26 14 70  2 70  8 80  5 71
17 98 15 52  6 46 13 65  2 81  5 74 12 86  7 41  8  1  0 63  4 80 14 93  3 75 11 65  1  6 10 14 16 92 18 41 19 89  9 37
 5 39 14 83 18 60 15 13  1 35 10 15 19 15 16 67 13 39  4 87  8 72  3 84 12 26  2 23  0  2 11 64  9 18  6 88 17 72  7 53
 3 73 13  9  2  7 16 36  6 28 19 59  1 77  8 40  9 61  0 82 14  2  4 99 11 39 10 68 15 70 17 17 18  7  5 56 12 29  7 25
13  6  3 26 12 58  8  6  5 43 15 92  4 38  9 82 18 77 11 49 17 98 16 85 14  2  7 91 10 92  0 17  1 26  6 50 19 82  2 91
19 30  9 24  4 55 12 68 11  5  7 12  0 10  3 35  8 45  2  5 13 85  6 10 15 19 14 67 17 97  5 66 10 68 16 73 18 17  1 63
17 95  5 41 19 44  1 85 14 73  4 25  6 82 16 64  8 54 12 83 15 59  9 96 18 17 11 90  2 94  0 92 10 11  3 16  7  8 13 59
 9 26  7 20 10 98  4 24  0 47  3 56 17 68  5 60 16  6 15 21  6 65 13 38  8 46 18 78  1 76 12 64 14 98 11 70 19 73  2 31
 8 42 17 51 15 14  1 16 11 36 14 61  6 16  4 36  9 33 18 89 13 87 10 66  7 62  3 42  5 44  0 62 12  3  2 78 16  6 19 49
11 76 15 90 19 63 18 26  9 13  3 83  6  8 13  3 14 12  7 50  1 56  5 61  2 81 12 42 10 19  8 46 16  2  4 42  0 97 17  2
11 45 16 88  6  9 14  2 13 42 15  1 18 71  3 57  2 13  1 32  5 82  8 39 17 95  0 86  7 52 12 15  9  5 19 43  4 88 10 98
12 15 16 79 11 17 10 56  7  8 15 63  3 17  5 89 17 63 13 27  9 64  4 92  0 80 18 56 19 39  1 14  6 81 14 61  2 97  8  3
 1 44  2 61 14 92 15 84  4 99 13 13 10 44 18 42  5 56 12 69  6 58  9 99 11  2 16 84  0 61  7 36  3 61 17 55 19 34  8 11
 5 70 17 90 19 65  2 79 11 29  8 40 16 84  9 72 14 21 13 46 12 28 18 96  7  6  4 74  6  3 10  4  3 72 15 49  1 22  0 49
 7 18 15 94 10 72  9 86  0 44 11 34 19 45  2 34 18 57 16 58  8 47 12 57  6  6  3  5 13 99  4 21  5 26  1 36 14 66 17 31
10 72 11 78  8 66  2 21  7 20 13 69 16 60  1 73 12 92 15 77  3 72  6 68 18 31 19 16 14 51  4 95  0 39  5 33  9 66 17 71
 7 18 13 98 15 74 19 45 17 42  2  9  0 79  3  3 16  6 10 56  6 54 18 98  8 29  5 16 12 32  9 46 11 42  1 63 14 99  4 30
 9 42 15 22  2 73  1 59  6  3 18 36 17 28 13 18 14 32 11 84  8 27  4 52  3  6  5 73 16 34 12 47  7  6  0 94 10 81 19 10
 9 21 13 55  2 82  5  3 17 88  8 65  7  7  1 27 10 45 18 13  0 14  3 28  4 32 15 47 14 48 19 61 16 99 11  7 12 76  6 25
 3 88  0 29 15 69  9 78  6  4  8 53  7 75 18 91 16 26 11 14  1  2  4 17 14 83  2 60 10 79 17 29  5 52 12  7 13 27 19 37
 4  6  1 56  7 23  0 40  9 16 18 36 15 76 16 83  8 92 10 97 13 77 17 32 11 33 19 70 12  6  2  4  6 40  5 16  3 96 14 51
11 42 10 43 19 30  5  5 16 42 17 35  0 52  9 55 18 51  1 18  3 96  8 66  6 95 13 53 12 12 14 71  4 52 15 94  7 56  2 70
17 17 13 96 19 62  6 23  4 74 15 27  9 36  2 53  0 93 12 40 18 50 11 12  5 23  3 96  1 51 16 99  7 10 10 71  8 50 14 70
19  3  9 87 13 55  5 51  4 75  8 77 17 79  3 69 12 79  1 25 16 19  6  5 14 26 15 48  7 39 11 71  2 80 18 11  0 18 10 59
 3 17  0 61 17 33 19 60  5 18 14 74 11 30 13 81 10  4  1 41 18 48  7 57  8 69  2 36 16 47 15 62  9 24  6 36  4 16 12 77
11 93  5 35 14 42  2 48  0 84 10 27 12 49  6 74  3  2 13  9  9 45 15 14 19  5  7 54 17 21 18 62  1 29 16  5  4 84  8 37
 1 57 16 92 13  4  3  8 11 45 15 66  5 82 12 27  4 25  8  8 14 43 10 69 17 39  9 11  6 58 19 75  7 43 18 25  2 18  0 65
 9 36 19 41 15 53  2 10  8 66 14 73 18 11 12  8 11 47  1 38 10 33  4 36  5 85 13 47 16 53  0 10  3 77  6  8  7 35 17 28
 3 18 10 88 19 92  4 37  7 50  6 21 13 32 18 78 16 62  9  8  5 98 17 17 11 31  2 66 14 50 15 68  8 43  1 18 12 22  0 46
 0  1 11 54 19  1 14 99  2 78 16 47  1 97  8 27 15 21  3  1  5 68 10 70 17 72  9  8 12 63 18 92  4 63  6 40 13 12  7 48