50 20
19  8 17 25  1 80  7 38 18  8  6 94 16 26 13 17 14 38 12 43  3 57  2 80 11 64 15 17  4 27  9 80  8 85  5 30  0 90 10 79
11 51  0 57 12 72  9  9 19 46 13 74 10 98  1 51 14 89 15 69  4  8  8 48 16 72  3 61 17 36  7 82  6  9  5 40 18 87  2 45
 3 84 16 63 17  8  0 93 13 82 15 81  6 43  5 60  1 46 11 68  8 85 10 75 14 92 12 65  2 43  9 21  7 49 18  4 19 44  4 73
 8 54  2 40 14 24  0 11 15 36 17 63  3 75  9 44  4 98 19 54 12 22 13 47  5  8  6 54  7 25 11 27 16 36 10 63 18 67  1 97
 6 74  2 47 15 21 11  7  5 79  1  4 13 37  9 18 16  2 17  8 14 64 19 84 18 73  3 47 12 42  4 44  0 16  7  2  8 96 10 60
 2 19  0 37 12 26 10 33  3 98 11 78  5 70 19 88  8 41  4 60 16 10  6 76 13 84 17 90 14 40 18 91  1 14  7 88  9  8 15 91
 4 46 15 67 18 31 13 36  1 45 12 16 11 29  9 39  7 54 14  2 17 21  5 62 10 71  2 41  0 69  3 77 16 98 19 11  6 70  8 84
13 71 15 23  5 16 12 59  4 92 14 26 18 68 11 74 19 14  8 88  7 65  2 92 17 96  0 90 16 43 10 69  1 12  9 79  3 20  6 19
 3 93 14 40 13 12  6 83 18 26  8 28 19 63  0 71 17 87  7 70  5 67  2  7 10 92 16 65 15  4  4 14  1 85 11 28  9 46 12 92
19 66 14 82  6 17  2  5 12 34  0 84  3 34 13 40 11 32  4 89 18 20 15 44 10  9  8 78  1 53 16 80 17 78  5 69  7 68  9 29
15 30  9 94 19 27  4 35 17 19  3 94  2 55  7 83 14 75  5 64 16  2 10  4 18 15  0 18  8 70 13 77  1 47 11  2  6 67 12 93
14 95 12 83 11 91  9 30  2 85  8 60  6 54  0 47  3 80 16 95 18  6  5 85 19 70  1 39 15 24  4 82  7 26 10 34 13 35 17 13
15 58  2 98  8  6  6 39  7 48 13 58 17 31 12 15 16 75 10 84 11 63  5  3  4 28 19 62  3 23  9  3 18 88  0 34 14 17  1 82
 6 88 15 84  7 42 14 54  0  2  2 10  3 41 13 39 18 89  9 42  1  5  4 43 12  1 10 35 19  5 17 72  5 87 16 78 11 65  8 92
 3 21  6 34  5 84 18 53  2 12 17 18  8 51 15 90 19 38  9 84  7 39 10 80 14 29  0 91 13 73 11 64 16 56  4 79  1 46 12 10
 5 25  7 51 12 62  1 55 19 90 13 59  6 75  3  8 18 95  4 78 14 54  2 92 11 11 17 59  9 74  8 25 15 77  0 46 10 34 16 44
 3 82 12 15 19 20  5 60 18 37  8 63 15 66  9 82 16 22  2  6  4 43  7 14  0 84  1 85 13 89 17 96  6 88 14 43 11 26 10 95
11  5  0 29  8 38  7 11 16 88 10 80  3 35 19 82 15 32 17 96 12  4 13 44  6  8  5 10  9 94  2 47 14 62  4 62 18 69  1 10
 1 39 15 19  5 60  4 40  8 83 17 43 19 76 12 19 11 25  7 39  6 74  9 94 16 83 10 85  3 26  0 21 13 19 18 57  2 71 14 96
19 31  7 75 16 85  5 49  4 71  1 36 12  6  6 84 18 73 15  3 14 26 11 66  9 82  3  3 10 42  8 84 13 43  0 23  2 79 17  9
15  3  8 51 17 89 14 36 19 15  7 45 18 26  5 21 11 24  9  8  4 81 16 69  3 95 10 62 13 73  2 91  1  3  6 65  0 66 12 13
 5 40 11 45 14 39  9 98 18 33 17 77  2 52  4 37  8 55  6 80  3 55 12 44  1 97 13 71 10 85 19 80 15  6  7 61  0 84 16 42
14 91  1 38  0 88  4 51  5 38 16 31  7 54 15 30 12 10 11  4 13  9  3 71 17 78 10 18  6 33  2 82 19 34  8 58 18 46  9 68
 6 77 17 91  5 27 10  5  9 20 19 13 11 95  0 18  8 80 16 48  2 42 14 12 12 84 13 99  4 56  1 70 18 37  7 17  3 37 15 32
 9 36 13 29 16 80 12 27 14 42 19 61  5 80  0 62 11  6 18 50  7  1  2 96  6 15  1 42 17 17  4 50  3 97 15 36  8 47 10 69
14 67 17 14  5 73  1 82 13 60  4 92  2 47 12 11  3 70 10 31 11 34 16 20  9 49  6 30 15 37 19 49  0 60  7 70 18 10  8 14
16 82  4 25 19 16 14 95  0 79  5 96 12 87 13  9  7 76  2 16  9 40  6  5 18 93  3 32 11 43  8 43 10  1 17 87  1 11 15 84
15 35 17 14  0 52  4 59 19 21  5 64 11  4  7 74  2 89 16 99 10 68  6 12  8 25  3 13  9 77 18 50 14 80 12 62 13 77  1 22
17 67  6 21 18 37  4 86 13 68  7 84  8 56 10 90 15 17  1 30 19 69  9 29 12 50  2 77  5 74 11 22  3  3  0 79 14 12 16 63
 6 10 12 86  5 18  9 20 18 77 13 36 16 59 14 73  0 31  2 13  8 96  3 40 19 75 17 61 10 86  1 78 15  2  7 44 11 84  4 86
17 81  8 79  1 25  2 44 16 63 12 19 10  6  3 28 13 71  9 94  5 24 11 27  6 83 15 83 14 80  0 30  4 12 18 21 19 94  7 39
10 51  7 80 12 71 19 70  3 34 15 30 16 61  4  7 11 31 13 43 17 30  2 83  1 81  9 30  0 46  6 37  8 98 14 91 18 12  5 72
10 58 11  9 12 91 15 88  1 84  6 17  5 99 17 95 19 79  7 91  2 79 13 47 16 98  8 33  3 65  9 30 14 57  4 99 18 55  0 30
19 98 16 74 13 61  1  5 15 49  4 24  3 73 11 25  8 79 12 99  6  6 14 91  5 29 10 45  7 78  0 60  2 69  9  4 18 11 17 14
 7  8 10 62  0  3 18  9  8 92  6 68  5 33 15 78  3 16 11 75 14 96  2 61 17 52 13 63 19 24 16 51 12  7  1 36  9 14  4 73
11 52 18 38  4  7  5 55 19 71 17 50 14 65 10 87  9 46 13 47 15 50  7 11  8 11  2 82  0 95 16 60  6 75 12 88  1 76  3 45
 4 84  8 49 16 69 11 25 19  2  2 80 14  6  7 52 17 23  9 25 12  2 15 64  6 62  3 75  1 23  0 24  5 12 13 52 10 64 18  4
 4 95 18  1 13 18 14 47 19 91  9 73 11 41  8 40  1 32 15 13 17 54 12 81 16 35  5 52  6 17  3 39  2  9  0 39  7 72 10 67
19 31 15 82  8 83 16  8 10 44  7 76  5 35  3 87  2 86 13 59  0  4  6 31  4 91  9 64 11  9 14 64  1 18 18 34 12 45 17 96
13 61  2  3  8 32 12 99  4 58 11 81  9 34 14 93  5  1 15 49 10 26 18 15  1 15 17 50  6 40  0 78  7 48  3 20 19 78 16 35
 6 35 10 12 16  7 11  1  3  7  5 32  2 98  1 48  8 80  0 91 17 46 15 25 13 36 14  8  4 61  9  2  7 96 19 55 18 99 12 44
13 30  3 57 10 19  5 62 18 81  4 22  2 14  8 82 17 36  6 57  7 71  9 80  1 88 15 18 12 31 16 56 19 37 14 86  0 56 11 93
 5 10  0 30 17 89  1 15 11 57 18 44  4 81  9 94 15 79 16 17 19 64  8 70 12 27 13 54 14 74  7 73 10 43  2 60  3  9  6  2
10 97  4 74 17 49  0 35 16 26 12 22  1 59  7 51 14 89 11 76  6 13  9 88  2 51  8 99  3 51 15  1 18 17 13 17 19 34  5 48
14 29  3 49 18 87  6 29  0  1 16  5 17 67  8 37  1 79 11 46 10 50 13 48  7 14  2 85  5 69  9 42 12 11  4 57 15 80 19 33
 2 11  7 42  0 96 11 51 18 21  5 68  8 50 14 52  9  1 10 36 17  5 15 43  4 99 16 56  3 42 13 86  1 50 19 28 12 94  6 61
 2  7 14 77  0 33 12 30 18 13 10 83 19 34  3 49  7 15 16 98  1 89  9 86  6 38  4 78  5 95 17 28 15 65 11  8 13 29  8 60
10 43  0 97  3 76 18 44  4 89  1 21 19 40  8 48  7 97 14 19 13 74  5 54 12 71 11 93 16 11 15 76 17 73  6 28  9 99  2 55
12 13  1 44  2 45 17 74 10 88  5 73 16 36  4 55  9 82  3 54 13 36 18 51 15 61  8 32  7 92 11 67 19 78 14 87  6 41  0 92
18 26  2 61  5 17  8 84  0 40 14 13 10 21  4 55  1 71 19 12  6 57 12 52 11 80 16 98  7 92  9 22 13 18 17 63 15 30  3 49