50 20
 1 97 15 31 18 13 10 67  0 74 16 54 12 10  6 13  4 22  9 80 13 76 11 29  8 56 17 68 19 42  2 76 14 15  3 45  7 40  5 21
16 29  2 81 19 68  0 63 10 85  6 57  5 94 11 41  9 23  4 88  8 51 14 68 12 71  1 75 13  8 15 12  7 21 18  4 17 22  3 36
18 96 12 63  4 50 16 21  6 73  0  7  2 83  7 41  1 67 15 67  9 12 10 60 13 91  8 52 19 37 17  8  3 52 14 74  5 32 11 21
13 25  8 19 16 30 18 32  0 33  3 98 19 54 14  2 17 11  6 92  2 70 15 22  9 58 11 98  7  6  4 82 12 51 10 23  1 91  5 72
 5 92 18 14 11 87  0 30  2 34  6 51 14 38 16 21 10 36 12  4  4  4 19 60 17 78  1 30  9 54 15 25  7  6  8 56 13 29  3  5
 5 96 12 37  1 38 17 15 14 91  7 92 13 39  8 94  4 82 11 40 19 83 18 69  6 35 10 86  9 83 16 22 15 40  0 94  2 65  3  2
11 85  9 34 12 68 10 76  6 69 14 30 15 19  8 91 18  7  1 17  7 56  5 75 19 34  3 30 17 68 16 96  4 83  0 26  2 69 13 35
 4 79  2 69  1 27 11 79  3  5  0 84 10 76  9 68 16 69 18 29  5 91  6 30 13 37 15 79 14 21 17 80 19 99 12 66  7 86  8 87
 5 86 12 79  9 42 19  8  1 66 10 67 18 18  2 81 13 72 17  6  7 17  3 89  0 62 15 67  8 44 11 91  6 49 14 69 16 80  4 72
13 85 18 36 10 78  7 39  1 72  4 15  0 97  6 85 12  9 16 44 15 16  9 38 19 65 11 19  8 36 14 96  3 86  2 71 17 65  5 55
15 40  7 27 13 31  4 73  6 74  8 37 11 58 16 29 18 41  3 75  0 61  5 48 14  7  2 60  9  4  1 29 17 72 19 19 10 90 12 98
15 34  2 31 16  2  5 64 18 11  1 69 19 96 11 97  8 24 14 98 12 57  7 32  6 88  9  3  4 26  3 80 10 71  0 52 17 25 13 61
 9 56 19 71  2 55 17 23  4  4 12 72 10 89  6 93 11  7  0  1  7 62  8 46  3 45 15 83  5  5 13 69 16 58  1 68 18 51 14 71
 5 78  7 60  0 82  6 29 18 49 19 53  4 64 10 43 11 53 15 64 17 83  1 41 14  1 13 18  8 86 16  3 12 67  2 98  9 79  3 62
 2 44 12 90  4  1 18 48  3 17  6  5  8 89  7 60  0 93 17 64 15 35  1 96  9 67 10 44 14 36  5 13 16 67 11 35 19  9 13 90
 3 45 19 20 12 37 14 96  4 55 11 55 17  8 13 32  6 59 10 42  0 45  5 78  2 73 16 60  8 20  9  7 18 27  1 92 15 21  7 27
14 31 15 80 18 70 10 48  8 86  7 70  6 65  5 51 17 89 12 38  3  8  2 65 16 44  0 96  1 15 19 64  9 72 11 82  4  7 13 74
 5 10  1 19 13 23  8 60  4 73  7 42  9 40 19 14  0 43  2 69  3 21 14 70 12 39 17 25 10 73 15 46 16 43  6 53 11 87 18 79
19 78  8 99  7 94 13 43  4 65 15 39  6 31 14 31  0  5  1 44  9 77  2 95 11 76 16 88 17 80 10 28  3 70 12 29 18 75  5 68
 7 90  4 13 19 77  1 59  9 82 12 96  6 68 11 41 17 33 13 33  5 19 18 57 10  2  8 90 16 90 15 70  0 49  2 78  3 95 14 49
17 18  3 33  7 25  6 79 18 38  4 39 19 22 12 15  5 40  2 93 14 99 13 77  8  8 16 82 10 90 11 63 15  7  1 45  0  2  9 91
 2  4 11 64  7 65 13 83  8 14 17 44  6 93 19 17  5 17 18 77  0  1 12 33 14 12 15 14 10 23  1 14  3 85 16 31  9 30  4 56
 2 87 17 24 19 93  0 94 10  9  7 39 14 39  6 41  1 43 13 57 12 40  4 61  5 59 16 85  3 20 18 39 11 56  8 44 15 98  9 68
13 16  6  6 10 86  9 91  0 61 15 80 14 49  2 49  5 71 17 90 12  4  8 16  1  8 18  2 11 49 19 84  3 89 16 85  7 20  4 26
 3 73 10 30 16 81 18 76 13 70  9 67  8 69 19 28 17 20 15 26  2 82 11 13 12 36  7  8  4 82  0 90  6 16  5 43 14 49  1  9
11 92  6 31 10 18 17 65  3 47 16 57 14 59  4 97  7 30 13  4 18 51  8 65 15 46  1 44  2 50 12 31  0  2  5 85  9 70 19 23
 9 69  2 79  1 64  3 37 15 14 17 45  4 74  8 77  0 67 19 15 10 23  5 43 16 35 13 90 11 72 12 15 18 69  7 68  6 86 14 19
13 68 11 92  0 28 19 83 10  8 15 29  2 95  6 90 12 37 16 55  8 67 17 52  9 65 14 50 18 56  4 52  7 29  5 96  1 11  3 67
 2 18 10 48  0  5 16 90  9 96 14 37  8 65  7 86  5 92 15 17  1 78  6 43 11 12 12  6 17  7 19 34 18 18  3 58 13 86  4 26
12 22  5 81 15 70 14 74 11  7  3 67 16 55  0 17 17 51  8 81 19 95  6 55  9 78  1 16  7 35 13 86 10 51  4 89 18 45  2 97
 0  3  7 61 15 28 14 41 16 20  6 95  5 35 13 29  1 32 19 55 11 75  4 99 10 81 12 70  3 76 18 90  2 10  9 56  8 31 17 62
13 84 16 34 19 62  7 96  3 98  4 46  9 44 17 50 15 82  2 61 14 33  6 71 18 58 11 74 12 20  5 49 10 55  8 67  1 67  0 55
19 71 10 38 17 91  4 41  7  2 15 83 16 62  0 78 14 54 13  8  6 13 12 26 18 22  8  4  2 75  1 33  5  3  3 97 11 57  9 19
 6 49  1 16  7 58  8 12 18 89  2 48  5 18 12 84  9  4 11 43 15 98  4 97 19  7 16 12  0 51 14  1  3 23 10 94 13 82 17 45
12 18 19 82 14 89 13 48  0 20  7 52 10 59  5 88  3 84  4 17 17 64 16 73 11 22  8 54  9 48  1 74  6 63  2 66 18 64 15  2
 3 43 13 43 19 56  5 93  1 66  0 83  7 95 15 77  8 50 10 22  9 59  4 83 16 97 18 36 14 93  2 91  6 30 12 81 17 33 11 87
 2 80  5 95 13 92 11  5 15  1 18 10 14 51  0 81  4 48  1  5 17 70  8 39  7 54  6 11 16 31 19 77  3 23  9 88 10 79 12 85
 2 24 11 84 19 87  6 20  9 18  5 20 16 15 14 41  1 47  8  1  0 71  7 50 13 11 10 95 12  4 15 66  3 37 18 74 17 45  4 58
12  3  1 49 19 71  2 83  4 77  0 46  9 12 16 93 10 32  8 56  3  6  6 34 14 67  7 90 18 52 13 55 11 30  5 59 15 56 17 37
 7 66 19 97  9 47 17 59  8 27 18 32 12 56  1 21  5  7 11 34  6 54 15 96 13 17  0 69  2  4 10 28 16 51 14 76  3  5  4 79
11 40 10 12  8 68 13 70 12 88  6 97  2 74  5 15 19 85  0 81 14  8 17 22 16 57  4 90 15 88  7 44 18 78  3 95  9  5  1 47
 7  5  2 26  8 78 19 60  1 96  6 94 17 29  0 96  3 70 10 91 16 88 12  2 11  5  4  1 18 10 14 45 13 87 15 36  9 22  5 12
 5  2  7  5  8 35 10 34  4 77  3 57 17 84  0 36  6 55 15 95 14 33 13 81 11 28  2 34  9 88 16 75 18 50  1 89 12 96 19 73
11 95 17 42  6 95 12 66  2 86  5 80 15 29 19 79  0 86  8 45 16 72  1 21 18 89  9 33  7 53  3 23 10  5  4 78 13 69 14 99
10 24  7 46 14 23  6 44  3 39  0 56 17 88 12 19 16 72  8 63  5 97 18 70 19 93  1 92 15 10  9 65 11 14  2 58 13  3  4 49
 6 68  8 14  4 47 15 85  9 38 17 73 14  9  1 22  3 29 16 30 12 33 10 88 19 56 11 63 18 97  2 23 13  7  0 38  7 88  5  1
 8 23  3 22  4 14 15 99  6 11 17 64 10 49 12 54  1 86  9 53 11 93 16 43 13 73 14 24 18 10  0 97  7 98  2 79 19 12  5 38
 9 41  4 94 18 94 15 65  3 48  0 40 11 46  7 41 13 98  8  6 14 31 19 16  1 15  2 31  5 45 16 83  6 83 12 85 10 51 17 44
19 18  3 18  9 42 13  1 14 59  4 15  6 37  5 17 12 44 15 67 16 74 18 52  2 82 11  8  8 33  0  2 17 79 10 29  1 64  7 96
 2 65  4 13  3 37  1 46 16 50  9 93 13 96 19 23 10 10  5 13 12 83 18 39 11 29  8 32  0 44 17 57 14 26  7 67  6 41 15 67