50 20
 6 50  9 77  5 21 15 83 14 26  4 95 13 95 17  7 18 66 10  7 19  9  1 65 12 93  2 32  7 75  3 20 11 48 16 32  8 27  0 13
16 63  6 62  8 65 15 82  0 63 14 54 11 73 18 94 19 77  4 66 17 23 12 84  2 85  1 86 10 47  7 62  3 13  9 75 13 93  5 47
 2 29 14 75  4 65 18 87  5 47  8 57 15 65 10 29 11 49 13 88  1 45  7 19 17 42  6 97  9 54 19 24  0  6  3 36 12 44 16 78
15 35  4  7  3 52  1 71  8 46 13 58 12 61 18  8 17 68 10 21 11 23  7  9 16 35  2 54 14 12  9 51  0 48  6 38 19 12  5  6
 1 86  9 51 15 78 12 15  5 37 19 64  6 13  2 94  4 53  3 87 13 98  7 64 18 10 17 86  8 94 10 36 11 33 16 95  0 67 14 79
11 36  2 20  1 75 10 27  3 94 12 65 13 29  0 85  4 97  7 70 18 39  5 10  6 67 17  9 14 56 16 55  9  1  8 37 15 76 19 93
 3 88 16 16 18 72 10 63 12 10  8 49 13 63 19 93  4  6  6 17  2 49 14 57 11 29 17 25 15 87  5  6  9 41  1 69  0 54  7 95
17 64  0 50 11 59 16 35 13 77  3 39  1 16 15 14  9 22 12 31 19 42 18 37  5 86  7 48  4 74  6 91 10 14 14 66  2  7  8 28
11 66  3 96 16 91 13 18  7 63 17 26  1 36  5 43 14 36  0 77  6 87 10 56 19 80 18 85 12  3  2 62  9 39 15 19  8 58  4 40
 6 18 15 79 19 81 17 56 10 42 18 70  3  4  1 35 14  3 13  7 16 47  8 41  5  5  2 76  4 44 11 70 12  9  9 20  0 52  7 28
10 40  9  1 17 87  5 54 14 95 16 96  2 18  1 64  3 78  4 95 15 67 19 79 11 26 13 23 18 39  0 73  6 21 12 86  7 12  8 22
 7 42  1 23 15 76 14 84 18 94 19 32  8 60  5 13 11 11  6  1 12 23  9 35  0 38 13 72  3  1 17  8  4 81  2 85 10  1 16 13
 6 90 13 50 11 39  5  2  4 10 12  8 15 54  9 84 10 34  0  7  7 18 16 85 19 29  2 69 17 34  1 20 18 70  8 76  3 76 14 57
 7 12 17 96  9 55  5 80 12 76 11 68 13 31  6 36  2 61 18 77  0 83 14 85  8  9 19 22  3 96 15 17 10 30  1 12  4 11 16 95
19 82 14 15  2 92 12 75 15 39  4 99 10 40  0 41 17  5 16 27 13 58  7 66  8 38  6 97  3 12  5 63  9  2  1 87 18 84 11 30
 5 16  9 58 16 16  1 40 19 91 17 45 12 13 14 72 13 52  2 45 18 63 15 21 10  6  0 90  7 69  8 77  4 50  3 37  6 42 11  5
 5 32 17 25 12 10  9 84 15 25 18 90  1 96  0 89 19 95 10 29  2 21 11 44  3 90 14 11  6 93  8 87  4 43  7  7 13 15 16 85
15 10 16  3 10 41  4 95  3 75 17 13 13 53  6 16 14 98  8 57  1 48  5 51  0 92  9 87  2 45 18 66  7 98 11 45 19 65 12 61
 0 73  1 41  9 71 17 14 11  9 16 34  6 19  7 92  5 91  3 39 10 46 15 17  2 48 12 79  4 96 19 25 13 83 14 13  8 89 18 85
12 23  8 81  6 93 13 35 18 90 15 66  2 75  4 75  5 35 17 25 19 99  9 17  3 59  7 65 11 92 16 40 14 21  1 40  0 38 10  8
13 66 14 31  0 40  5 26 15 84  3 93  1  2 19  5 12 51  2 38  7 62 17 11  4 99 11 18 16 28  9 22  6  7  8 79 10 43 18 99
10 53  7 39 17 92  0  6 19 92 11 83 18 36 16 59  4 95  8 65 12 85  6 24 15 94  3  6  1 47  2  6  9  5 13  1  5 79 14 98
13 89 11 52  1 62  0 25  4 68  6 62 14 41  3 73 15 78  2 42 18 10 10 45 16 84  7 55  5 33 17 42  9 93 19  3  8 60 12  7
 4 68 18 15 17 28  9 91 11 80  6  5 19 66  1 36 15  2  3 57 13 66 12 16  7 51  8 18  0 83 16 95  5 21 10 93 14 74  2 63
19 94 12 57  0 73  8 20  7 88  1 89 10 18  9 49  5 87 16 29  3 51 17 52 11  4  6 33 14 68 13 27 18 42 15 53  4 91  2 92
 2 22  6 10  3 84 15 21 13 13  5 39 17 77 16 48  1 22  0 13 19 64 11 91  9 28  7 76 10 20 12 99  8 26 18 78 14 58  4 75
 0 82 10 65  8 48 17 74  2 27  3  2  6 54 18 84  5 57 12 38  1 80  9 24  4 44 13 86  7 87 11 60 16 21 15 74 14 48 19 83
14  2 18 18 11  1 16 56 19 47  2  4  5 39  4 43 17 69 13 11  6  4  1 33 12 48  8 14  0 87 10 46  3  8 15 34  9 43  7 77
13 58  0 39 11 98  4 76 10  7  6 31  8 54  2  9 14 93  7 60 12 22  5 69 16 91  1 72 17 78 15 55 19 16  3 71 18 75  9  2
13 19 11 60  8 38  5 16 10 62  7 73 15  9 14 64  0 61  1 49 19 51  3 37 18 86 17 83 12 15 16 22  9 21  4 72  6 76  2 98
 6 75 13 71 18 14  3 23  4 99 17  2 14 59  8 11 10 15  1 53 19 73 11 25 15 32  0 32  2 83  7 48 12 60  5 66  9 96 16 11
17 94 12 89  0  7 15 69 14 93  8 18  1 50  6 30  9 54 18 35  3 88  4 21  7 54  5 80  2 30 11 43 13 48 10 40 16  5 19 68
 0 22  2 57 17 36 12 54  8 87  5 23 15 76 11 52  9 44  7 49 18 42 16 98 13 55  1  8 14 47 19 73  4 82 10 60  6 28  3 87
 8 33  6 34  1 50  7 75 13 25  2 14 11 38  4 80  9 87 10 33 19 91 16 87 12  1 15 90  3 88 18 90  0 22 17 64  5 62 14 18
10 32 11 60 16 30  3 18  0  1  9 34 14 56  4 15  6 22 12 80  8 25 15  9  5 55  7 51  1 24 19 86 13 67 18 61  2 38 17 99
13 43  4 71 16 65 19 58  2 37 17 60  1 65  5 83 18 90  6 94 14 11 10 26  7 41 15  1  0 60  8 77  3 55 12 53  9 15 11 59
 2 43  9 17  6 30 14 65 19  2 11 51 12 14 17  5  1 46  4 41  3  5 18 32  7 31  5 31  8  3 15 84 16 82 13 25 10 39  0 87
14 81  2 67 10 61 12 55  8 87  5 20  6 28 19  7 18 14  4 73  9 72  7  5 16 58 11 57 15 38  0 61 13 28 17 53  3 75  1 31
 8 22  2 26 19 10  3 19 12 10 15 78 10 37 11 85 14  2  5 35 13 12 18 15 16 59  9 69  4 91  1 66 17 98  0 28  6 76  7 87
12 20  0 95 16 10 11 44  9 95  3 30  7 94  4 86  5 12 17 89 15 83 19 57  8 11 18 29 14 48  6 38 13 50  1 83  2 34 10 29
17  5  9 47  6 24 12 78 13 33  3 25 18 53  5 44 10 44  7 97 15  4 11 54 16 89  1 85  0 22  4 46  2 22 19 98 14 83  8 30
12 70  0  8  3 45 11 26  2  5 15 36  4 92 18 79  7  3  1 11  8 16 16 16  5 66  6  9  9 18 19 62 14 71 10 29 13 80 17 96
 5 79 12 95  2 76  0 25 16 66  8 99  4 20 19 29 10 99  1 19 13 99  3 34  9 70  6 50 18 18 17  9  7 51 11 46 14 70 15 32
 4 77  3 99 10 49 15 27  6 62 13 10 14 26  0 77  7 14 12 18  5  4  9 13  1  6  2 48 18 40 16 82 17 37 19 20 11 91  8 55
 5 51  7 26 16 11 11 45  8 82  4  6 10 54 18 43  0 60 12 15  6 66 17  2 14 84  1  5  3 21  2 35  9 77 19 16 13 12 15 54
 3 56 16 53  9 20  2 18 11 64 15 17  4 73  5 12 13 84 14 10 12 40  1 42 18 66  0  7 19 28  8 30 17 97 10 60  6 33  7 30
17 67  1 34  2 76  0 79 18 79 14 75 16 44 12 39 19 76 13 66  8 24  4 14  5 51  9 15  6 60  7 29 10 36  3 48 11 27 15 25
 6 39 16 11  3  7  9 35  0 55  2 63 13 96 12  9 11 37  7 59 18 20  4 43 19 22  5 71 14 61 15 61  8 80 17 73 10  3  1 41
 3 24  9  2 17 46 13 82 12 53  1 80  8 75 15 15  5 86 14 41  6 27  4 72  2 59 19 89 10 36  0 82 16 95 18 25  7 66 11 59
 8 13  6 62 16 55  3 72  5 98 17 29  2 90 10 46 13 73  1 83 18 54 11 80 12 82 19 77 15 65  4 62  0 36  9 39  7 26 14 22