100 20
 8 95  7 27  9 60  4 98 12  2  0 19  5 18 15 67  6 39 10 89  1 37 11 17 13  4  3 17 19 42 18 48  2 29 16  7 14 46 17 46
 4 77 17 36  7 74 12 50  5 30 15 11  8  8  2 32 10 34  0 86  3 84 13 46  1 92 16 75 14 91  9 63 18 26  6 67 19 16 11  4
 9 89 15 22  4 84 16 93 10  5 14 66 12 23  8 93  6 81  7 26  3 63 17 22  1 90 11 40 13 67  0 18 19 10  2  4 18 43  5 69
 5 44  7 52  3  8 19 27  6 65 15 12 16 98  4 55 17 49  8 48 13 27  1 43 10 73 18 50 12 61  9 98 14 12  2 33 11 73  0 31
 5 27 10 24 14 61  0 55 11 21  2 58  9 37 19  3  6 40  8 98 18  5 13 88 16 22 17 39  1 63  4  8  3 18  7 85 12 86 15 70
16 59 11 68  6 53  4 31  9 38  8 35 13 73  0 81 19 64  3 18 10 96 14 81  5 88  1 61 12  7 18 56 15 70  2 90  7 94 17  3
18  8 16 37 19 15 10 44  7 12 11  1 17 65  4 69  0 19  3 36 13 13  9 86 15 37 12 95  5 46  6  8  8 67  1 96 14 91  2 83
 4 20  5 33 14 88 12 97  1 16 18 98  2  3 15 56  3  5  8 40  9 83 16  1 11 36 17  5  7 67  0 10 10 32  6 37 19 52 13  8
 8 50  2 87 17 31 12  3  3 48  5 19 10 10 15 50 18 59  4 62 13  9  7 69 19 99  6  2 11 28  9 28  1 49 16 43 14 22  0 87
 0 53  9 35  7 92 18 19 12 88  1 74 11 28 14 62 13 52  5  6 15 98 10 19  3 24  6 36 19 47  4 16  2 40 17  8 16 45  8 83
13  9 15 33 18  2 17 36 14 84 19 96  8  1  5 71 16 80  1 14  9 72  3 87  4 16  2 27 10 64  6 21 12 66 11 27  0 10  7 69
 0  8 16  8  1 37  9 74  4 84  3 96 15 73  5 59 17  1 13 45 10 31 11 32  8  1  2 98 19 94  6 36 18  5  7 31 12 18 14 41
 3 54  2 70  1 53 19 32  4  9 13 35  5 64  9  6 15 63  8 73 12 55 18 11 17 60  0 19  6 24 11 61  7 84 14 43 10 74 16 74
 2 85  4 51  0 92 13 41  9 41 16 30 18 88  6 60  8 77 14 19 17 37  3  9 10 79  5 46  7  2  1 78 12 91 19 50 11  2 15 91
17 96 18 71  5 92  9  9 12  3 10 59  1 45 19 94  6 83 14  7  4 37  0 31 15 17  3 27  7 21  2 66 13  9 16 18  8 94 11 53
 7  5 12 88  2 37 16 24 17 60  8 83  3 31  0 53  5 39 14 52 13 46  6 93 11 24 10 32 15  9 18 30  4 75 19 69  9  7  1 65
 4 16 15 47  7 62  5 11  9 82  0 16 10 56  3 78 11 44 16 38 14 75  6 72 12 10 18 36 19 65 17 58 13  4  2 82  8 53  1 65
19 21  2 88 11 64  0 96 14 39  8 62  7 18 12 78 18 87  5 49 16 73  9 26 10 14 13 91  3 46  4 47 15 94  6  6 17 96  1  6
 3 37 15 58  7 80 12 88 16 56  1 61  0 69  2 83  5 35  6 20 18 60 17 38  9 95 14 78 19 52 13 19  4 24 10 82  8 69 11 75
10 85 17 54 14 23  7 32 15 93 11 25 12  3  1 41 19 32  3 50  8 48 18 49  6 56  5 81  9 91 13 76  4 28  0 46  2 11 16 85
11 87 12 61 16  6 17 17  2 40  4 38  8 97  0 49 13 30 19 63  9 77 10 40  3 12  6 57 15 98  7 74  1 44 18 71  5 67 14 89
 4 18  2  1 16 25 19 49 13 86  8 83  1 78  5 20  6 91 18 95  3 15 17 38 14 84 12 70  0 63  7 48 15  8  9 79 10 24 11 48
 8 92 11 84  6 15 10 33 19 64  4 35  7 94  9 72 14 30  0 30 12 52  5 62  3 36 16 32 18 70 17 63 15 31  1  5  2 41 13 63
 4 77 14 88 15 98 19 73  7 11  9 90 16 82  5  7  1  4 17 76  2 47  3 49 12 20 11 32 10 94 13 77  6 89 18 69  0 67  8 53
12 11 10 72 15 87 14 54 18 15 11 83 16 74  6 63 13  5  0 50  2 90  7  4  5  4  1 61  8 57 17 48 19 46  4 42  3 82  9 98
16 11  1 34  9 95 11 40 13 22  6 89  2 65 19 38  5 14 10 20 14 94 12 22  7 29 17 82 15 16  4 43 18 79  8  5  3 56  0  7
 1 81  8 25 15 89 13  3 16 24 14 90  5 83  0 91 17 10 19 65  7 66  9 28 18 52 11 72  6 30 12 13  4 93  3 83  2 42 10 12
 4 25  3  3  9 24 19 91 17 32 12 66 11 27 10 97 15 24 18  3  1 25 13  5  7 95  6 19  5 39 14 40  2  4 16 86  8 36  0 43
16 97 15 66  7 57  6 58 17 41  2 23 19 87  4 95  9 53  8 15 18 15 13 68 14 44 11 67  0 87 12  9 10 80  5 35  3 58  1  8
15 34  2 62 10  9 11 74  4 79  6 36  8 60 12 57 19 52 16 83  5 73  3 28 13 37  7 21 17 46 18 80  9 81  0 49 14 10  1 14
 5 72  8  6 14 25  2 13 12 48 10 68 16 84  6 11  9 15  3 13 15 69  4 29 17 67 19 76  7 43 13 74  0  6  1 73 18 25 11 48
11 82  0 88 19 26  2 26  5  1  3  6 15 21 14  9  9 52  1 33 16 46  6  5  8 32 10  7 17 78 12 35 18  1  4 15 13 81  7 76
13 39 11 28 10 72 19 93  6  5  4 30 15 28 12 47 18 64  2 94 17 47  0 28  1 32  7 91 14 76 16 55  5  1  3 84  9 47  8 79
11  4  6 48  1 51  2 79  4 16  7 72 10 25  5 39 15 44 13 37  3 49 17 66 19 25  8 25 16 76 18 53 12 51  9 39  0 30 14 32
 2 81  9 11  7 26  4 71 17 32 14 27  3 73 15  6 19  6 13  4 12  2  6 13 18  2 11 78  8 39  0 81 16  7  5 39  1 13 10 17
18 50  1 33  9 25 17  7  0 85 14 77 19 50 11 69  6 53 13 76 15 71 16 74 10  9  8 20  5 54  4 63  7 98 12  7  3 36  2  5
 6  8  7 43 12 86 19 27 11 52 18 50 15 36 14 13  5  1 17 68  1 38 13 72  2  6  4 79 10 60 16 70  0 89  3 18  8 10  9 17
13  9 16 50  0 42 14 24 19 63  9 17  6 98  2 90 12 13 17 67 18 88 11 88  3 90 15 32  1 36 10  3  7 64  8  6  4 23  5 95
 7 20  5 20  9 35  3 75  4 27 10 30 19 77 11 38 17 81  6 16 16  5  8 50 14 61  0 61 12 27 18 37 13 65 15  9  2 61  1 53
 2 89 14 61 16 33  1 93  9 40  8 64 15 80  6  4 12 86  3 22 19 27  4 33 17 43 13 43  5 93 18 19 10 66 11 32  7 27  0 49
 0 24 12  7 16 61  8 27  4 87  3  3 13 34 18 39  2 76  9 34  6 47 19 82 14 25  5 70 15 63 10 98 17  1 11 23  7 78  1 33
18  9  2 88  0 37 13 72  3 61  6  7 12 76  1 20 17 81  4 34 19 89 16 38  9 65 10 10 15 84  5 69 11 10  8 19  7 24 14 60
19 70  8 58  7 62  0 51  3 83 10 90  1  4  2 63 15 44 18 28  9 33 12 79  4 60  5 77  6 14 13 59 17 17 14 82 16 48 11 69
15 85  9 77  8 17 11 92 16 49 12 93  3 28  4 81 18 59 10 26 13 20  6 16  2 75  1 34 19 79  7 76  0 18 14  5 17 70  5 62
12 89 15 83  1 85  0  8  6  2  2 17  5 30 14 48  7 21  4  4  8 97  3  3 10 66 16 12 13 62 18 60 11 46 19 45  9 34 17 33
10 14  0 61  8 16  3  8 12 62  7 30 13 41 19 70 11 78  5 14 15  2 16 50 17 62 18 62  9  4  6 82  4 41 14 74  1  9  2 93
17 70 11 74  0  7 13 89 18 65 16 78  7 52 19 12  9 72  1 72  4 73  3 70 10 69  8 67 12 42 14 43  5 26 15 24  6 40  2 69
14 32  6 42  7 31 17 45  4  7  8 98 16 55  9 29 13 17 19 85  3 35  0 55  5  9 11 54 18  4 12 91 15 20  1 47 10 63  2 83
 3 68  8 42 14 79  2 34  4 42 18 75  0 40 19 77 13 12  1 32 16  7  5 76  7 31 15 77 12 40  6 32  9 16 17 28 11 47 10 34
19 86 11 62 10 48  4 22 12 78  0 81 16 41 13 21 17 56  6 13  2 52 18 68  9 23  1 22  5 84  8 68  7 76 15 15 14 90  3 59
 3 13  4 69 10 56 18 31 12  5 13 13  9 35  7 74 19 60  5 52 11 98 14 55  1 78 15 17 16 42 17 36  0 96  2 27  6 79  8 48
 4 33  9 88 15 66 11 77  5 42  8 55 18 95 10 97 14 39 12  5  0  8 17 46  6 12  3 55 19 17  7 11  2 19 13 36  1 28 16 18
 8 54 15 24  5 37  2 85 12 18 10 43 18  5  0 17 19 42 16 92  9 22 14 78  1 89  3 87  6 16 11 19 17 54  7  2 13 12  4 84
 1  5  3 94  9 83 15 97  7 70  4 79 16 74 19 97 10 35  8 25 13 10  6 50 14 33 11 72 18 81  0 17  5 61 17 84  2 62 12 25
 5 50  9 76 11 60 15 40  4 69  3 75  1 63 10 94 12 91 14 62  6 80 17 40 16 47 13 29  8 93  7 35 19 85  2 42 18 16  0 47
 1 59  3 48 13 21 14  9 15 95  0 83 16 56 11 43  6 50 19 16  4 60 10 87 17 84  7 91  9 60 12 14  8 78 18 93  2 94  5 60
 0 42  8 85 12 35 18 95  7  5 14 13  4 52 13 67 17 76  5 65 15 27 19 37  2 10  6 82 16 70 11  6 10 27  3 76  9 59  1 22
15 15  3 66  6 67 17 94  7 61  1 56  5 96  2 18  9 85 13  1  4 80 16 78 10 63 11 54 18 63  0 19  8 36 14 28 12  2 19 56
 7  6 17 97  0 63 11 95  2 49  6 76 16 84 14 95 19 79  1 39 10 21  3  5 12  5  8 87  5 49 13 22  4 70  9 55 15  3 18 27
16 45  3 84 15 70  5 33 11  5 10  6 18 15 13 20  9 19  8  9  6 58  2  2  1 93 12 86  7 76 17 30 14 70 19  4  0 86  4 71
 8  6  5 71 17 67  2 73  4  2 14 42 10 81  7 50 15 62 13 51 18 89  0  1  1 26 11 28  6 55  9 53 12 79 16 47 19  9  3  9
10 23 18 82  3 15 15 40  7 88 11 38  0 89 17 55 14 33 16  2  6 30 13  6  9 31  4 70 19 80  1  9 12 70  8 65  5 92  2 55
15 20 16 99 14 18  2 50  3 83  0 35 13 50  6 94 10  9  7 51 19 47  1 93 18 97  9 10 11 79 17 25  8  8 12  3  5 30  4 65
 0 68 13 58 18 70  1 82  9 10 19 55 11 12  3 29  5  1  6 71 17 95 10 53  7 38 16 92 14 96 12 19  4 48  8 75 15 10  2 60
11 45 17 32  6 75  4 66 12 91 16 23  5 11  8 82 14 82  7 90  0 97 13 89 19 67 15 65  3 51 10 20  1 28 18 34  2 35  9 51
 3 17  7 72  4 59 10 26 11 76 12 54  2  8  8  3  5 56  9 91 18 28 19 34 13 44  1 85  0 52 14 57 15 18 17 38 16 52  6 19
18 30  0  7 15 18 12 29 10 14  8 53 11 49  1 64 13 80 16 20  7 38  9 41 14 83  5 51  4 44  2 93 19 75 17 10  6  8  3 28
12 91 15 99 14 41  9 59  3  2 19 54 10 55 17 58  8  3 18 22  5 10  1  1 16 11  2 87  6 37  0 29 11 99  4 75 13 13  7 26
12 83  0 88 11 31  2 65  9 23 17 91 14 90  6 41 16 36  7 66  4 50 19 40 10 57 13 60 15  7 18 40  3 82  8 15  1 66  5 37
16  1 19 43  0 34 17 41  9 36 11 18 12 18  1 98  3 94  7 33  2 86  4 12  6 93 18 47 10 84  5 36  8 50 14 12 15 63 13 11
 6 37 13  6  1 61  3 45  9 47  0  1  2 70 12 32  4 57 18 13 14 10 17 95 15 39  8 73 19 11 16 68  7  2 10 49 11 94  5 49
 6 90 16 53 13 13 18 65 19 55  4 95 10 11  7 71  3 57 12  8  8 89  0  2 14 72  2 71  5 93 11  4  9 14  1 54 17 49 15 13
 0 48 16 34  2 56  7 40 17 65 12 72  1 70  5 21  4 54 14 13 11 54  3 49 13 63 15 40  8 10 19 31 18  1  9 78 10 52  6 67
15 67 19 22 14 31  1 79  4  2  2 52 17 36  6 39  3 42 16 93  9 59  0 54 18 11 11 33 12 78  7 83  8 89 13 89 10 49  5 58
18 43  2 43 16 46  7 35  5 46  6 85 10  2  8 61 12 82 13 90 15 96  3 62 17 58  4 51  9 23 14 89  0 92 11 71 19 85  1 28
11 19 15 75  5 74  0 64 18 88 14 45 19 35  4 16  9 78  6  6 12 79 10 49 17 51  3 71  7 45  1 83  2  5  8 76 16 60 13 34
14 78  2 75 13 19 12 64 15 43  9 60 10 34  7 11 11 42  3 36 19  5  1 49 18 95  5 83  6 35  8 58  4  3 17  5  0 73 16 45
17 93  7 46  4 58 14 77  1 24  3  8 15 82  9 54 11  9  2 34 18 21 19 48  8 99  6 19 13 67  0 47  5 66 16 12 10 43 12 98
11 95  9 28 12 65  6 65  3 18  7 70  0 15  2 44  4 99 14 91  8 18 17 59 10 34  5 62 15 89 19 29  1 16 16 75 13 19 18 81
 7  1  9 69  1  8 12 28 10 31 16 13 11 99  8 47 15 83  2 94 17 80  5 65 18 85 14 24  6 12  3 44  0 56  4 35 13 35 19 21
12 53 14 84 18  5  8 85  1 86  9 74  6 78  7 17 11 26 13 57  4 89 10 62 16 31  2 76  5 91  0  6 15 84  3 60 19  4 17 40
 0 22  5 45 19 19 14 11 17 65 15 97  9 92  2 94  8 52 18 91  7 51 12 73  6 96  3 44 10 17 11  4 13 79 16 25  1 11  4  4
16 55 13 80  1 43  5 96 17 75  0  7 10 57 15 47  3 52  4 83  7 87 11  3  9  5 14 28 19 95  2 31  6  5 12 80 18 40  8 94
 2 37 11 87  1 52 15 53 19 38 16 79 18 32  4 90  5  3 17  5 14 92  6 45 12  9 13  3 10 13  7 31  0 46  8 56  3 79  9  3
 2  7  0 39  6 32 19 41 12 72 14 62 10 78 15 32  1 99 16 49  8  4 13 37 11 87 18 88  4 65  5  8  9 67 17  2  3 72  7 12
 6  4  2 23 13 35 16 88  9 11  4 72 17 13 11 96 10 47  7 24  0 41  8 80 15 87  5 30 18 19  3 14 12 22  1 45 14 43 19 23
 5 23 10 84  4 30  8 55  1 70 15 26  9 47  0 16  7 61 19 46 17  5 12 18 16 85  2 72 18 52 11  5 14 29  6 97 13 66  3 59
 5 14  6 45  7 31  3 66  9 12 10 87  8 26  0 29 12 52 16 73  2  1  4 36 13 65 18 35 19 39 17 23  1 12 15 71 14  4 11 61
 4 82  7 47 12  4 11 84  2 39 17 71 15 75 10 57  5 92 18 49 14 63  1 11  9 75 19 83  3 62  6 60  8 80  0 35 13 52 16 39
17 29 19 79 16 25  3 57 12 63  0 14  6 57  4 74 18  8 14 83  7 93 15 15 11  4  1 54 10 43  5 53  2 92  8 91  9 41 13  2
19 76 10 62 11 36  3 39 13 31 15 45  7 41  1 16 17 67  8 16 12  5  0 89  6 18  4 27  5 33 14  4 18 45  9 28  2 99 16 75
13 64  6 86 10 80  5 20  8 54 14 80  0 66 16 53 18  4 17 53 11 10  3 11  7 53  2 29  1 20  4 68  9 99 19 55 15  9 12  9
16 63 15 32 12 71  4 20  3 72  1 18 18 81 11 95 17 63  9 88  6 49  2 54 10 37 13 80  0  7  8 85 19 36  7 88  5  7 14 84
17 49  6 79  5 20  2 49  0 90 11 21  3 70 13 44 12 40 15 59 10 29 19 99 16 65 18 95  4 57 14 69  7 78  9 84  8 95  1 93
13 65  6 46  9 47 11 49  8 57 19 56  3 33  0 80 15  4  5 85 17 86 18 95  4 17 14 89 10 76  1 11 12 65  2 44  7 14 16 70
16 16  8 63 19 67 10 39  6 45  3 71  7 36 11 18  9 36 13 62  2 67 12 54 15 24  0 36  5 73  4 81  1 61 18 69 17 26 14 84
19 81  8 40  1 40 17 38 18 95  2 45  5 21 11 99 14 68  7 96 15 88  0 96 10 30  3 32  4 48  6 24 16 31 13 12 12 91  9 20
15 34 16  8 18  7  4 27  9 44 14 93 17 98 12 98 13 21  8 22 11 95  6 17  7 70  5 90  2 75  1 16 10 22 19  8  0 74  3 40
17  3 19 43  8 31 18 92  6  3 13 68 16 71  4 91  5 84  0 74  2 45  7 14 15 36  1 42 14 45  9 38 11  1  3 47 12 47 10 42
 7 74  1 24 14 39  0 14  9 78 15 34 19 28  4 33 13 64  8 64 16 26  6  1 18  3 17 73 11 42 12 45 10 34  5 65  2  9  3  5