100 20
13  6 19  8 18 60 16 61  7 19  6 30  1 17 12 29  2 38 14 18  5 38  0 98  3 65  9 16 10 61  4 14 17 17 11 80  8 98 15 58
 0 92  9 54 14  4  7 10 13 71 19 77  2 74  3 41 12 74 11 63  5 34  1 14  8 39  4  7 16 38 10 37 17 31 18 67 15 91  6 60
 0 11 10 32 15 68  4 73 17 15  5 50  2 45  7 93 11  2 14 70  1 72 12 97 16 72  9  6 19 54 18 45  3 80  8 78 13 71  6 35
12 14 13  5 17 47 14  2  3 96 10 66  1 72 18 91  9 66  4 99 16 98  8 21 11 80  0  1  7 93  6  8 15 48  5 44  2 27 19 91
 1 62 10 68 12 76  6 84  7 55 13 76 14 95  8 89  0 85  9 76  5  1  3 24 17 11  2 52 18 60 11 69 15 74 19 80 16 28  4 25
18 66 12 95 10 46  7 80  2 49  3 68 15 40 11 27 19 53  0 57 17 36 14 78  8  4  6 21  9 27 13 61  5 51 16 92  1 74  4 48
 7 47 18 98 15 32 19  5 12 86  1 52  2 98 14 13 11 88 17 13  9  4 13 67 10 72 16 51  3 57  5 10  0 72  4  1  6 86  8 58
 0 36 13 12 10 40 19 65  5 47  7 86  8 70  2 28  4 48 18 40 17 28 11 73  9 96  1 67 12  4  3 68 14 43  6 41 16 18 15 30
 4  8  5 58 13 46 19 11  2 62 14 69 10 57  3 53  6  5  0 70  9 26  1 12 12 55 16 42 17 55  7 77 15 16 18  7 11 25  8 37
13 42 19 83 18 98 15 37  6 47  9 98  2 18  7  5 10 91  0 72 16 76 17 28  8 57  3 14  5 77 14 47 11 19  1 92 12 54  4 51
 1 91 12  8  7 29 16 32  5 32  6 52 15 40 18 35  2 81  0 15 14 77 13 38 11 69  9 31  3 73  8 51 19 73 10 61  4 99 17  1
18 38  7 82  3 35  8 85 10 48 16 40 19 51 17 64 13 38  4 33  1 32 11 31 12 76  6 93  2 70  9 46 14 67 15 12  0 29  5 90
17 89 16 94  1 23  0 57  6 94 18 37  7  4  5 47  3 39 12 35  9 87 15  1 11 16 10 39  4 74  2 39 14 39  8 56 19 60 13 71
11 87  6 27  7 16  2 66 14 61 12 10  8 23 16 55  9 91  3 11 18 20 13 94 15 93  1 68 10 75  4 28  0 85  5 35 19  9 17  4
 6 27 10 41  3 65  1 51  2 80 14 34 19 87 17 39 15 85  0 62  7 64  8 50 12 78 11 13 13  7  9 37  4 74 18 65 16 13  5 77
 8 10 15 25 12 63  6 69 14 45  7 18 11 13  2 92  3 25 18 22 19 19  0 82 16 84 13 80 17 43  9 33  4  1  1 87 10 40  5 52
 4 35  0 88 13  4  2  5 12 41  9  2  3 38 11 56 17 31 18 86 10 37  5 91  6 34  1 82 16 98 19 43 15 78 14 89  8  4  7 96
13 52 10 86 18 79 19 35  3 63  6 11 17 19  9  6  0 69  2 25 16 61  8 49  7  1  4 73 11 92 14 61  5 11  1 98 12 70 15 25
 3 19  5 66 14 64  4 67  7 81  6 23  9  2 10 43 18 42 12 15 15 41 11 85 16 76  1 56  8 19  2 96 19 51  0 46 17 31 13 84
16 69  3 25  9 64 12 99 13 60 17 82  7 69  0 91  8 27  4 16  6 48 15 68  5 43 11 58 14 73 10 65  2 84 19  6 18 67  1 28
12  5  4 79  7 38  9 22 15 96 13 24  2 11  8 14 11 38  6 90  5 90  3 45 17 42  0 60 18 33 16 10  1 33 10 64 19 95 14 78
 5  6 19 60  9 80 13 25 15 11 12 95  8 75  6 79  3 51 18 48 10 42  1 24  7 83 14  2 17 70  0 11  2 40 11 56 16 71  4 42
11 37 18 22  5 48  0 49  9  3 14 21  2 79  6 20  7 22 17 12  1 14 13 29 10 51  8  5  4 13 16 56 12  1 15 25  3 11 19 11
15 24 16 32  4 80  1  1  5 65  3 21 13 40  0 95 18 84  9 61 14 35 10  7 17 32 19 54  7 82  2 34  8 62 12 88 11 15  6 79
11 83  7 26  9 74  0  7  5 47 17  7  1 33  8 61 18 91  6  9 10 44  4 88 13 75  2 17  3 44 19 76 15 69 12 56 16 83 14 56
14 35  1 95 18 88 19 53 10 12  2 65 16 74 17 30  9 26  5 27  0 38  7 34 13  4  4 79 11 68  3 62  6 20  8 14 15 19 12 48
14 54 19  2 11 51 18 74  4  8  8 72  9 77 13 28 16 34  0 23 12 20 15 33  3 53 17 36  5 99  1 51  7 43 10 20  6 67  2 83
 5 64 10 28 14 90 19 91  3 84  9 42 11 46  8 48 12 85  0 37  6 58  7 64  2 91 16 73  1 91 18 99  4 39 15  9 17 18 13 65
12 14  6 30 18 37  4 26 19 23 10  3  1 13 15 33 13 82  0  1  3 83  9 66  2 56  8 98  7 68 16 58  5 26 11  8 17 29 14 50
14 47 12  7  3 63  2 49 15 81  6 36  7 65 13 85 11 20 17 17  1 16  0 38  5 73 19 24 10 31  8  9  4 80 18 62 16 97  9 45
 0 69 19 14  7 69  5 74 18 17 13 35  3 31  9 27 17 61 16 26  4 93  1 28 10 39  8 27  2  7 15  2 11 67 12 44 14 14  6 62
 4 77  2  4 19 70 10 82  7 64 16 37 14 33 12 84 18 84  6 13  3 79 17 20  9 91  5 93  8  4 13 18 11 22 15  8  0  4  1 88
 1  9 18 84 12 59 11 49 10 59  6 60  7 66  2  4  4  4 19 18 14 51  0 37  8 81  9 23 16 84  5 43 13 45  3 23 17 13 15 19
16 23 10 76  1 21  2 55  0 69 13 66  3 36  4 13  9 37 12 37  8 71 14 13  6 76  7 73  5 90 19  6 15 24 11 95 17 67 18 28
 1 71  2 24 17 92 10 76  9 78 16 65 18 21 19 18 13 17  4 32 11 78  0 14 12 71 14 39  6 65  8 27  7  7  5 37  3 95 15 59
10 57 15 24  9 50 18 41  7 33 19 32 12 10 16 10  0 15  3 43 14 60  8  2  2 30  1 29  4 41  6 19 17 84 13 79 11 44  5 58
18 93 14 77 10 73  5 54  4 80 19 21  7 28 12 58 17 14  3 71  8 31 13 83 16 69  2 99 15  5 11 27  1 89  9 74  6 95  0 15
 2 55 12 47  0 29  4 90 11  4 10 59 16 74  7 11 14 59 13  8 18 28  8 44  9 63  6 95  3 38  5 57 15 45 17 37 19 26  1  7
 1 69  3 25  7  6 13 82 17 30 16 95 14 73 18 13 11 49  9 19  8 47 19 65 12 46  4 74  5 79  0 61 10 83  2 26 15 48  6 40
15 47 16  4 17 16 14 26  4 19  0 59  2 23  3 88  6 22 13 28  7 23 12  5 19 33 11 79 18 57  9 15  5 52  1 52  8 56 10 87
 1 60  2 73 18 59  9 22 10 67  6 44 17 67  7 27 16 84  4 13 14 84 15 54  8 92  3 86  5 53  0 23 13 75 11 11 19  5 12 40
19 35 15 80 10 92 18 23  3 99  9 53  2 65 11 51 16  6  1 48  4 51  6 74  0 20 17 66  7  1 12 89 13 73  5 94 14 38  8 18
 5 96  1 31 10 40 12 24  8  1  2  9  3 73 16 64 11 79 18  7  9 45 13 65  6 19 14 52 17 45 19 28 15 72  7 54  4 87  0 11
13 61  3 39  7  2 12 65  5 70  8 13 11 78  4 89 17 73 18 87  6 32  2 43 16 88 10 36 15  9  1 36  0 72  9 39 19 33 14 80
17 25 10 25  8 74  2 11  4 77 13 89 19  2  9 10  5 87 16 88 12 21  1 99  6  4  3 25  7 88 18 75 14 84 11 80 15 43  0 69
13 52 10 38  0 15 19 56  1 83 17 63  4  5 11 55  2 87  7 51  5 67  6 31 14 23  8 99  3 39 15 27  9 89 12 37 18 11 16 93
11  7  6 59  4 67 18  2 17 42  0 95 10 40  9 87 13 90 14 25  5 85 19 16  8 67 12 35 16 44  7 48  1 90 15 28  3 77  2 43
 7 37  2 77  3 74 12 72 18 82  0 92 13  7 16 45 19 26  9 30 10  2  5  2  4 18  1 48 17 59 15 21  8 97 11 35  6 32 14 19
12 85 13 28 10 42  5 56  0 58 17 69 19 23 15 99  9 46 18 74 11  5  3 81 16  7  1 72 14 61  4 46  7 71  8 88  2 45  6 21
 0 26  5 80 19 42  7 92  8  6 11 92 18 69 14 64  4 76  1 32  6 13 16 20  3 74 12  6 17 17  9 57 15 52  2 55 10 47 13 64
18 10 13 21  9 95  8 59 10 59  4 60 17 84  6 52  3 33  2 71 11 11  7 52  1 37 16 66 19 39 15 87  5 67 12 79  0 48 14 40
 6 87 10 87  7  6 13 91 14  3 19 62 16 14  0 86 12  4  5  3 15 31  8 29  2 90 11  2  4 82 17 69  9 93  3 71 18  1  1  1
19 18  0 90  5 46  3  2  7 85 13 42 10 19  6 62 16 13 18 36 15 91  8 83  1 40  2 51 14 59  4  6 17 12 12 43 11 41  9 28
15 32 17 18 10  6 13 24 12 48  8 16  2 15  7 93  3 76  0 59 14 49 18 66 16 22  4 68  5 86 19 13  1 56  9 79 11 78  6 83
 8 62 13  8  1 40 11 70 12 85  5 29 15 12  2 29 14 75  3 80 19 11 16 64 17 60  0  1 10 74 18 34  4 24  6 58  7 61  9 19
 3 21 14 55  6 18  9  6 16 41  5 85 13  9 11 16 15 93 17 49  7 99  0 12  2 76  4 25  1 23 12 47 10 57 18 57 19 98  8  4
10 49 17  4  2 55  4 65  5 28 16 43  8 99 14 22  3  9 11 39  7 86  0 82  9  4 19 66  6 90 13 40 12 17 18 97 15 12  1 37
 6 13  4 55 19 11 10 18  2 97  1 97  5 88 17 29  7 39 16 42 14 32  8 97 12 59 18 57  0 67  3 78  9 54 11  6 15  8 13 93
 9 39  4 44  2 63  0 63  5 71  6 16 14 60  1 89 11 62 18 98  3 10 19 73 16 29 15 30 10 49  7  6 12 41 13 65  8 66 17 81
11 41 18 39 16 31  8 16 10  6  9 92 19 87 15 22  6 74  4 78  1 65  0 18 12 25 14 77  7 30  3 58 17  3  5 40  2 60 13 35
13 65 16 14  2  9 18 91  3 44  7 51  4  1 19 56 11 67  8 94 15 94 14 31  1 46  0 36 10 74  6 45  9 53 17 66 12 91  5 44
17 32 19  4 12 98  6 79 11 90  9 83  5 51  4  4  7 81  2 35 15 61  0 99  1 51 13 15  3 25 16 36 18 83 10 67  8 73 14  4
 8 35 11 89 17 21  7 56  2 19  1 13 12 48 13 36 18  9  3 41  0 61 14 50  6 82  9 72  4  7 10 20 16 77 15 58  5 54 19  5
15 80  4 41 10  2 19 65  8 92 16 44  7 54 17 96 18 72 11 60  6 68 12 46  9 34  0 15  5 23  1 93 13 65  3 20 14 71  2 83
15 31  9 41  4 28 10 12 12 96  0 54  5 24 19 79 14 67  7 80 18 80  2 23 17 36  1 34 13 27 16  1  8 80 11  8  3 10  6 30
19 11 12 10  6 21 11  8 18 54  2 18  8 69  9 97 16 71 14 28  5 96  1 66 13 83 17 23  3 16 10 54  7 41  0 61  4 45 15 49
11 14 10  4  7 20  0 55 15 25  5 37  9 19  1  3 17 18  3 20 18 25 14 89 12 12 13 37  4 31  8 35 16 79  2 39  6 97 19 37
17 61  5 32  8 69 10 74 12 73  6 13  9 71 15 52  4 49 14 58  7 91  3 31 11 60 19  8  2 89 18 53  0 61  1  5 16 10 13 79
18  5 14 36  4 95  5 54  3 39  1 98 16  2 17 38  6 77 19 57  7 69 13 31 11 54 12 42  0 63 15  2  2 63 10 16  9 46  8 46
 6 48 18 31  7 46  1 33  3 97  0 15 19 49 12 79  9 94 17 53 13 12 15 21 16 57  5 86 10 60  2 74 11 79  8 41  4 59 14 39
19 91  6 91  1 41  3 75 16  3  8 91  0 47 17 38  7 28 18 29  5 24  2 69 12 70 14 35 10  3 11 71  9  3 13 40  4  5 15 86
13 78  0 88 19 69  1 34 11 42  7 98 12 28 16 66 18 34  9 19  8 48 17  5  6 95 15 79 10 92  3 61  2 13  4 80 14 64  5 81
 9 99  4 25  2 64  3 72 15 45 13 23  8 14  1 48 11 59 10 12 12 43 18 43 17 96 14 48 19 85  5 95  6 70  7 86 16  3  0 27
 1 79  5 77 17 19 11 56 16 60  0 54  8 34 14 74  4 20 10 57  9 32 19 12  6 45 15 19 12 68  2 32 13 55 18  3  3 31  7 45
13 70 15 67  1  2 17 74 12 74  8 76  0 85 14 26 11 29  9 80 16 22  5 77 10 29  6 60  2 11 19  5  3 62  7 32 18  2  4 59
 0 45  8 11  7 55 19 98  4 58  9 98 15 19 12 86  6 29 11 12 14 17 18  2  5 62 13 11  2 60 17 63 10 53 16  6  3 64  1 39
18 43  9 43  8 81 13 43  3 29  4 51 14 67  0 22 15 65  6 13  5 71  1 66 10 84 11 79  2 65 12 57 17 14  7 84 16 53 19 55
16 81 19 90 14  7  6 24  4 21  3 67  8 42  5 38 11 24 10 18  0  1 12 21  1 45  7 70  2 19  9 15 17 42 18 78 13 12 15 86
 8 82  9 22 13 80  4 64  7 99  0 81 10 37 11 58 14 63  1 23  6 14  2 29 15 87 16 19 19 41  3 81 17 68 18 70 12 80  5 39
 6 93 13 68 11 97 16 78 14 46  7  1 15 33  1 81  3 55  9 63 12 23  2 67  5 58 19 87 17 86  0 95 18 58 10 57  4 98  8 84
 7 99  1 48 11 47 12 12 17 10 16 26  6 91 15  9  9 78 13 94  2  4  0 52 10  4 19 63 14 23  5 48  3 91  4 14  8 45 18 82
 4 14 16  2 11 94  6 57  2 57  9 84 10 40  3 75 15 90  8 28 19 28 12  5 18 89 14 60 17 59  5  1 13 23  0 58  7 27  1 99
18 91  7 71  5  4 13 41 19 26 14 18 16 32  1 41 17 17 10 57  8 65 15  4  6 70 12 36  9 20 11 40  2 45  0  1  4  9  3 93
18 95 16  6  6 49  3 56  2 82  9 83 19 31 10 38  5 22 13 49 12 75  1 22  4 46 17 89 14 92  8 23  7 89 11 77  0 26 15 81
11 33  2 40  4 89  6  9  8 32 10 39 19 59  9  9 13 88 14 26 18 76  0 30 12 87  1 58 16 84  3 16  5  2 15 80  7 49 17 96
15 81 11 78  2 10  1 67  5 18 13  6  8 19 12 23  4 15 19 47 10 99  7  4  9 70  0 58  3 65  6 61 17 86 16 26 18 12 14 71
17 13  6 69 11 57  8 48  0 74  1 83  9  2 13  3  7 93 16 40 12 65 14  4 10 12 15 45  5 28 18 62 19 44  2 62  3  2  4 97
 5 92 10 83  6 22  2 42  7 78  8 13  9 25 14 72  4 48 16 65  1 40 12 88 11 33 17 43 13 35  0 54 18 47 19  8  3 64 15 16
 2 38 16  3 15 82  6 40  4 87 13 17  1 62 19 21 18 58 10 21  8 24 12 12  3 48 17 75 14 89  0 43  9 14  5 41  7 85 11 90
 7 90  5 14  9 65  1 89 16 79 13 99 11 52  4 26  6 86  3 70 15 84 17  2 10 80 19 92  2 24 18 37 12 15  8 47  0 76 14 90
 4 53  0 14  7 75  3 98 11 39  8 90  9 36 19 85  5 36 17 43  1 65  2  4  6 18 12  1 16 40 10  5 14 60 15 50 13 56 18 60
13  4  4 71 17 70 19  4  7 89 11 97  2  3  0  3  5 66 10  6 18 55 12 86  9 87  3 33 16 96  6 74 15 40  8 19 14 16  1 40
 7 11  3 48 10 38  6 82  0 45  1 32 18 50 17 22 16 88  2 84 13 36 19 72  4 61 14 64  5 40  9 63 15 22 11 29  8 39 12 65
11 70  0 11 15 15  6 35  3 70 19 41 12 94 14 46  7 44 18 18  1 90 17 13 16 67  4 67  5  8  8 39 10 27  2 22  9  5 13 60
 2 50 12 64  8 94 14 65 19 83  1 47  7  6 11 83  3 78 15 78 10 24 18 74  0 95  9 21  6 94  4 11 16 69  5 62 13 45 17 16
12 17  7 90  6 57 15 98  4 51  8 88  0 82 17 20  1 25 18 90 19 30  2 24 16 79  3 61 10 43 11 17  9 12 14 87 13 35  5 93
10 37 11 88  0 64  8 44 16 52 14 10 19 10  4 58  1 48  5 25 15 75  2 80  7 81 13 49  3 47  9 10 12 99  6 95 18 63 17  6
 0 51 19 98 12 90  3 49 18 63 14 24 10 71  7 85 15 66  9 94  8 73  5 59  2 27 16 80 11 19 17 13  6 14 13 96  4 77  1 80
 3 90  9 74  1 55  7 67 18 74 15 43  5 69 16  9  6 41 11 51  2 78 14 13 19 95 17 19 10  8  4 26  0 22  8 77 13 65 12 63
 2 36 10 77  8 28  3 98 12 26 13 61  7 59 18 35 16 86  5 56  4 91 14 22  1 88 17 18 11 67  9  7  6  1 19 75  0 77 15 90