100 20
16 80  7 22  4 65 12 13  6 82  0 19 14  7 13 42  9 27  8 82 18 10  3 94 11 63  1 32  5 87 17 92 15 88  2 11 10 66 19 73
 0 24  8 63 17 65  7 70 13 56  5  2 19 83  6 42 10 56  9 35  1 46  3 77  4 19 16 65 11 38  2 35 12 27 14 49 15 91 18 22
 9 60 12 19  2  8 16 40  6 45 14 85 17 11 13 82  8 45 10 52  7 44  3 55  0 50 11 10  5 63 15 31  4 40 19 70 18 48  1 38
 5 18  2 10 15 50  8 92  6 76 14 90  1 21  9 29 18 43 10 93  4 74  7 55 12 85 13 41 19 51 17 48 16 27  0 23  3 24 11 13
16 70 11 77  9  1 13 35  6 82  8 61  2 61  0 47  4 41 15 98 12 90 18 17  1 17  3 85 17 36 14 20 10 65  5 56  7 21 19 26
 1 55 16 74 11 98  9 24  3 48  8 36 18 85 17 51 14 23 10 97  2  8  7 19 15 75  6 77  0 80  5 48  4 73 12 44 13 19 19  6
 7 67  5 63 11 95 14 61 18 48  4 42 17 72 16 32  3 16 12  7  6 99 13 83  1 84  2 47  8 13 15 18 10 17  9 91  0 67 19 39
14 51 12 50  0 74  2 22  4  9  9 78 17 91  6 27 15 98 10  9  5 42 13 17  1 49 19 85  8 41 18 51 11 88  3 64 16 11  7 48
 4 79  3 44 16 84 12  6 18 31 19  3 14 32  0 40  1 19 11 67 10 59  8 50  9 74  2 57 17 31  5 13 13 20  7 65 15 17  6 34
16 48 17 23 11 79 12 84 14 86 13 88  2 58  4 26  8  8  1 36 15  4  0 45  9 70  6 79 18 77  5 15  7 77  3 49 10 40 19 56
11 42 16 25 12 76  7  5  2 81 13 93  0  6  6 88 17 10 10 91 18 99 14  7 15 52 19 68  8 47  5 53  4 56  9 64  3  8  1 68
 9 54 17 18 19 19 11 85 12 57  4 75  5 98  2 74 15 66  1 98  0 56  7 88 14 95 18 66  3 97  8  3  6 14 13 60 16 61 10  4
13 53 18 16  3 77  1 61 10 19  9 24  2 77 19  9  4 92  7 68 16 70 14 71  6 72  8 21 17 21  5 70  0 33 15 60 11 40 12  7
19 73 11 19 17 92  8 90  1 65  3  1 18 32  6 69 16  9  9 66  4 83  5 21 10  8 15 88 14 71 12 29 13 82  7  9  0 53  2 51
 2 12  5 93  1 76 17 87 13 25 15 85 11 15  9 67 12 42  0 20  7 86  4 99  8 77 14 97 18 13 16 77 10 21 19 21  6  2  3 45
 6 85 13 29  0 22  1 26 15 84 14  8 17 65  3 88  5 58 10 30 18  9  7 93  2 48 19 53 16 21  4 95  9 87 12 89  8 95 11 54
12 65  9 67  5 15 10 66  6 30  2 46 13 10 19  6 16 45  3 22 17 26 18 15 15 48  7  3  8 94  0 44  1  1 14 56  4 19 11 60
18  6 11 78 13  4  6 76  8 18  4 69 16 49 10 66 14 79  9 51 12 36  0 20 19 58 17 92 15 84  7 69  5  8  2 33  1 75  3  9
14 60  4  2 10 42 13  9  1 77 19 33  2 54  7 74 17 53 18 77  5 20 11 64 16 74  8 26  3 81 12 36 15 28  6 28  9 95  0  2
18 27 14 43  3 36 19 88  0  8 12 85  4  1  8 41  6 31 11 10  2 21  1 80  7 88 13 95 17 92  9 34 10 57 15 93 16 63  5 89
13 97 16 90 10 62  2 48 12 59  3 19  1 63 11 29  6 55  8 19 17 21  5 40  7 80  4 40 14 45  0 62 18 33 15 67 19 50  9 25
18 22 17 94  7 43 14 75  9 68 11 33  4 95  6 79  8 38 12 95 10  7  0 11 13 23  2 81 15 46  1 67  3  4  5 74 19 93 16 47
12 33  9 34  7 93  8 25 11 94 19 47  3 84  1 68 10  9 16 79  6 77  5 97  4 71 18 11 13 74 15 52 14 19 17 30  0 40  2 83
12 80  5 25 17 64 16 68 13  1  6 81  4 23 19 71  2 45  8  1  1 69 14  1 15 15  7 55 10  9 11 25  9 31 18 72  3 85  0 47
 0 33  3 41 17 29 11 78 10 63 16 38 12 57 15 95 13 45 18 88  1 20  6 39 14 96  9 23  7 37  4 95 19 83  8 83  2 99  5 17
 5 12  2 20 13 30 15 93  8 65  0 99 17 63 11 71  4  3  7 56  6 24 16  2  9 38 19 71  3 30 18 54 12 41  1  2 14 48 10 47
 1 33  3 60  8 38 18 48 15 47 13 78 19 69  5 69  0  6  7 15 16  7  4 17 14 83 10  3 11 59  2 69 17 85 12 56  9 88  6 45
 5 95 14 59  4 55 13 45 11  4  7 55  8 50 16 80  2 30 18 71 15 69  6 17 19 95  1 70  9 16  3 71 12 78 10 87 17 12  0 69
 6 45  4 75 14 20 19 24 18 27 16 34 13 37  7 70  5 61  3 41 12 94  2 24  0 69 17 93 10 61  9 57 15 33 11 75  8 67  1 58
15  9 10 76  1 25 14 34 11 97  8 82 18 98  0  4  6 71 17 95  4 97 12 84  5 22  3 13 19 88  7 70 16 20  9 11 13 47  2 48
 6 25  9 76 10 52  1 15 14 14  0 62 11 18 17 70  8 77 12 28 18 16 16 86  3 14 13 52  7 24  5  1 19 76  2 51  4 23 15  5
 2 58 16 72  9 52 19 73 10 63 17 19  0 28 18 29  5  5 15 90  3 15  7 10 12 61  1 36  8 55  6 30 13  7 14 34  4 63 11  1
19 41  6 76 17 63 15 93 10 21  9 23  4 50  0 93 13 41  3 60 12 49  7 51 16 79  1 52  5 42 18 63  2 34 11 98 14  1  8 60
 8 50 15 88  4 46 18  3  3 55  9 60 12 44 17 64  5 67 13 79  0 26 19 57 11 43 16 43  2 37  1 66 14 68  7 22 10 25  6 11
 8 29 13 22 14 78 10 97  6 83  0 24  4 68 12  4  3 89  2 56 16 79 17 25  1 60 19 67  5 45 11 85  7 69 15 13 18 97  9 28
16 39 19 45  0 81  7 19 17 32  8 11  4 95  6 51 11 88  2 83  1 24 15 32 14 32 10 25  9 40 18 31 12  4 13 56  3 65  5 81
 7  5 13  7  6 58 10 42  2 71 15 88 14 14 16 28  5 38  8 42  1 66  3 66  0 78 18 40 19  3  4 74 12 47 17 70 11 17  9 65
19  1 10 58 15 14 18 95  2 85  1 86  7 99 16 31  0  2  8 43 14 80  9 76 13 85  4 19  5 55  6 44 11 45  3 98 12 51 17 99
11 99 13 35 10 65  9 46  0 99 19 49  2 40  7 96 12 39  3 60  8 49 16 40 17 65  6 83 14 86 18 51  5 14  1 93 15 61  4 90
 9 87  6 12 12 25 14 84  3 48 18 14 11 90  7 31  4 11 10 72  2 91 15 24 17 84 13 77  5 36 19 65  0 28  8 74  1 88 16 75
 9 77 13  1  0  7 11 40  5 99 10 67  3 15  1 51  4  9  7 42 18 12 19 86 15 21  8 96 16 95 17 53  6 41 12 69  2 29 14 45
 2 49 18 99 16 73  9 97 17 82  4 66 19 94  0 27 10 65  5  9 14 95 11  4 15 44  3 32 13 11  8 27  1  8  7  5 12 71  6 98
 4 86  1 74  6  7 14 18 11  8 12 74 18 48 17  2 13 26 19 32  5 76  2 65  0 27  9 14  3 56  8 12 15  3 16 60 10 22  7 54
15 31  6 50 18 13  3  4  0 20 17 96  2  4 10 92 16 79 19 26  9 40  5 93  8 90 13 65  1  9  4 90 14 40 12 62 11 90  7 76
16 24 10 33 17 17  6 50 19 96  4 98  3 82 11 84  9 47  7 35  0  3 15 21 14 22 18 63  1 15  5 56  2 22 13 79 12 40  8 78
17 80 13 28  5 67  3 65 15 70 12 71 19 80  9 35  1 68  6 78  8 42 18 66  4 16  7 78 14 57  2 95  0 67 10 14 11 93 16 10
18 44 17 41  0 75 19 26 11  6 13 30  2 13  5 13 16  7  8 84  3 27 10 58  6 54 14 74 15  4  7 26  1 38  4 51  9 89 12 17
 5 88 11 33 18 80  2 25 17 98  9 37  8 45 16 41 14 47  3 34 15 47 19 96  6 20  4 65  7 57 10 46 13 10  0 48 12 56  1 64
17 47 11 42  8 35 13  6 19 56 14 16 15 98  7 58 18 43 12 68  0  3 10 43  1 44  2 31  4 74 16  2  6 97  9 11  3 69  5 98
 1  3 19 44 16 65  7 87 18  1 10  8  9 68 14  9  0  8  4 52 11 93  2 61  3 41  5 74 17 75 13  6 15 76  6 69  8 84 12 96
13 99  0 28 10 60  2 35  4 75 14 18  7 45 18 79 19 33 17 79  6 54  3 41 11 24 16 21 12 50  8 29  1 95 15 71  9 72  5 46
11 13  5 86  4 34 18 93 13 37 16 13 19 18  2 95 15  3 10 23  7  8  1 60 14 57  9 53  3 12  8 75  6 66 17 73 12 35  0 13
14 71  6 12  9 88  2  7 19 14  7 90 13 47 18 72  5 78 12 52 17 96  8 84 15 34 16 99  4 87 11  8 10 21  3 18  1 46  0 24
11 41  4 83  1  8 19 21  7 32 16 59  3 68 12 80 18 82  8 55 15 28  2 17  6 80 10 63  0 47 17 94 14 51 13 49  9 85  5 20
17 20 10 75  7 53  8 59 11 17 12  7  0 87 15 13  1 48 14 75  5  6  2 93  6 56  4  7 16 97 19 45 13 51  3 55  9 51 18 29
15 90 14 74 16 64  3 10  7 10  4  5 12 90  5 72 18 33 10 77 17 46  0 66  2 52  9 29 13 84  6 81  8 21 19 31  1 24 11 82
13 82 10 54 15 30 16 31 17 95 11 87  9 77  8  8 19 14  2 50  1 64  0 53  5 64  7 83 14  6 12 83  4 32  3 92  6 86 18 78
 7 85  6 46  4 51 17 99  0 58 15 71 10 71  2 21 16 58  5 55  1 99 19 38 12 49 18 23  8 58 13 57  9 30  3 39 14 32 11  5
 3 53 12 87 18 22 10 39 19 18  2 33 16  2  7 10  0 17  6 65 15 35 14 68 11 53 17 47  1 60  9 35  4 28  8 32 13 23  5  1
10 36  4 48  2  5  5 94 18 85 15  8  6 77 12 18  9  3 19  4  8 27 11 99 16 36  1 35  0 23 13 80 17 42 14 50  7 77  3 24
11 54  7 85 17 95 16 41  8 91 18 11  9 84  1 61 12 63 14 44 15 56  4  7 13 57  6  4  0 99  2 58  5 21  3 54 19 48 10 13
11 20 15 43  3 97  1 33  0 14  6 89  2 17  5  1 13 27 18 70  8  5  4 98 17 77 16  1  7 91 14 19 10 44 19 71  9 61 12 96
17 64 18 11  1 58 14 83 19 13 10 50 15 62  0 98  8 10 12 86  3 97  4 45 11 93  9 40 16 50  2  9 13 42  6 10  5 50  7 87
 5 21  8 95 13 94  3  8 11 55  4 96  6 77  9 64 17 10 15 50 16 62 19 88  0 54 14 67 10 62  2 22  7 93 12 44  1 75 18 73
 1 87 15 32 12 56 11 38 10 95 18 84 19 98 17 49  4 24  3 29 14 57  6 37  2 78  9 67  5 73 13 65  0 36  8  1 16 12  7 42
12 36  0 87  3 91 18  6  4 46  8 68 13  9 10 52  7 49  5 37 19 66 14 14 16 29  9 86  2 38  1 36 17 77  6  6 15 87 11 47
15 91  4 27 18 38  2 60 12 46 10 72  0 18 11 98  7 17  1  3 14 65  8 31  6 78 17 84  9 99  3 73 16 14 19 92 13 76  5 92
15 87  7 55 12 89  3 54 19 95  9 73  2 63  1 49  6 52 17 52 14 60  4 18  8 90 16 39  5 25 13 85 18 41  0 69 10  1 11 63
13 99  6 60 10 11  9 70 17 42 19 51  0 84  7 10  8 68  1  8  3 59 12 40 16 31  4 53 18 48  5  5 15  5 11 18  2 80 14 53
 7 35  9 37  5 36  8 42 16 50  0  4 14 75 10  8 18 19  6 39 12 72  2 74  1 70  3 48 15 21  4  3 11 53 13 92 19 31 17  2
 4 22  1 57  8 41  6 80 19 71  9 86 17 91  3 29 16 15 15 31  2 54 13 99  0 48 14 99 18 95  7 34 12 79  5 46 10 48 11  2
 3 45  6 74 16 75 11 67  4 50 10 31 19 72  8 24  2 66  7 73  5  8 12 10 13  3  0 11 17 59  1 11 18 69 15 99  9 61 14 80
 9 85 12 44 17 25  2 82  3 73  6 40 16 51  5 80  1 67 15 16 14 95 19 41 10 67 11 84 18 55  4 92  0 62  8 33  7 71 13 23
13 72  7 72 17 45  6  2 19 83  8 86  0 27  4 77 12 10  1 85 18 21  9 50  3 81 15 49 14 88 11 22  5 46 16 20 10 86  2 87
 4 20  6 59  8 98 19 97  0 26 15 12 17 81  2 22 18 83  9 73 14 48  3 11  7 43  1 50 12 37 10 98  5 39 13 65 16 23 11 54
17 61  2 93 14 53  9 61 19 42 12 37 15 46 10 16  1 33  5 27 18 48  6 77  0 87  3 28  8 66 16 11 13 12  7 88  4 31 11 12
14 48  6 56  8 80 15 12  9 67  5 25  3 74  4 60  2 13 13 87  1  7 11 97 19 92  7 47 18 50  0 88 17 38 16 22 10 75 12 44
11 19  2 41 19 86 12 36 17  3  4 25 10 42 15 47  1 71  0 81  8 91  6 72 16 78 14 59  5 89  7 83  3 38  9  6 13 58 18 16
 3 24 15 38 19 67 12 19  6 57 16 87 14 34 18 53  4 91  8 17 10 57 17 35  0  6  7 34  9 43  1  6  2 51 13  1 11 54  5 29
 0 74 15 35  8 60  7 31 10 54 18 25 12 12 14 54  6 31 16 49  1  3 17 64  3 30  9 42 11 21 13 41  5 53  4 87  2 22 19 79
17 58  4 24 10 22  7 70 11 57 14 71  3 76 18 15  0 32 12 81  1 41  6 46 16  7  5 29  8  3 19 53 15 59 13 16  9 56  2 89
19 63  6 71 14 13 10  6  5 46 18 12  4 72  7 95  1 68  0 19 17 96 15  9  8 89 11 32  2 21 12 41  3 77 16 72 13 93  9 24
10 38  1 37  0 25  2 60 14 24  4 42 18 37 11 23  9 92  7 92 19 53  8 34 15 26 17 90 12 37  3 15  6 64 16 77 13 90  5 12
11 61  2 59 13  9  1 25  4  3 15 38  3 48  8 21 10 97 16 12  5 62 18 78  9 94  0  9  6 89  7 49 19 92 17 86 12 15 14 53
 9 34 12 33 11 72 13 49  3 63 15 98  8 44  2 23 19 86 17 78  5 81  4 69 18 78 14 86  6  4  1 59  7 53  0 96 10 42 16 96
 8 38 15 27 10 84  7  7  9 19 11 97  5 54  0 83 13 81 17 89  4 36  2  2  3 94  6  9 18 89 16  5 12 24  1 33 14 71 19 75
 0 57  1 68 19 38 18 38  4 86 14 23 10 15 12 38 17 88 11 16 13 81  9 30  3 90  7 40  5 24  8 62 15 39 16 69  2 92  6  1
16 73  2  9  0 38 13 96 18 31 19 74  9 91  7 35  5 75  3 34  6 17  1 23  8  7 15  1 11 99  4 94 14 79 12 66 17 54 10 47
 8  9 10 39  4 19  5 77  3 38  7 60 12 34 13 31 15 23  9 61  1 74 16 33 17 17 19 13 14 94 18 29  6 16  2 45 11  1  0 63
16 99  6 71  8 95  1 25 15 66  7 62 12 79 18 89 19 21 10 51 11 52  2 53 17 88 14 72  3 18  9 53 13 54  4 36  5 23  0 73
 7 81  6 17 15 52 19 94 11 49  8 51 10 60  9 76 14 63 12 53  3 51 16 61  4 58 18  5  2 74 17  9  5 95  0 25 13 76  1 65
 0 90 13 99 18 21  7 12  6 96 16  6 19  2 11  6  3 92  1 74  2 52 17 80 12 11 14 53  9 18 10 83  4 33 15 23  5 97  8 26
 1  1 17 61  3 95  8 58  0 54  5 96 18 93 12 50 11  7 10  2 16 85  7 98 14 94 15 83  6 29 19 91  9 46 13 29  4 87  2 16
15 65 12 18  5 63  2 26  6 20 14 78 10 20  9 95  8 29 17  4 18 41 11 47  3 97  1 97  0  2  4 79 13 63 16 77 19 66  7 39
 8 99 17  6 12 93 15 22 13 85 10  2  4 81  6 13 19 86 11 12 14 36  5 22  1 71  0 34  7 59  2 81 16 34  3 75 18 75  9 65
11 34 13 38  5 97  3 99 15  4  2 73  8 53  6 29 18 16  7  6 12 81 10 38  4 97  1 96 19 95 16 21 17 61  0 37  9 26 14 84
 6 94 18 98 16 27  7 96 12  9  5 92  0 31 11 53  1 35 19 16 17 17 13 75  3 85  2 75 15 96 10 11 14 37  9  8  8 85  4 52
 8 33  9 82  0 55  3 85 10  7 17  8  1 13 16 53 13 52  5 43 15  4  2  7 19 38 12 61  4  8  6 91  7 64 18 22 11  1 14 10
17 15 19 80  5 71 11 43 14 75 15 50  3 27 10 66  4 93  9 68 12 76  7 28 18 93  2  7  1 71 16 81 13 37  8 15  6 68  0 29
 3 30  0 94 19 22  1 63  6 76 18 80  5 71 15 62 17 42 11 75 10 19 12 22  2 87  4 94  9 30 13 91 16 90 14 95  7 96  8 10