100 20
18 34 12 21  8 51 16 95  4 27  5 80 14 11  9 18  0 57  2 27  1 45  3 91 15 60 10 60  7 10 13 55 11 99 17 10  6 27 19 47
14  8  4 28  3  8 16 99  2 81 10 31 19 69  5 80  7 75  0 61  1 47 13 36 17 19  9 15 12 44  6 68  8 87 15 85 18 86 11 87
 3 93  1 89  2 10  8 64  7 21 18 35  5 52 13 53 16 41 12 32  6 80 11 66 17 90  0 46  4 55  9 25 19 82 10 32 14 73 15 85
 4 92 17 93 13  6  6 27 19 30  2 70 15 21  1 18 12 16 10 43 14 74  0 61  7 59  3 60  5 20  8  1 16 55  9 10 18 55 11 38
11 95  2 41 17 70 13 27  5 93  6 37 15 38  8 96  7 30 19 91  1 52 12 65  4 32 18 65  3 23 16 14 14 73  0 32 10 60  9 45
 6  5 19 85  9 23 15 16  3 88  0 66 12 27 13 49  8 65 18 60  2  3  4 93 16 90 10 58 14 41  7  8 11 33 17 71  5 81  1  1
 9 16  7 68 12  6 15 35  1 34  4 33 14 10  3 99 19 15 11 59 13 53  5 36 18 82  2 75 10 33  8  1  6 64 17 26  0 84 16 26
 9 11  0 50 10 86 16 99  7 41  4 38  5 33 11 45  3 71 18 59  8 35 14 53  6 11 19 90 13 36 12 81 17 66 15 48  2 94  1 53
 0 49  4 69  6 84 18 65 17 95  7 94  5 39 14 59  9 20 12  7  1 24 13 49  8 83  2 37 11 73  3 30 10 85 19 27 16 15 15 76
17 39 13 52  8 25 18 99  4 43  2 80  6 16 12 56  9 70 16 53  7 16  0 94  1 72 11 58 14 80  5 28  3 96 15  2 10 90 19 57
 3 37 12 86 15 49 16 42  7 34  0 79  4 99  5 59 14 43  9 57 18 91 13 66 10 73  1 55 19 68 17 53  8 94  2 63  6 83 11 81
 5 63  4 15 17 32  0 23 18  4 11 66  7 44 19 59 14 44  3 69  9 76 12 37 16 42 13 55  2 20 15 70  1 63 10 84  6 23  8 70
 0 75 11 15 16 59 12  3  3 65  9 79 13 83 17 87 14 15 10 82  2 24  5 60 15 23 18 88  1 45  4 66  8 65  6 90 19 25  7 32
13  5  5 87  0 50 11 27 18 78 17 32 10 46  2 18 14 44  9  3  1 24 19 93 16 12  7 68  4 64  8 41  6 88  3 79 12 67 15 57
11 64  0 76 10 66 15 54  6 12  5 93 12 28  9 95  8 13 14 57  1 67 18 68  3 83  4 83 13 39 17 79  7 11  2 23 16 86 19 28
 0 95 15 25  1 88 18 11 14 29  8 70 13 81 17 48  7 87 11 43  2 36  9 49 12 25  3  4  4 34  6 83  5 61 10 47 16 30 19 76
 5 49  7 13  4 97 12 75  8 96 18  7 17 94 11 86 15 95  1 49 19 81 16 88  2 26 14 82  3 44  9 67  6  6 13 74 10 90  0 35
19 30 12 30  9 75 14 68  6  8  1 53  4 36  3 18 11  1 15 28  2 44 13  6 16 44  5 24 17 94 10 70  7 21  8 64  0 62 18 43
19 93 16 64 14 71  3 69  8 82  0 39 13  3 12 33 18 84  5 18  4 46  1 25  6 16 15 89 11 64 17 80 10 11  9 62  2 85  7 13
18 71  2 31 14 22  3 65 12  4  7  5  9 42  8 68 15 92 13 37 19 94  4 82  0  4  1 47  6 29 10 26 17  5 16 81 11  2  5 75
 7 76  6 80 10 25 11 95  5 98  8 21  1 80 14 57  3 55 13 39 18 94  4 17 16 77 12 55  9 25 19 60 17 79  2 32 15 75  0 37
11 86  6 12  5 62  2 53  0  6 15 41 19 60 18 15  9  4 16  2  3 37  1 94 10 99  7 47  4  5 17 92 14 77 13 55  8 66 12 61
14 85  3 94 11 71 17 91  5 66  6 28  2 20  8 27 15 95  0 44 19 46  1 99 18 59 16 64  7  6 13 91  4 98 10 76 12  2  9 75
19 93  4 79 12 94  8 16  3 50 16 35 18 12 10 65 13 25  7 80 15 26 14 41  2 26  1  9  5 74 11 45  9 37  6 61 17 12  0 62
10 59 13 37  6  9 11 75  8 49  2 74 12 19 14 20 18 43  3 94 19 59  9 69 15 12  0 10 16 56 17  3  1 74  7 44  5  6  4 30
 6 36  0 93  4 98  8 14  2 30  1 11  7 26 14 56  3 78 19 37  5 66 11 72 16 91 15 64 17 25 10 47 12 86 13  5  9 85 18 46
 9 62 17 86 11 99 14 59  5 98  6 33 12 18 18 70 10  3  4 66  2 39  7 78  1 14 13 27  0 50  8 93 15 87  3 99 16 17 19 22
13 75  2  5 11 69 19 91 10 96 16 21  3 38  5 26  9 97 14 75  7 63  0 68 18 43  1 46  4 26 15 31  8 13 12  8  6  6 17 93
 2 71  8 82 18 18  7 33 12 77  9 92  1 91 11 88 13  8 14  7 17 89  0 81  3 90  4 56 15 98  5 18 10 77  6 95 19 16 16 68
 3 67 15 52 19 77  2 78 11 41  1 76  4 29 16 27 10 80 17 45  9 74 18 55 13 39  6 46 12  1 14 87  0 80  7 21  5 49  8  9
 1 42 13 57 15 52  4 38 19 96  9 40 14 14  3 12  8 59 16  7  7 33  0 39 11 15 18 50 17 68  5 69 12 87 10 72  2 62  6 47
 6 56 10 73 12 54 11 90  3 59  9 87  7 87 16 70  5 99  4 35 15 33  1 59  0 78 17 40 19 87 14 71 13 33  8 61  2 45 18 70
14 11 10 82 16 13 17 58 11 95  4 60 18 23 19 16  3  6 13 58  8 25 12 65  7 16  0 74  9 83  5 13  6 16  1 59  2 77 15 51
 6 22 14  7 10 10 11 71 16 35 17 97 19 64  2 68 12 70  7 80 18 22 15 21  3 13  4 53 13 87  9 53  1 34  0 48  8 27  5 27
 9 38  6 96 13 75  4 28 18 76  0 89 16 27 17 37  3 45 12 95 19 46  8 83  2 29 14  4 11 98 15 46  1 14  7 11  5 52 10 40
13 44 14 26 18 96  3 80  2 96  0 91  8 58 10 35  9 26 16 92 11 31 12 51 19 15  1 55 17 20  4 10  6 40  7 49 15 33  5 51
 1 52  8 62 10 14 15 47  7 54  6 52 16  6 11 66 17 52  5 55  2 62  4 58 14 74  0 21 13  7 18 96 12  8  9 97 19 81  3 41
14 67  8 34  1 70 16 71  5 90 19  8  2 66 10 79 18 72  0 37  4 45  6 82  7 21 15 89 13 38  9 86 11  5 12 97 17 54  3 13
 9 36 10 80 16  9  1 55  2 18 18 64 14 97  7 84 15 53  5 22 17 60 19 62  0 28  6 35 12 53  3 78 11 91  4 80 13 77  8 43
 1 84 13 55  0 85  7 78 10 42 15 67 19 58  4 37 16 59  5 23  6  3 12 48  9 22  2 42 18 97  8 76 14 70 17 46 11 49  3 67
 1 94 16 88  9 38  4 17 17 98 18  7 13 24 19 74 14 79 12 29 11 89  5 20  0 79 10 38  2 15  6 75  7 22 15 50  3 76  8 10
10 32  4 89 15 61  3 27  5 29 17 60 14 18  2 84 18 79 16 43  6 22  1 24  7 25 19 96 11 86  8 54  0 83 13  6  9 12 12 71
 9 40  4 43 10 23  8 11 13 67  1 65  5 79 17  3 11 49  3 92 12 61 14 12  6 64  2  7 15 41 19 56  0 74 16 62 18 54  7 76
17 58  1 91 13 56 14 49 12 79  2 72  9 14  5 33  6 67 15 89 10 53  0 86  8 40  7 78  4 77 19 74 11 14 16  3 18 10  3  8
19 91  4 58 15 72 14 20 18 35  8 75  6 91  5 23 12 85  2  8  7 75 10 86 13 86 16 13 11 79  1 82  3 59  0 88  9 86 17 63
15 52  2 29  4 15  7 90 10 84  0 50 14 70  9 29  8 78 12 10  6 93  3 57 18 71  5 55  1 14 19 76 11 90 17 39 16 23 13 81
 1 43  6 71 10 39 14 70 17 97 18 11  7 14 15 55 12 80  8 47  5 30  3 33  2 95  0 75  9 56 13 22 19 74 16 35 11 96  4  8
 1  5  0 49  5 81  8 83 19 99 17  1 16 84 11 48 10 23  3 70 12  8 18 59 14 79  4 96  7 47  2 22  9 87 15  8  6 86 13 19
15 81 11 99  5 26 12 55  6 47  3 76 19 79  4 59  2 44  0 62  7 25  1 86 17  4  9 55 16 13  8 33 14 35 18 26 13 43 10 40
 5 88 15 83 13 48 18 93  6  5  3 87 11 88  8 88 16  9 12 19  4 34 19 14  7 34  2  8  0 14  9 71  1 96 10 38 14 15 17 17
 7  2  4 68  1 27  9 55 19 99 16  1  0 56 14 56  2 20 15 69 18 11 11 98 10 39  5 92 12 68  8 55 17 74 13 79  6  5  3 69
18  3 19 73 11 17 12 42  0 53  1 81  2 50  8 11 14  9  3 12 15 23  7 63 13 71  5 98 10  7 16 73  6 99  4 71  9 92 17 72
19 87 10  7 12 48  7 11 16 61  2 35 17 43  5 89 13 71  3 73 11 90  0 66 18 28 15 79  6 78  8 25  4 14 14 85  9  2  1 68
16 83 10 36 19 24  4 93 12 36  9 38  2 39 18 82  8 58  3 76  7 91 11 28  6 92  0 54 14 43 13  5  1 39  5 41 17 61 15 78
 3 17 19 40  5 17  8 36 14 62 15 65  9 83 13 89 16  3 18 10 17 53  7 73  2 65  0 65  4 35  1 22 11  7 10 53  6 81 12 70
13 44 19  6  6 53 12 43  9 73 10 73  3 24 18 30 17 82 11  4  1 45  8 55  4 87  2 95 15 41 16 40  0 95  5 55  7 87 14 59
 5 38  9 30 14 55 13 44 15 65 17 95  7 75 12 41  0 89 19 85  3 72  2 95  8 56  4 49  6 29 16 48 10 78 11 55 18 92  1 10
 0 72 19 56 16 90 15 47  9 91 17 24 11 77  4 48 13 77  8 57  5 50 10 49  3 10  6 91  1 23 18 51 14 23  2 31  7 55 12 57
14 21  8  1  0 96 15 23 13 37 19 95  3 46  1 29  7 17  4 71 18 65  2 63 16 25  6 20  5 66 12  9 10 53  9 58 11 10 17  2
16 26  0 83  2  6 13 10  8 59 19 37  4 62  1 45 12 83  6 78 15  9 18 87  9 91  5 79 14 76  3 33 11 76 10 31  7  4 17 14
 4 48 18 49 12 79  0 11  3 90  9 56  6 72 16 98 10  9 15 72 14 87  7 27 17 98  1 39  8 19  2 28 19 42  5 56 11 29 13 95
18 33  1 95  0 13 19  1 17 66 14 26  4 50 11 39 15 21 13  7 16 44  7 91  3 85 10 94  9 57  6 13 12 24  5 54  8 42  2 65
 7 78 11 60 12 72 18 41 13 86 19 25  1 91  5 96 17  2  8 12  9 82 14 54  6 18 10 69 15 94  2 51  3 64  0 99 16 80  4 76
 9 70 12  1 10 24  2 67 19 49  8 94  6 37  5 34 11 24  7 38  3 84  1 63 13 91 17 89  0 85 14 31  4 16 18 67 16 29 15 97
16 31  4 52 19 93  6 20  0 58 13 62 15 56  3 92  2 27  9 23  8 23  5 78 18 81 10  7 14 38  1 54 17 18  7 54 12 46 11 90
 9 73  0 54 11 91  6 28 15 48 14 85  4 29 17 93  2 50 12 46  5 95 18 34  3 26 13 32  7 81  1 45 19 30 16 67  8 42 10 77
18 46  5 75 13 28 11  4  9 60 16 59  1 93  4 47  7 94  6 46 14 33  8 94  0  1 15 97 19 26 12 71  3 53 10 16 17 29  2 93
15 35 11 36 18 91  2 75 17 56  7 75  8  1  9 30  0 67  1 67  3 16  4 39  6 73 19 37 14  1 16 91 10 61 12 22  5  2 13 13
 7 78 17 39 11 92  6 15  4 14 16 56  3 46 15 11  0  1  1 14 13  1 14 51  9 54 10  7 19 84  8 18  5 92  2 96 18 55 12 60
19 34  5  5 14 66 16 18  1 82  9 79  6  2  0 51  2 36 12 55 17 61 13 66  4 90 11 51 10 23  8 19 15 53 18 35  7 48  3 36
16 99  5 82 12 16 19 40 10 98  0  7 11 62  8 31  1 83 14 88 17 39  4 45 13 45  2 33 18 42  7 24  9 46  3 87  6 12 15 37
 2 41  7 30  3  9 19 61 12 92 10  4 18 66  5 11 15 43 13 26  9 36 16 26  1 72 17 51 11 93  0 63  4 79 14 61  6 97  8 94
17 57 11 91  0 37 10 66  2 26  9 59  7 22 18 27 16 71  3 92  5 28 15 20  8 39 13 68  6 49  4  3 12 51  1 71 14 38 19 30
17 74  4 61 11 17 15 30  3 87  1 81 10 24  6 78  8 82 12 11 16 44  9 18 18  7  5 34 19 44 13 98  2 71  7  9 14 20  0 97
 1 76 17 63  0  6 14 42 12 90 16 80 18 83  8 13  3 38  5 48  2 92 15 81 13 74  7 99  4 87  9 78 11 48 10 70  6 67 19 64
 1 20 10 56  7 79 19 52  9 18 15 44 12 49  2 54 18 63 17 79  0 22 13 11  8 76 14 25  4 96  3 92 16 75  5 25 11 55  6 78
 2 20  0 92 14 75  6 52  7 12 15 34  4 73 18 58 13 21  9 90  8 88 11 99 19 96 17 27  1 14 16  9 12 45  5 89  3 25 10 63
 2 27 12  7 11 52  8 81  5 78 14  3 16 58  3  1  0 29 17 81  7 54  6 93 19 57  1  5 13 31 10 17  4 95 15 11 18 10  9 81
11 69  6  1 19  9  1 42  7  1 17 96  9  5  0 30 10 58  5 17 15 25 13 75  8 44  4 56 18 30 12 80  2 46 14 22 16  3  3 59
 0 61  3 42 10 43  9 62  7 35 19 46 11 16 16 73  1 95 18 50 12 45 15 71 17 66  6 37  8 40  4 97  2 58  5 42 13 83 14 83
10 95 19 81 11 69 16 85 14 61 12 92  3  3  1 15 13 25  2 41  5 31  7 96  0 59 17 67  6 10 18 88  9 87 15 31  4 85  8 26
10 84  0 26  2 66  7 88 13 67 15 83  4 76  3 57 19  3  6 77  8 51 17  2 18 85 14 36 12  3  5 44 16 68 11 94  1 86  9 81
 3 99 11 30 17 92  5 73 16  5  4 17  2 57 19 69  9 86 12 26 10 13 14 28  7 94 13 86  8 83 18 47  1 63  6 88  0  5 15 99
 8 87  7 68 15 83 14 17  9 52  5 62 12 17  3 70  2 41 10 67 18 89 11 37  6 30  4 89 16 56  0 40 19 62 13 60 17 63  1 88
19 51 15 39  4 87 13 72 14 88 10 13 12 31  3 24  5 72  0 82  9 38 16 90 18 56  6  5  2 81 11 38 17 95  8  4  1 38  7 49
 6  3  0  1  9 23 10 37  2 75 12 14 18 15 13 70  3 72  1 59  8 42  5 92  7  8 17 97 19 17 11 11 16 43 14 69  4 25 15 67
 2 84  6 21 12 95  1 91  5 77  8 24 19 76  4 47 14 93 18 81 15 29  9 71  7 96  0 36 16  7 10 97 13 75  3 10 17 30 11 12
 3 25  1 78 17 68 16 16  6 99 11 78  7 36 10 58  8 36 19 83 18 25  5 55  2 28  9 56  0 45 12 51 13 18 14 62  4 96 15 26
18 72 17 41  9 45  8 39  1 30 11 55 14  3 10 80 19  1  0 76  3 89  4 85  6 19  7 27  5 36 16 11  2 46 12  5 15 72 13 86
 0  5 11 65  4 57  6 81  5 50  9 56  7  9 10 42  8 69  1 58 12 79  3 43 18 35 15  8 13 37 17 10 16 31  2 98 14 37 19 72
 3 89  4 18 13 76 11 94 10 21 14 48  8 49  7 28 16 93 15 41  5  2 19 13  0 63  9 72  1 95 12 54 17 12  2  8  6 53 18  8
12 59  4 43  2 33 19 50  6  1 17 61 13  7  0 36 11 43 15 90  7 82  8 44 18 65  1  1  3 66 14 71 10 34  5 78 16 26  9  1
 0 39 13 64  2 41  4 71 10  3  9 48  1 94 15 28  7 96  8 38 19 59 16 16  6 18  3 22  5 39 11 90 17 58 12 82 14 26 18 75
 4 26 16 64  5 49  2 50  9  4 11 64  7 15 10 77 19 55  0 13 18 71 17 69 12  1 15  5 14 38  1 44 13 46  6 87  3 64  8 90
13 46  0 17  9 96  7 38  6 16 15 39  8  2 17 65  5 40 12 24  2 60 16 54 11 92 14 79  1 70 19 82 10  2  3 33  4 79 18 30
16 91  7 77  9 16  8  9  5 78 14 83  0 50 12 24  3 21 15 81 11  4  4 76 13  9  2 41  6 28 19 93 18 30  1 67 17 33 10  1
 8 99 12 48  5 34 14 19  4 55 13 92  9 55  6 23  2 76  1 86  7 81 17 37  3 17 16 49  0 86 15 73 18 65 19  7 10 92 11 17
17 98 14 38  5 14  3 79 16 28 12  9  0  9  4 91 10 57 19 13 15 92  9 95 11 29  2 67  6  6  7 65 13 16  8 55 18 46  1 84
 9 18  6 78 12 72 10 82  8 51  5 72 15 40  2 28 18 84 11  5 19 39  3 30 16 19 14 96 17 80  4 81  7 49  0 39  1 54 13 33
 6 37  4 34  3 78 11 47 12 10  1 12  0 30 15 59 17 10  8 37 13  7  5  7 14 92  2 60  7 97  9 15 19 16 10 85 16 49 18 61