15 15
 6 94  44 12 66  43  4 10 103  7 53  47  3 26 67  2 15 88 10 65 39 11 82  40  8 10  92 14 27 109  9 93 26 13 92  6  5 96 19  0 70 52  1 83 35
 4 74  37  5 31  84  7 88  17 14 51  64 13 57 77  8 78 35 11  8 57  9  7  98  6 91  30 10 79  20  0 18 85  3 51 57 12 18 83  1 99 26  2 33 84
 1  4 104  8 82  24  9 40  89 12 86  19  6 50 44 11 54 40 13 21 77  5  6  88  0 54  75  2 68  32  7 82 46 10 20 86  4 39 68  3 35 49 14 68 19
 5 73  32  2 23  80  9 30  62  6 30  75 10 53 32  0 94  7 13 58 32  4 93   9  7 32  63 14 91   3 11 30 78  8 56 68 12 27 76  1 92  6  3  9 96
 7 78  23  8 23  86  6 21  99 10 60  42  4 36 70  9 29 61  2 95  3 14 99  33 12 79  21  5 76  44  1 93 26 13 42 46 11 52 36  0 42 55  3 96  7
 5 29  76  3 61  36 12 88  21 13 70  62 11 16 63  4 31 85 14 65  4  7 83  49  2 78  31  1 26 104 10 50 45  0 87 38  9 62 45  6 14 97  8 30 49
12 18 112  3 75  27  7 20  98  8  4 104 14 91 14  6 68 58  1 19 58 11 54  41  4 85  16  5 73  12  2 43 62 10 24 80  0 37 68 13 87  7  9 66 43
11 32  76  5 52  64  0  9 101  7 49  28 12 61 25 13 35 58 14 99 14  1 62  85  2  6 109  8 62  40  4  7 99  3 80 32  9  3 94  6 57 40 10  7 78
10 85  14 11 30  73  6 96  45 14 91  15  0 13 87  1 87 27  2 82 14  5 83   3 12 78  28  4 56  63  8 85 18  7  8 99  9 66 37 13 88 26  3 15 93
 6  5  96 11 59  47  9 30  66  2 60  38  8 41 59  0 17 84 13 66 46  3 89  18 10 78  38  7 88  10  1 69 32 12 45 36 14 82 47  4  6 98  5 13 95
 4 90  24  7 27  50 13  1 121  0  8  94  5 91  5 12 80 24  6 89  6  8 49  27 14 32  56 10 28  95  3 90 21  1 93 12 11  6 71  9 35 58  2 73 19
 2 47  46 14 43 103  0 75  38 12  8  96  6 51 68 10  3 84  7 84 27  5 34 102  8 28  67  9 60  67 13 69 44  1 45 68  3 67 38 11 58 53  4 87 11
 5 65  26  8 62  37 10 97  15  2 20  86  3 31 74  6 33 58  9 33 83  0 77  21 13 50  47  4 80  56  1 48 63 11 90  8 12 75 14  7 96  6 14 44 42
 8 28 112 14 21 125  4 51  54 13 75   8  5 17 79  6 89 16  9 59 17  1 56  42 12 63  10  7 18  84 11 17 73 10 30 83  3 16 67  2  7 83  0 35 94
10 57  43  8 16 104 12 42  50  6 34  46  4 37 51  1 26 87 13 68 45 14 73  36 11  5  92  0  8  78  7 12 59  3 87 50  2 83 12  9 20 81  5 97 11