15 15
 9 86 42 14 60 28  4 10 97 13 59  63 10 65 17  3 94 27  7 71  14  8 25  87  0 98 16  5 49  69  1 43 47  2  8 121 12 90  20  6 21  67 11 73 27
10 68 17  8 28 92 11 38 69 14 36  83  3 93 12 13 35 35  9 37  38  7 28  79  4 62 43  2 86  16  6 65 23  1 11  88  5 20  96 12 82  29  0 23 84
 7 33 65  0 67 28  6 96  4  5 91   3 14 83  8 13 81  8  2 60  35 11 88  22  4 20 72 12 62  22  1 22 73  9 79  16  3 38  50 10 40  63  8 82  2
 9 13 99 11 14 90 14 73 57  0 88   7  1 24 76  8 16 95  5 78  31 10 70  42 12 53 17  4 68  46 13 73 16  3 90  18  6 58  38  7  7  87  2  4 80
11 93 15  4 52 28 13 63 62  3 13  94  8 19 67  1 41 30 10 71  32 12 59  41  2 19 73 14 60  17  6 85 15  7 99   4  0 73  43  9 95   5  5 19 60
 5 62 39  2 60 38  1 93 10 10 16  67  0 10 79  4 72 19  8 88  20 14 69  38  6 58 35  3 41  58  9 46 67  7 63  31 11 76  43 12 83  24 13 62 17
 5 50 16 10 68 20 13 90  0  0 34 107  9 44 55  8  5 89  1  8  95 11 25  83 14 70 31  7 53  58 12 78 55  2 92  13  6 62   9  4 85   8  3 70 18
12 60 81  0 64 33  9 92  9  3 44  76 13 63 42  6 91  2  5 21  68  7  1  85  2 96  5 14 19  84 11 59 29  8 12  91 10 41  33  1 11 107  4 94  1
11 93 14 10 46 65  5 51 82 13 37  33  1 91 13  9 90 10  8 63  39  7 40  80  3 68 46  6 13 117  0 16 64  2 83  14 14 49  54 12 24  92  4 23 90
 2  5 98 14 35 49  3 21 54 10 14  74  6 66 41  1  3 76  0  6 114 13 98   6 11 63 50  4 64  39  5 76 49  8 94  11  7 17  98 12 62  49  9 37 58
11 35 67 14 42 53 13 62 49  5 68  30  4 73 21  9 27 62  1 52  63  6 39  63 12 41 32  0 25  71  2  9 90  8 34  88 10 50  51  3 41  62  7 98  5
12 23 70  3 32 50 10 35 70  8 10  72  4 29 42  7 68 18 13 20  97 11  8  72 14 58 32  1 62  36  2 39 75  0 32  59  5  8  83  6 33 100  9 91  7
 8 28 80 13 31 93  5  3 90  0 28  89 11 66 32  9 59 50  4 24  89 12 45  79  1 81 21 10  8  90  6 44 44  2 42  51  7  2 110 14 23  59  3 53 42
 2 11 66  5 93 23  4 27 64  3 59  46  9 62 23  1 23 89 11 23  76 13  7 106  7 77 27  6 64  15 10 60 60 14 97  10  0 36  73  8 53  37 12 72 15
 1 36 61 10 98 16  4 38 48  2 24  75  0 84 40  7 47 42  6 72  29  9  1  97 11 91 26 12 85  14  5 68 41 14 42  71  3 20  87 13 30  85  8 30 54