15 15
 7 69  26 11 81   7  8 81   3  3 62 30 12 80  43  1  3 116 13 38  46  0 62 53 14 54 64  6 66  40  9 88  20  4 82  20  2  3  90 10 12 78  5 88  23
12 83  29  1 51  45 11 47  47  9 15 82  6 89   2  3 76  18  2 52  60  4 18 83  5 22 94  8 85  10 13 26  67 14 30  78 10  5 117  0 89  2  7 22  69
 1 62  50  2 47  33  9 93   3  0 54 34  3 38  38  5 78   9  8 71  49  4 96  1 14 19 80 10 33  83 12 44  82 13 71  28  7 90   8  6  9 95 11 21  70
13 33  75 10 82  15  6 80   8  2 30 72 14 96  11  7 31  84  4 11  67 11 26 85  0 41 69  5 55  55  9 12 109  3 10 102  8 92  16  1  3 95 12 75  47
 1 36  75  8 49  41  4 10  56 14 43 67  6 69  33  5 72  37  3 19  80  2 65 36  9 37 47 10 57  38 13 32  73  7 11 104 11 73  24  0 89 37 12 12 105
 5 83  27 14 32  53  2  6 104 12 13 93 10 87  42  1 94   1 11 36  72  4 76 35  6 46 45  9 30  72  0 56  57 13 62  13  8 32  50  3 52 51  7 72  41
 5 29  80  2 78  16  0 21  77  1 27 76  8 17  55 14 43  64 11 14 104 10 15 68  7 16 91  9 49  61  6 72  39 12 19 106  4 99  13 13 38 44  3 64  32
 4 12  95  7 74  32 10  4 104  1  3 95  9 15  90  8 62  23  2 50  40 14 38 77 11 49 41  3 25  86  5 18  82  6 55  51 13  5  96 12 71 11  0 27  73
14 69  47 11 13  73  0 33  46  9 47 35 10 86  18  5 31  78  3 97  31 12 48 63  8 25 70 13 40  82  6 94   0  1 22  86  7 61  31  2 59 47  4 16  69
 9 27  82  0  4 113  3 35  85 10 80  2 12 49  79 13 46  61  5 84   6  1 46 34  6 96 16 14 72  23  8 18  90 11 23  82  2 96  16  7 74 30  4 23  95
 7 36  55  2 17  73  1 81  44 12 67 54  3 47  46 14  5  94  4 51  36  6 23 44  5 82 15  9 35  66  8 96  16 13  7 100 10 54  39  0 92  1 11 38  46
 0 78   4  8 58  55 14 62  46 12 43 27  9  1 110  5 56  39  6 76  13 10 49 48  7 80 32 11 26  56  3 79  10  4  9  91  1 24  74 13 24 88  2 42  56
 8 38  45 12 86  21 10 38  58 11 38 43 14 83   3  3 36  88  6 11  78  1 17 92  4 99 14  5 14 111  0 57  57  9 64  37 13 58  22  2 96  8  7 17  68
13 10 104  2 86   3 11 93   8  0 63 30 14 61   8 10 62  66  3 75  43  1 90 17 12 40 54  4 77  23  5  8  84  6 27  88  7 96  12  9 69 34  8 64  42
 1 73  13 13 12  98  0 14  66 11 71 47  2  3 109 10 47  31  4 84  35  8 84  9  3 53 38  5 58  46  7 95  16  6 87  38  9 90   4 12 68 39 14 75  33