15 15
 3 72  20  7 51  39  6 42  68 14 31 56  9 61 42  8 46 44  5 88   7  4 33 77 10 27  48  1 85 26  0 70 38 12 56  58 11 70  22  2 50 60 13 25  59
 1 19  77 11 79  30  0 79  17  5 47 70  8 40 24 13 67 28  3 43  77 10 65 28  9 84   6  2 61 37 12 30 50  6 56  45  4 19  72  7 91 14 14 68   9
 7 94   9  3  7  77  8  2  93 11 95 25  0 60 39  4 82 16  9 76  49 13 36 73  1  8  84 10 85  2  6  7 91  5 44  54 14  2 106 12 72  2  2 91  16
 6 58  59 11 67  41  5 84  18 13 34 35  3 19 80  2 19 85  1 94   9  4 41 61  9 98  27 12 96  1  8 25 68  0 40  46 14 74  16  7 88  7 10 74  27
 1 45  47 11 60  30  6  8 100  5 29 84  8 32 61  7 42 74 12 25  61  9  4 87  2 71  17 14 79 11 13 93  1  3 28  72  0 30  60  4 17 89 10 43  48
11 84  16  2 56  57 12 46  75  1 93 13 14 66 19  0 84  9  6 40  74  9  4 96  3 15  73 13 15 86  7 54 68 10 39  62  4 77  37  5 55 50  8 31  55
14 65   9  7 91  10 11 17  95  0 47 29 12 77 23  8 68 45  9 62  35 10 22 68  3 72  16 13 47 38  4 38 68  1  7 102  2 11 106  6 22 71  5 63  54
 7 12  76  4 21  82 13 60  19  5 42 22 14 22 63 11 84  1  2 60  57 12 52 34  6 25  67  1 53 24  0 53 43 10 56  42  9 29  51  3 83 26  8 32  43
 7 48  50  4 28  79 14 70  12 10 26 70  3 68 15  0  4 94 13 19  76  8 92  6  1 24  41  2 54 35  6 57 73 12 47  60 11 84  41  9 85  9  5 95   7
 2 36  70 12 34  65 10 65  49  3 64 40  6 30 71  5 41 44 14 53  27  9 74 22 13 44  38  4 13 52  0 41 54 11  6  89  7 32  64  8 94  2  1 37  51
11 62  37  9  9  99  3 89  13  7 37 53  6 28 82  4 23 56  0 13  83  2 60 37  5 46  61  1 94 10 10 85 21  8 72  35 13 18  68 12 79 14 14 11  94
 0 74  34  4 61  46  1 43  35  9 26 54  2 97  3 11 62 25 13 40  52 10 60 29  7 62  39  6 78  2  8 42 58 12  8  83 14 21  83  3 11 70  5 70   2
 6  9 116  0 22  83  4  9  94 10  8 95  2 54 46 14 32 81  9 92  10 13 76 36 11  2  90 12 63 43  1 63 30  8 98  14  5 42  48  3 12 92  7 41  76
 5 67  24 10  7 100 13 91  34  2 52 40  7 87  9  4  4 88  8  1 119  6 56 31  9 82  23  0 47 71 12 35 55 11  8  87  1 92   1 14 39 66  3 11 108
11 44  42  2 24  62  0 24  88  4 14 77 14 34 67  5 57 69  9 30  77 10 64 21  6  4 110 12 14 99  8 69 17  1 95  24  7 22  68  3 60 23 13 61  26