15 15
12 40  65  1 96   2  4 59  32  9 95   2 13 76  11  0 75  49 11 23 101  8 65  51  3 65 14  5 16  57  6 71 40 14 52 57 10 84   7  2 99   8  7 24 106
 5  2 101  1 88  14 14 99  15 10 52  32 13 68  21  9 13  79  6 38  67 12 35  42  8 57 63  2 37  69  7 93  5  0 38 40  3 68  11  4 94  12 11 71  32
 6 87   9  3 46  56 10 14  80  7 87   6 13 30  55  4 79   3  5 62  73  9 37  92  8 54 33  2  1  90  0 97 14  1 16 88 11  2  89 14 51  26 12 96  27
10 19  74  7 15  90  5 42  62  0  8  85  9 72  26 13 15  77  2 76  14  8 25 106  1 78 45 14 84  27 11 62 29  3 70 31 12 81  15  6 16  68  4 97   1
 6 68  40 12 71  12 14  3 106  1 68  46  7 91   7  5 37  40 11 73  29  0 21  89  2 85 18  3 79  24  8 51 39 13 50 65  4 21  75  9 30  64 10 64  37
 4 14  72  7  1 103  6 29  71  0 72   8  8  6  93 13 31 111 12 98   4 14 50  61  3 83 11  2  2 108  5 86 12  9 33 61 10 33  61  1 98  18 11 59  51
10 21  87 11 80  29  6 99   4  9 70  41  0 80  20  2 71  45  1 47  65  8 96  10 12 56 44  7 78  26  5 53 29  3 10 84 13 92   6 14  1 106  4 33  60
 3 29  59 10 85  21  5 89  23  6 10  77  8 30  73  4 38  43  0 38  72 14 48  52  2 16 84  7 65  14  9 90  9 11 73 19 12 88  10  1 46  81 13 47  52
 1 37  64  2  9  96  6 49  37  7 23  88 10  1  93 12 78  11 14 39  68  8 15  54  0  9 94  3 41  68 13 35 67  5 83 50  4  8 125  9 61  30 11 60  44
12  1 101  7 73  25  6 47  42 14 46  69  3 10  75  4 37  76  0 60  35 13 84  14 10 26 84  8 11  81 11 37 59  9 79 40  5 75   7  2 49  56  1 51  45
 4 22  79  3 49  71  8 33  82 14  2 103  2 24 107 13  3 101  5 73  39  6 68  10 10 21 76 12 61  56  7 69 14 11 94  3  1 43  44  9 39  84  0 48  43
 6 81   8 12 46  51  7 21  84  5 23  62  2 86   2  4 19  57 13 64  21 11 52  21  8 22 80  0 50  42 10 11 97  3 73 34  1 77  22  9 16  72 14 75  46
12 21  81 13 80  11  8 30  75  7 32  68  1 22  96  6 23  89  0 85   2  5 92  23  9 14 69 10 13  85  4 68 35  2 60 31 14 45  99  3 32  66 11 90  27
12 29  61  1 95  22  4 52  61  8 59  43  6 33  59 10 12  71  7 73   8  3 96   1  0 75 24  5 12  80 13 83 25  2  3 99  9 90  23 14 57  55 11  6 102
 7 94  12  5 18  75  0 54  33 10 42  63  2 70  12  3 29  88  9 43  70  6 50  57 11 75 31  8 70  30  1 40 76  4 48 36 14  1  87 12 27  64 13 12  99