15 15
 7 96  22 12 23 109  5 71  57  8 26 86  3 28  62 14 16  71 13 27 54  9 71 24  0 18  79  1 57  36  4 43  82  2  5 95  6 12 103 11 91 13 10 63  11
 8 32  73  0 81  11  5 95   5 13 79 62  6 55  40  1 45  33  4 60 63  2 73  3  3 23  77 11 44  62 10 92   1 12 20 96  9  5  87 14 72 41  7 73  35
 6 63  16  8 93  11  7 63  65  1 79 24  9 10  84  5 66  57 12 27 83  4 93  8  0 24 102  2 26  83 14  8  99 11 69  7  3 29  69 13 66 18 10 97  29
12 80  31  0 87   4 14 68  39  7 23 69 13 54  59  1 16  91  6 68 29  8 32 55 11 74  21  2  3 105  3  2 117  9 71 28  5  4 112 10 67  9  4 28  89
 8 46  67  2 96   5 12 11  78 11 41 64 10 93   0  9  2 136  4 98  5  3 10 95 14 43  38  5 65  18  0 27  67  7 57 53  6 75   3 13 87 14  1 81  11
13  5 111  8 91   9  6 92  21 11 87 16 14 66  28  9 36  32 12 67 48  7 88  8  0 92   6  1 27  66 10 13  84  2  7 98  5 95  18  3 66 24  4 13  74
 4 90   3  1 33  70  2 78  35 13 76 41  7 93   2  6 67  33  0 82 24  8 94  9 12 12  98 14  5  96 10 85  20  9 42 45  5  4 126  3  2 86 11 70  29
 4 79  52 10 24  63 14 41  51  3 83 26  6 45  58 13 29  94 11  3 97  9 42 83  0  5  90  5 44  55  1 83  28 12 59 45  8 60  65  7 78  5  2 44  77
 7 19  87  1 55  27  5 20  65  4 74 18 14 66  45  8 37  79  0 55 53  9 63 28 12 40  78  3 73  25 10 55  56  2 84  8 13 54  29 11 62 43  6  6 117
 3 27  89  6 59  41 13  6 101  4 90  0  5  6 113 10 37  65  2 64 41  8 35 86 12 25  66 11 59  58  9 77   3  7 30 81 14  1 114  1  7 86  0 70  27
 1  4  91  4 53  43  7  6 103  2 10 72 14 51  41 10 89  22 12 38 77 13 38 74  6 35  42  5 44  72  9 99   8  0 88 22  3 52  37  8 16 87 11 99   8
 0 28  81  7 11  85 14 76  16 13 51 53  8 35  68  3 60  30  6 44 50  9 39 52  5 66  56 12 49  25 10 40  58  4 34 46  1 80  40  2 38 90 11 29  75
14 31  58 10 32  62  0 40  91  8 25 50 12 40  49 13 85  22  4 39 56 11 61 83  1 15  71  3 41  73  6 93   8  5 64 32  2 16  73  9 81 31  7 97  16
13  9  97  4 21  65  8  8  94  6 55 74  5 79  27  2 76  27  9 79 39  0 61 39 11 68  51 12 99   6  1 24  76  3 23 59 14 92   6  7 91 33 10 22  72
14 80  36  2 30  96  6 67  27  4 58 61  3 45  81 11 29  61  1 48 60  5 28 73  7 64  46  0 63  32  8 80   7 10 23 82  9 93   3 12 55 36 13 48  56