15 15
13 52  47 12 19 72  7  6 100  0 20  49  5  1  92 11 26 61  9 90  35 10 44 61  1 27 73  2 18  88  3 51  64 14 80 44  4 10  95  6 51  29  8 41  62
 2 44  71  1 85 30  8  2 111 14 78  19 13 86  33  0 88 34  5 61  19 11 20 86  9 56 83 12 12 102 10 69  51  7 34 81  3 55  68  4 34  28  6 84   2
 0 62  14  3 72 32  1 74   2  7 63  44  4 95  22  8 29 91 14 24  84  5 34 78  6 89  2  2 83   6 13 90  19 12 26 72  9 98  10 10 65  15 11 31  83
 9 10  96 11 15 80  0 93  23  7 79  28 12 77  26 14 61 44  6  1 129  1 48 50 13 22 88 10 27  69  4 21 103  5 17 71  3 45  38  2 96   1  8 11  94
 8 83  13 13 52 40  5 70  50 10 78  42  9  7  87 14 28 50 12 97   2  2 52 46  3 29 75  0 81   1  6 60  60 11 91  3  7 80  10  4 54  71  1 35  43
12  3 104 13 31 63 14 98   8  9 97  13  5 77  50  1 39 67  6 41  76  7 10 99  0  9 96  3 93  17  8  7 120 10 49 42  4 20 104 11 45  61  2 59  24
 9 28  85  0 93  3  5  4 117  4 51  33 12 67  25 14  5 79  6 18 115  1 52 54  3 47 77  8 21  94 13 49  58 11 63 50  2 96   3 10 85  21  7 90  33
12 25  75  1 82 46  9 58  45 14 15  81  6 67  40 10 50 56  2 66  23  7 92  2  4 56 46 11 82  27 13 57  61  5 16 81  3 34  67  8 99  14  0 61  39
 6 82  41  5 31 59 12 22  84  4 16 117  1 87  22 14 48 42  9 59  22  0 63 65  7 29 96  8 99  24 10 48  55 13 36 87  2 91  20 11 61  41  3 59  46
 8 28  72  3 25 76  5 69  40  4 65  67  1 62  49 10 57 38  7 97   5  9 31 69 13 15 66  2 25  70  0 83  17 11 98 19  6 55  65 12 66  48 14 31  72
 4 20  83  2 99  6  1 13  88  0 88   7 14 25  72 10 75 40  9 90  10  6 84  8 11 70 26 12 41  59  3 17  90  8 54 58  7 63  40 13  1 102  5 95   1
 8 59  22  3 22 67 13 46  71 14 10  77  2  1 102 11 21 83  5  3 116  4 84 42  9 93  7 12 59  44 10 78  34  7 73 12  1 59  41  0 42  57  6 63  57
 7 72  43  1 80 56 10 12  77  4 56  40  0 22  70  8  8 81 12 93   5  6 27 68 13 17 79  2 38  68  3 26 106  9 51 69 11 43  64 14 80  51  5 94   5
 8 72  13 11 78 41  3 29  65  7 90   1  1 46  80 12 46 44  6 43  67  4 75 35 10 90 18 13 29  93  2  8  86  5 92  2 14 16  57  9 62  31  0  6 102
 5 89  23 13 44 61 14 41  72  6 32  73  9 10 111 11 85  8  7 16  85  2 23 80 12 91 11  8 46  28  3 35 109  4 17 84 10 93   4  1 45  53  0 93  11