15 15
 3 83  44  6  1  98  7 96 15 13 54  17  4 30  57  1 80   6 12 81  34 10  9  97  8 49  66 14 32 55  0 19  73  9 92  16  5 65  39  2 88 23 11 64  48
 2  4 107 12 68  36  1 79 23 13 21  83  3 84   3  4 92  13  8 66  22 14 51  72  0 83  60 10 96  4  7 68  41  5 38  74  9 38  69 11 99  6  6 76   8
 8 46  62 14 57  35  3 66 39  0 75  20 10 88  28  5 58  37  9 56  69 13 35  60  2 59  38 11 82  8  6 24  62  4 96   7  7 24  58  1 55 54 12 80  22
 5 34  49 13 69  42 11 53 63  4 98   2 14  8  67  2 81  16  9 81  19  8 38  56 10 39  98  3  3 90  6 59  48  7 81   1  1 30  66  0 76 42 12 71  45
13 85   5  5 80  52  2 36 67 14 57  57  1 96  17  8 34  64  4 14 109  3  3 104 11 90  27  6 99 36  7  9  86 12 42  34  9 95   7  0 27 81 10 27  69
14 28  75 11 11  75  2 66 40  5  2 101  8 35  83 10 69  24  0 61  10  4 84  19  9 73  54  7 56 58 13 98   4  3 81  19  1 72  32  6 92  7 12 23  64
 8 21  92 12  5 104  5 95  2 10  5  98  7 22  88 11 16  73  2 77  33 13 85  28  0 76  18 14 46 37  6 36  65  9 89   8  1 99   9  4 44 56  3 37  64
 9 49  53  7 80  19 12 61 51  3 87   0  6 41  77  2  6 105 10 83  14 13 79  40  1 44  27  8 83  7 14  9  67  4 84  30  0 99  10  5 38 71 11 68  32
 0 77  29  4 51  77  5 68 34  1 69  16 11  6  97  7 26  57  6 99  23  2  6  89 14 34  63 13 27 84  8 51  59  9 82  15  3  5  97 10 90 42 12  1 102
 8 85   7 11 64  33  7 55 45  1 76   3 14 89  27 13 68  26 12 34  48  4 14  88  6 52  54  9 33 81 10 91  17  0  4  93  5 18 107  2 95 20  3 76  42
12 40  46  4  8 102  5 36 63 13  5  99  6  1  89  0 51  38  1 33  97  7 80  27  9 90   8  8 75 30 11 47  60 10 65  48 14 42  82  2 16 80  3 11  83
 3 38  63 14 83  12  4 48 52 13 74  53  5 15  78  9 10 110  8 89  13  0 41  40  7 97  40 12 97  7  6 16  77  1 47  61 10 21  68 11 95  1  2 20  85
10 89  33  8 22  88  4 11 87  1 15  87  2 37  25  0 65  41  7 28  43 14 39  66 12 88  43 13 14 85  9 28  96  6  6  69  3 24  51 11  4 97  5 23  56
 6 14 106  2 66  47  0  4 98 14 58   4  1  7 111  4  6  91 12  5  60  3 48  76 10 54  47  7 59 54  8  2 107  9  1 117  5  4 114 13 82 23 11 75   2
10 24  73  2 66  47  9  4 89 13 20  70  5 79  36  0 50  54  6 23  99  7 15  95  1 14 101 14 91  3 11 86   5  4 96  20 12 63  35  3 16 87  8  3  96