15 15
 8 35  81  2 78   8  7 79  32 14 65 27 12 53  20  0 14 94  4 93   6  3 70  40 13 14  64  5 90  15  9 95   7 10 49 27  6 36  54  1 85  40 11  1 91
 2 83  26  8 41  61  6 22  84  4 29 73 11 52  47  0 71 31  9 16  89  7 93  11  5 54  81  3 63  45  1 12  85 10 85  6 13 62  25 14 45  74 12 30 69
 5 60  36 11 43  71  8 71  14 14  2 81 12 50  45  1 37 73  4 86  22  9 81   1 10 60  29  6 57  19 13 66  48  0 24 98  2 98   3  3 92  19  7 69 10
 9 14 105 13 59  49  8 35  89  6  6 96 12 25  83  5 57 61 10  1 101  2 44  47  1 94  16  0 30  62 14 95   4 11 93  7  3 51  65  4 52  31  7 16 87
 8 96  12 10 39  71  3 75  26 13 98 33 14  2 109  5 38 53  4 69   3  0 32  77 12 95  47 11 63   8  9  4 111  6 11 87  2 50  34  1 95   7  7 78 38
 7 73  14  2 28  75  9 43  53  5 47 72 10 57  53  4 88 33  3 33  67  1 13  78 11  7 105  8 49  44  6 23  77 14 38 60 13 21  69  0 99   1 12 72 46
 2  3  90 10 80   3  1 67  52 12 93 45 14 91  36  3 31 65  0 52  40  4 64  35  9 83  25  5  2 109 11 90  19 13 64 66  7 16  79  8 18 101  6 25 71
13 23  90  6 30  77 11 22  87 12 54 51  8 68  18  7 63 70 14 89  19  5 95   0  3  5  67  4 37  54  0  5  72 10 42 89  2 17  88  1 54  10  9 46 81
 8 44  34  4 59  58  6 87  19  7 62 48  0 51  41 11 55 22 13  3  92 12 40  52  2 26  71  3 18  85 10 15  85  1 18 99  5 72  33 14 35  80  9 60 33
 2 27  74  6 14 100 12 77  17  9 24 78  8 55  55 11 67 29  1 59  55  3 19  55 13 29  85  4 33  58 10 88  12  5 30 97  0 91   7  7 11  90 14 11 90
 0 67  59  9 94  26  4 50  36  8  2 88 10 83  37  2 19 84 11 29  52 12 37  62 14 58  54  6 32  85  3 38  58  7 99 39  5 88   3  1 49  58 13 70 28
 8 60  34  1  7  84 12 81  20  5 82 14  7 58  54 10 83  4  9 16  84  4  1 115 11 69  17  6  7  92 13  3  81  2 84 17 14  8 101  0 12 118  3 93 16
13 92  14 14 81  40  2  4 113  9 78 25  7  9 113  8 78  7 12 75  20  4  5  82 10 50  46  6  8 125  1 44  68  0  4 93  5 60  22 11 94   2  3 74 41
 1 32  61  0 88  31 12 31  66  2 68 31 13 31  54  8 10 82  3 45  75 14 75  40  4 82  18  7 51  63  6 55  33  9 99  4 11 44  47 10 84  28  5 22 82
 3 12  97 13 35  81  2 64  32  5 17 96  9 42  44  6 46 43  7 65  16  4 74  53  8 96  11  0 28  91 12 86  19 10 95 18 14 93   2  1 67  48 11 56 41