20 15
 3 25 65 11 75  47 14 75 21  1 76   6 10 38 63  2 62 60  4 38  53  7 59 41  0 14  73 12 13  82  5 46  54  9 31 57  6 57  34 13 92 28  8  3  92
 5 67 24  0  5  97  3 11 92  8 11  87  4 40 79  1 34 57 12 77  37 14 42 50  6 35  45  7 96  10 10 22  87  2 55 19  9 21  47 13 29 68 11 16  78
 2 22 67  3 98  15 14  8 91  0 35  47  9 59 54 12 31 80  5 13  86  4 46 45  7 52  39 10 22  89  8 18 106 11 19 74 13 64  34  1 29 50  6 70  24
 8 99  4 10 42  26  1  2 98 13 35  63  3 11 78  4 92 12 14 88   5  9 97 10  2 21  92  5 56  35 11 17  74  7 43 68  0 27  71  6 19 54 12 23  59
14 50 44  8  5 111  1 59 33  2 71  27 10 47 62  9 39 72 12 82  21  4 35 88  6 12  89  5  2 113  0 39  46 13 42 51  3 52  29 11 65 60  7 35  56
 3 48 60 10 57  29  1  5 94  5  2  84  6 60 48  0 64 30  8 86  18  7  3 77 11 51  55 13 26  55  2 34  26 14 39 43 12 45  26  9 63 51  4 54  57
 2 40 63 10 43  67  1 50 59 12 71  52  8 46 52  0 99 31  7 67  15  6 34 57 14  6  96 13 95  13  4 67  46  3 54 33  5 29  90  9 30 65 11 60  23
 1 59 31  0  3  84  2 85  3  4  6 117  7 46 19 13 49 43 11  5 102  3 82 20 12 18  94  5 71  54  6 48  34 14 79 18  9 62  42  8 65 38 10 76  24
 4 65 35  5 55  37  9 81 21 10 15  59  7 32 70  6 52 38  2 97   9  1 69 32 12 82  13  3 89  24 13 69   4  0 87 25  8 22 102 14 71 28 11 63  19
 1 70 32  4 74   7  3 52 34 10 94   5 14 14 86  0 81 36  6 24  60 13 14 69 11 32  50  8 39  31  5 67  23 12 59 44  7 18  93  9 77 42  2 50  17
 3 18 86 10  6 103  1 96  7  0 53  39  9 35 42  8 99 11 14 39  70  6 18 89  4 14 102  7 90   8  2 64  34 12 81 23  5 89  20 11 48 39 13 80  28
 2 44 41  7 75  22  6 12 95  8 13  83  3 74 17  5 59 52 14 71  28  4 75  3  1 30  77  0 93  19  9 26  84 10 30 86 13 84  30 11 91 13 12 93   8
 0 39 61  7 56  32 14 13 87  8 29  65 12 55 29 10 69 40  9 26  71  3  7 84  6 55  30  1 48  37  4 22  93  2 46 59 11 50  54 13 96 10  5 17 101
12 57 24  3 14  80  9  8 88  4 13  62  1 95  0  0 53 32 10 78   9  6 24 77  5 92  21  2 90  12 14 68  27 13 87 18  7 43  16  8 75 24 11 94  22
 3 93 23 14 92  23  6 18 85  5 28  85 13 27 52  9 40 50  1 56  58  0 83 18 12 51  55  7 15  70  2 97   9  4 48 39 10 53  64  8 78 34 11 39  71
 5 47 35 14 34  71  6 42 75 12 28  74  8 11 87  2 11 84  4 30  79  9 14 79 11 10  89 13  4 101  3 20  77  1 92  4  7 19  76  0 59 22 10 28  52
 3 69 14  7 82  41 10 64 31 14 40  57  0 27 41  8 82 17  1 27  79 11 43 43  5 56  31 13 17  84  4 18  77 12 20 46  6 98   4  9 43 54  2 68  25
10 84  0  8 26  84  2 87 11 11 61  48 13 95  6  6 23 85 14 88   6  3 89  4  9 49  58  7 84  31  4 12  79  5 51 50 12  3  90  0 44 43  1 20  70
 3 43 72  2 54  45 12 18 90 13 72  35  1 70 19  6 28 65 14 20  71  5 22 83  4 59  53  8 36  41  9 85  13 11 13 86  0 73   8 10 29 70  7 45  58
11  7 95 14 97   3  5  4 85  6 22  63 10 74 19  9 45 42 13 62  18  1 95  6  4 66  14  8 14  94  0 40  63  3 23 60 12 79  14  2 34 56  7  8  73