20 15
 2 55 65  5 66  34  1 48  52  8 59  26  3  8 112  4 21  70 14 64  39  7  7 101 10 80  16 13  5 107 11 59  42  9  8 104 12 91  20  6 11  87  0 81 36
14 86 14  8 76  30 12 40  72  4 76  54 11  9  78  3 23  72  6 80  30  9 51  43  0 46  60 10 48  65  1 68  32 13 51  66  2 15  81  7  5 125  5 82 19
 7 84 32 12 97   5  1 26  96  8 70  18  2 33  51 10 31 102  3 20  93 11 39  62 13 42  63 14 33  70  5 70   3  6 84  27  0 23 112  9 54  50  4 55 75
 1 60 22  8 82  35  5 14  75 11 36  70  7 22  89  6 21  91  3  3  98  2 11 105  4 82  31  9 92  14 12 52  37 13 85  28  0 77  32 14  3  89 10 89 15
 8 83 45  4 33  72 12 15  79  1 36  85  3 96  27 14 99   4  2 81  20  9 24  91 13 59  46  6 89   0  5 11  67 10 13  90 11 26  77  7 91  32  0 87 20
 2 51 76 14 20  86 10 89  18  7 99  17  3 95   2  0 41  78  1  7 114 13 67  37  9 77   6  6 45  59 11 74  12 12 91  41  4 87   7  5  1 100  8 55 53
 0 35 62  4 71  53 13 47  55  1 34  63  8 77  21 10 68  26 11 85  17  6 27  73  9  2 117  2 99  16  5  9  88 12 18  81  7 28  98  3 33  93 14 92  2
12 76 23  2 58  50 11 37  66  9 28  89  8 80  29 10 96  28 13 97   9  4 92   1  5 84  14 14 68  34  6  1  93  3 86  29  1 33  75  7 66  24  0 20 94
 7 17 75  3 11 117  4 18  77  5 90  11 13 57  40  0 95   0 11 17  87 10 33  87  9 61  36  1 49  89  8 36  64  6 38  79 12 62  43 14 73   6  2 25 82
 7 82 26 14 84   1 12 87   6  6 44  53  5 96  20  9 64  56 10 68  29  0 57  30  3 65  36  4 89  36  2 42  68  1 77  33  8 43  61 13 76  22 11 38 56
 0 54 48  9 66  37 13  8 114  7 48  55  6 84  17  3 15  84 11 93  12  8 94  13 10 57  40  4 16 107  2 64  45  1 13  65 14 62  49 12 63  39  5 53 36
14 21 91 10 70  24  3 42  74 12 29  67  5 83   4  7  5  95  4 16  75  6 76  52  1 67  20  2 46  47  0 67  48 13 83  44  9 46  74 11 29  88  8 26 80
11 96  7 10 42  65  5 49  67  1 54  71  3 58  60 13  8 107  9 41  72  7 14 102  8 35  57 14  9 116  0 74  36  2 16  92  6 50  47 12 69  23  4 45 60
 7 69 27  6 90  13 13 17  79 10 18 100  3 45  65  1 48  81  5 31 100 11 29  94  4 27  81  8 85  18  0 71  35 12 92   7  9 20  77  2 11 124 14 86 23
 2 41 65  4 24  87 14 82  56  5 50  57  0 24  80  7 75  29 10 34  76 12 80  27  1 71  35  9 54  36  3  5 111  8 42  76  6  8  97 13 35  55 11 93  2
 5 63 54 14  4 114 12 85   5  7 53  46  3 61  44 13 54  54  0 16  85  9 18 100 10  5 103  6 43  70  1 24  99  2 88  22  8 67  44  4 79  13 11 41 55
14 17 97  8 37  77  1 56  45 10 70  39 11 56  39 12 24  74  7 95  12  0 12 102  3 96   7  2 27  82  9 55  54 13 36  81  5 41  43  6 65  34  4 23 87
 5 79 12  2  6  89 10 89   4  3 69  29 12 16 104  4 56  42  6 81  23 11 98  10  0 12  78 13 19  97  8 88   2 14  3 117  7 36  87  1 67  40  9 74 13
 0 38 78  9 76  36 10 47  78  4 21  80  2 80   9  6 97  24 13 35  48  1 45  83  3 74  26 14 92  30  7 98   8  8 54  43  5 91  22 12 79  35 11 46 35
 2 34 71 12 56  32  9 26 101  8 62  70  4 82  12  6 38  71 10 89  21 14 33  65  7 50  46  5 62  44  1 39  53 11 63  33  3 88  14  0 13 106 13 42 70