20 15
12 91   7 11 17  40  8  4 106  9 63 25  7 67 16 13 30  70  0 87  1 10 80  2  2 95   5  4 14 90  5 17  89  6 22  54  3  1 101 14 85 19  1 41 70
 2 77  10  5 77   8  0  9 101 10 77 23  4 24 91  1  8  76 13 64 32 11  6 88  3 12  78 14 13 72  6 71   4  8 76  28  9 95  14 12  8 72  7  6 90
 3 92   4  2  3 116  6 12  63  9 27 59  5 58 61 12 66   1  0 99  2 13 33 99  7  7  63 10 78 13 14 96  38  1 30  79  4 54  67  8 23 79 11 88  2
 9 19 117 14 45  55  5 65  46  7 24 65 13 30 81 10 30  63 12 49 60  2 32 49  3 78  35  8 31 37  1  3  87  6 25  92 11  9  80  0  2 82  4 22 87
 3 84  11  8 61  56  6 35  32  1 44 21 13 37 54  0 16  53  9 97  2  5 85 13 14 51  38  2 26 58 12 13  65  7 76   3  4 41  60 11  2 98 10 96 10
 3 85   7  8 55  37 13  2  92 11 65 39 12 52 41  1 97  27  4 81 23 14  8 93  6 22  61  5 59 59  9 95   5  0 52  40  7 85  35 10 64 33  2 13 96
11 64  49  2 94  37  0  4 107  6 13 99  4 98  7  1 26  33  5 32 85 12 20 75  9 97   4  7 28 79  3 63  40  8  2  99 13 23  70 10 14 83 14 62 33
12 56  21  3 98   8  4 56  37 11 28 60  8  1 93  1 96   9  5 27 66  0 38 82 13 41  69  6 94  3 10 77  32  9 63  17  2 63  41 14 81 34  7  6 58
 5 63  37  8 98  20  7 64  33  0 37 34 12 89 11 13 96   1  1 88 34  6 13 91  4 72  30 14 28 80 10 57  18  9 99  12  3 11  69  2  8 85 11 96 30
 6 17  63  3 71  11  9 80   6  8 33 57  2 87 11  1 82   2 12 44 47  7 14 95  5 85  34 14  2 99  0 60  52  4 72  25 11 27  65 13 63 40 10 66 44
 6 47  45  0 42  34  4 61  30 14 17 85  8 65 29 13  5  87 12 96  2 11 47 48 10  9  86  1 20 65  9 10 102  7 11 103  5 86   7  3 90 19  2 65 44
 0 66  37  6 91  12  4  8  69  3 37 66  8 99  1  2 90   8 11 16 81  1 89 20  9 17  69  5 98 15 13 87  33 12  8  64 10 40  85 14 33 45  7 37 48
 2 99   0  9  2  88  5 22  81 12 12 84  3 13 81 14 62  29  4 30 73 13 44 78 11 25  67  7 56 43  1 10  72 10 44  32  8 25  58  6 39 66  0 65 29
11 35  13  7 62  21 10 52  37  4 84  6  8 30 74 14  2 100  6 50 49  3 69  3  9 64  30  5 54 41  1 45  46 13 38  48  2 90  21 12 70 20  0 37 60
 8 73  45 13 40  73 10 16  86 12 21 77  0 50 39  9 10 103  2 46 50  6  2 81 11 48  58  1 16 81  3 58  49 14 37  49  5 12  95  7 30 59  4 82 16
14 76  15  7 40  45 11 21  73  6 91 16 10 48 74  9  6  92  2 91  2  0 75  4  1 79  20 12 51 43  8 51  26  3 81  13  4 70  13 13 65 48  5 19 84
 8 49  54 13  5 102  7 59  56  9 40 61 11 74  2 12 70  11  5 84 23  4 47 47  2 25 100  3 86  7 14 75   7  6 26  90  0 51  42 10 32 70  1 15 83
 8 11  71 14 18  76  5  6  78 11 60 34  1 83 17  0 64  29  7 85 16  3 21 63 12 52  36  2 49 40  9 30  84 10 56  37 13 31  60  6 25 63  4 31 68
 8 83  20  6 42  76  1 11  98 11 64  5  7 44 75 12 90  11 14  8 87 10 35 66  0 72  23  9 67 21  3 72  31  4 55  29  5 43  72 13 88 25  2 35 71
13 19  80  1 53  45  4 80  28  0 89 11  5 21 65  7 34  75  3 56 58  6 89  5 12 50  22  8 28 48 11 15  94  2 27  49 10 74  40 14 83  9  9 79  8