20 15
 8 56  55 13 25 67  3 17  70  7 63  22 10  9 91  6 30  64 14 75 12 12 22 68  9 42  58  2 83 45  0 69 41  4 90  15  5 88  11 11 20 96  1 30  97
11 39  78  4 20 76  6 35  69  3 79  24  8 35 53  9 66  51 12 15 71  5 56 32 13 60  55  0 72 50  7 52 54 10 14  74 14  2 100  2 16 30  1 59  12
14  5  85  9 31 47  4 55  68  0 70  28  2 49 61 13 70  18  6 92 25  7 40 68 11 13  77  1 14 73  3 49 53  5 30  83 10 50  55 12 77 21  8 81  46
 0 64  10 12 63 43 10 21  77  1 21  46 11 29 52 14 10  72  8 25 76  5 60 27  9 93   1 13 24 54  2 48 35  6 52  35  3  8  83  4 30 77  7 37  57
 2  4  85  6 32 43  4 10  56 13 77  12  8 45 35 12 37  59  3 89 23 10 60 30  9 59  72 11 42 62  0 48 44  7 30  79  1 22  68  5 23 40 14 15 106
 1 14 102  4 10 91 13 68  32  7 95   7 12 42 70  8 29  62  3 44 40  0 23 66 14 61  37  5 57 58 10 45 75 11 98   2  9 30  51  6 27 72  2 13  54
 6 50  43 12 55 80  3 23  88 11 25  98  0 51 67  1 55  28  7  9 77 13 87 14  4 21  71  8 48 53  5 55 59  9 22  49 14 47  62 10 50 41  2 86   9
 5 11  95  7 43 71 14 26  65 11 31  66  4 18 98  3 59  44 10 84 14  0 33 38  1 73   7  6 20 58 13 34 36 12 92   6  8 65  36  9 87 10  2 37  50
 3  9  77  2 20 56  6 11  75  4 21  62 11 11 66 10 96   1  0 94 36  8 91  5 14 92   5  7 97 13 13 28 56  5 55  46  1 89  10  9 34 62 12 61  35
 3 10  94 11 58 27 14 86  14 10 86  13  2 87  8  4 18 107  1 74 31 13 64 18  6 12  84  9 22 86  5 80 39  8  5  98 12 95   6  7  6 80  0 35  69
 9 47  43 10 68 15  6 60  23  7 20 104  4 14 88 12  6  79  5 20 78 14  6 86 13 46  66  1 79  0  8 32 63  0 82  14  2  7  95  3 74 22 11 54  26
 7 20  86  5 99  3 11 55  49 14 78  24  8 35 68  0 26  56 13 23 83 12 87  3  2 86  14  9 25 69 10 98 18  1  1 120  4 16  63  3 33 73  6 50  62
11 35  77  0 34 54  6 66  20 12 47  61  5 48  6 10 52  31 13 33 70  3 77 20  4 38  71  1 65 43  9 58 41 14 71  30  2 14  80  8 85 18  7 13  89
 2 85  36  9 86 31  4 15 100  6 68  24  3 32 67  7 83  18 13 80 18  5 81  6 12 10 102 10 12 86  1 31 68 11 38  71  8 78   5 14 44 53  0 18  71
 6 60  50 14 58 21  5 16  80  8 24  74 13 57 40  4  8  83  1 41 56  3 39 63  0 28  78  7 56 43 12 37 53  2 34  71 10 39  48 11 69 31  9 52  61
10 76  10 14 87  4  8 91  16  7 13  86  6  4 82  5 32  73  1 58 55 13 62  4 11 83  39  2 48 20  3 41 67  9 36  51 12 68  42  0 28 82  4 12  93
 5  1  85 11 67 33  1 98  25  4 41  44  7 84 15  6 34  48 14 86 22 13 75 12  8 93   3 12 83  2  3 66 48  2 93   9  0 47  65  9 58 15 10 64  42
 4 61  47 14 49 57  2 35  90  6 92  19  0 84 35 11 57  24  7 31 80 13 50 30  9 53  33  1 11 82  5 74 23  3  8  78  8 14  86 10 12 95 12 50  50
 7 19  71 14 89 20 10 67  46  1 10  80  5 75 40  9 49  50  2 75 27  4 66  7  0 37  45 11 77 28 13 94 17  3 60  14  6 38  46 12 52 44  8 61  45
11 29  74 13 73 22  7 62  28  8 19  59  6 99  7  0 95  17  5  2 94  4 39 56 10 70  35  1 90  0  3 10 82  2 60  22  9 21  74 12 40 53 14 17  67