20 15
 7 15 78 12 89   2  6 49  62  3 95   7  8 40  41  5 79  8  0 44 48  9 59  34  1 87  11 10 88   6  2 48  78  4 44  53 13 43 46 14 11 73 11 75  24
 8  6 85  3 46  57 12 18  71  5  4  82  6 56  59  9 44 32  1 15 84 14 40  39  4 44  29  2 79  21 11  1  95  0 32  91 10  5 99 13 92  4  7 76  18
 1 78  4  0 45  46  8 61  19  4 49  44 11 26  97 14 36 50 12 94 15  6 80   5 13 49  47  9 53  54  2  4 101  5 51  53  7 82 19 10 36 51  3 76  20
11 58 75 13 34  62 10 70  23  0 19  67  4 85   9  7 69 17 14 87 13  5 38  72  3  5  95  2 88   3  9 66  63  1  3 109 12 10 64  8 28 74  6 18  89
14 78 19  6  7 110  2 83   2 10 75  23 11 39  59  5 24 91 12 10 83  9 13  77  3 42  44  1  2 112 13 61  46  4 26  73  0 11 95  7 89  3  8 39  85
 7 80  8  5 88  23 12 13  86 13 92  32  9 11  85 11 62 61  1 42 63  4  3  78  3  6 110  6 36  48  2 49  52  8 98  18  0 40 80 14 59 49 10 15  82
14 83  9 13 12  90  8 48  38  9  1  82  1 76  20  0 32 60 11  1 92  4 81  35  2 53  44  3 70  50 10 78   4  6 75  27  7  7 76 12 82 16  5 31  77
 7 75 20 13 13  67  4  9  75 11 11 104  0 49  32 10 15 96  5 57 52  2 84  18  6 77  26  1 80  18  8 41  61 12 82   3  3 68  9  9 64 29 14 50  69
 5 39 18 11 64  34  4 88   5  1  9  94 12 97   1 14 99 13 13 27 63  7 48  76  8 18  66  6 49  41  9 50  49  2 26  85  0 54 29  3 80  1 10 77  38
 9 66 54  4 87  27  3 27  79  8 47  60 14 68  42  5 75 31  6 31 82 13 25  67 11 49  61 10 85   8 12 86   6  7 12  94  1 26 72  2 82 11  0 78  12
11 93  8 13 87   8  6 74  25  5 26  67 10 60  20  3 76 13 12  3 87  8 98   7  2 72   2  4 52  21  9 73   7  1 75  40  0 28 75 14  1 69  7 51  61
11 79 16  1 13  76  4 14  78  7 27  84 12 14  72  3  5 71  5 58 34 10 32  82 14 38  58  2 67  29 13 70  23  0 86   6  6 28 56  9 94  6  8 33  78
 1 83  7  5 67  32  7 18 121 12 20 112 13  4 111  6 84  4 11 22 64  4  8 108  8 91   8  3 89   7 14 25  65 10  8  78  0 69 16  9 85  5  2 46  52
 4 64 29 10 18  67  7 12  91  8 43  73  3 78  34 13 65 18  0 20 78 14 53  70 11 32  78 12 49  53  9 25  52  6 10 101  1 43 59  2 30 57  5  3 117
 8 99 10  4 29  79 11 50  20 13 99  10  1 53  21  9 65 10  0 23 62  6 49  36 12 91   6  5  1  74  2 86  23 10  7  87  3 68 26  7 71 21 14 89   7
13 13 85  8 19  77 10 31  63  5 94  23  6 78   5 14 43 24 11 16 74  7 56  42 12 76  36  0  1 107  1 11  89  4 24  84  9 13 80  2 62 32  3 55  70
 5 43 71  8 24  77 13 85  49 11 20  69  9  6  80 14 44 57 10 49 51  1 41  88 12 67  27  6 47  48  4 25  54  7 86  22  3  6 90  0  6 94  2 30  80
 2 68  1  9 92   8  4 15  81  0 80  27  5 29  53  7 72 30  8 22 43 10 41  66 12 49  60 11 36  42  3 97  19 13 80  30  6 23 48  1 77 22 14  4  95
 1 51 43  4 34  70  8 10  66 10 96  28  6 74   5 11 80 24  9 65 25  5 75   1 13 14  79  0 83  46  7 13  76 12 78  38  3 61 51 14 43 44  2 58  38
 1 69 25 10 56  58 13 15  89 12 89  21  5 22  60  4 21 36  6 89  9 14 16  85 11 59  34  7 83  14  8 20  57  2 33  78  9 11 66  0 67 50  3 90   4