20 15
 2 76  13 11 17  93  0 58 19 13 26  79  1 90   8  8 77  9  9 63  38  6 87  44  4 74  57  7 35 81 12 60  56  3 90   1 14 64  35  5 68 17 10 28  84
 5  5 104  8 79  16  9 71 39  3 42  83  1 71  27 13 20 88 11 86   9  0 88  25 14 47  63  7 62 43  4 37  91 12 87  15 10 47  62  6 97  4  2 24  79
 5  2 113  2 67  61  8 28 69 14 98  32 13 66  47  1 42 54  6 46  50  9 23  76 12 94  17  4 25 73 11 89   3  0  3 109  7 38  56  3 76 28 10 76  35
 8 96  23 10 79  42  4 19 85  0 36  96  3 87  11 11  6 69 13  9  92  6 18  70  1 32  49  5 37 70  2 55  27  9  3  87 12 15  91 14 12 82  7 45  30
 8 71  30 11 73  53  1 17 88  0 41  48  5 71  15 13 88 11  2 43  42 14 59  28 10 37  63 12 22 89  9 21  94  3 77  23  4 66  35  6 46 54  7 52  49
11 19  80  3 12  90 13 87 31  9 22  87 14 41  67  1 29 78  0  6 108  7  4 115  4 79  21  5 78 48 10 21  77 12 27  71  6 16  98  2 54 52  8 60  54
13 96   0  3 39  56 11 82 16 10 15  62  5 22  87 12 29 82  0 64  42  4 92   2 14 68  37  6 60 53  7 37  76  8 10  88  9 47  66  2 68 39  1 74  42
 5 28  66  8  3  64  6 71 26  7 59  51  2 94   7  3 60 53 10 98  12  4 77  27  1  9 103 14 57 56 11 21  62  9 74  12 13 19  77  0 74 50 12 19  92
12  7 106  8 38  53  9 63 72  7 69  33  3 13  81  6 56 65 11 53  51 13 58  48 10  2 101  0 93 12  2 90  19  5  6 131  1 66  27  4 76 24 14 60  16
 5 85  12 14 46  46 11 75 15  4 34 110 10 33  72  8 94 21  9 50  52  2 20  77 13  4  79 12 28 80  7 60  44  1 74  34  0 90   4  3 51 49  6 67  50
10 88  35  9 11  82  1 35 47 12 87   1  2 14  96  7 85 27  3 12  93  4 21  94  0 23  94  5 37 81  6 12  82  8 88  17 13 98  15 14 33 61 11 76  27
 9 30  63  7 89  15  5 91 35  6  3 117  0 97   5 14 71 42  1 73  26  3 16  66  8 15  71 11 98 26  2 71  22 12 19 112 10 65  23 13 89 19  4  2 102
 2 61  50 13 86  27 12 71 25  3 76  35  9 88  30  1 32 72  5 31  50 10 50  46 11 25  65  6 84 15  0 79  31  7 34  79  8 59  36 14 75 36  4 78  38
 3  9 100  0 59  69  9 93 15 13 69  44  8 38  68  2 65 51  6 96  36  1 67  22 10 74  23 12 41 69  7 61  32 14 68  54  4 11 105  5 24 67 11 25  73
 6 86  17  5 77  50  0 21 78 13 50  46  8 72   8 14 68 33  2 91  29  7 72  27 12 65  32  4 52 51 10 45  68  3  5 124  1 71  25  9 68 39 11 25  84
 6 37  74  8 27  80  0 23 74  7 26  53  4  2 107  1 36 63 11 20  79 10 65  56 13 61  54 14 27 73 12 35  81  2 50  48  9 45  49  3 80 17  5 19  58
13  5  90  2 57  23  1 70 20  8 95   1  3 46  40 12 36 71  6 88  28 14 42  62 11 49  81  9 23 87  5 63  39  7 77  26  4 47  74 10 88  3  0  7  72
13 29  67  7 64  40  5 23 91 11 42  75  4 33  67  6 65 38 10 92  18 14 80   4  2 49  64  9  3 85  0 83  13  3 20 102  8 63  24 12 78 49  1 85   2
 9 67  39  2 47  82 10 48 65 11 57  36  7 84  20  1 63 50 14 48  49  3 70  21  6 85  13  8 93  4  5  1 111  4 63  34 12 87  31  0 29 76 13 90  34
13 80  39  4 14 112 11 41 55 12 73  11  7 22  65  0 93  7  5  6 115  1 81  33  8 19  72 14 62 27  9 62  45  2 85  31  3 25  77 10 70 37  6 10  96