20 15
 6 40  55  8 57  56 11 95  7  0 33 62 14 72  15 13 31  69  9 55  57  5 36 80  3 92  45 12 72  38 10 80  16  2 39  65  7  3 117  4 86  20  1 29  88
 0 20 102  9 56  27  1 68 31  6 49 61  5 35  80 13 58  29 11 90   7  8 52 58  3 97   7  4 95   8 12 94   4 14 32  74  7 56  56  2 71  24 10 83  23
 8 98   3  3  5 120  9 97 26  1 85 25  0 31  75 10  5 109  5 16  92 14 19 89 12 75  21 13 50  64  6 23  74  2 63  34  7 89  20 11 65  29  4 24  91
 5 80  24  1 58  46  7 41 66 10 34 51  0 94  22  2 63  59 13  8 119 11 75 24 14 60  49  3 42  50  6 38  78  9  3  96  8 73  28 12 79  20  4 36  66
 2 71  34  9 65  61  6 26 78  7 59 69  0 54  42  8 69  54 13 86   3  5 86 11 10 43  75  3  7  96 12 35  55  4 86  19 14 99   6  1 94   4 11 99   5
 5 82  30  3 70  45  9 53 72  2 74 16  1 58  46  4 70  15 10 50  32  8 37 53 13 90  19  0 22  73 11  9 124 12 98  11  6 30  64 14 94   7  7 43  38
 8 71  22  7 63  61 12 65 49  9 15 68  6 39  69 14 93   3  4 97   8 11 67 44  5  5 109  1 61  42  3 64  57 13 68  39 10  2 113  0 31  51  2 17  90
13  7 113  7 10 112  6 65 62 11 63 31  2 92   9  0 90   9 14 85  26  4 81 24  3 32  60  1 62  53 10  5 106  8 21  80  9  5 111 12 49  62  5 36  57
 1  9  82 14 31  64  0 77 18 10 49 62 11 24  47  8 67  29  7 66  36  5 37 83  9 82  39  3 69  48  4 63  61  6  4 108 12 62  50  2 52  48 13 66  25
13 67  10  1 73  17  3 87 29 14 28 52  5 43  78  9 13  75  2 18  92  0 73 60 11 69  48  7 20  74 12 97   3  4 73  42 10 64  46  6  8 113  8 13  75
10 85  11  5 30  98  9 80 27 13 64 45  6 18 110  8 72  22 11 66  31  4 72 19 14 28  64  0 13  81  7 17  94  2 55  62 12 17  72  1 42  54  3 58  52
13 87  22  9 36  72 14 87  5 10 27 71  3 23  59  7 72  28  2 49  60  5 79 15  6 30  50 11 17  79  8 57  45  1 56  31  0 82  32 12  4  97  4 66  48
 5  6 114  9 62  18  7 78 34  8 78 16 10 62  26 13 17  77  2 43  61  6 18 95  1 53  75  0 16 101 12 66  37 11 20  74  3 69  20  4 49  57 14  4  92
 9 34  62 11 89  24  6 23 68  7 69 33  2 12  94  8 59  42 14 50  26  3 57 61  0 85  30 12 16  71  4 55  32 13 82  19  5 61  57  1  5  88 10 36 106
10 71  42  2 19  75  1 96  6  5  9 85  0 85   9  3 88   9 14  3 133 11 68 44  4 52  54  8 29  80  9 29  79  7 22  70 12 10  84  6  9  75 13 65  47
12 23  80 14 34  66  0 73 15  2 34 69 10 85  17  5 40  66 13 73  21  3 15 83  7 51  54 11 91   7  1  1 103  9 43  82  6  7 115  8 63  23  4  7  83
 8 18  62  6 62  66 12 97  6  4 49 72 13  4  89 10 71  23  5 68  45  7 51 38  9 42  49  0 40  66  1 32  44 14 92   2  3 11  94  2 46  26 11 99   1
14  1 134  5 93  15 12 46 37  4 12 80  1 11  92 13 82  15  6 56  57  2 39 59  8 84  31  7 43  77 10 77   2 11 22  97  9 23  77  3 47  46  0 43  58
 7 98  10  2 38  70  6 92 13  3 72 21  8 78  35 14 70  36  5 47  67  9 32 57  4 84   5 13 84  21  0 63  37 11 95  25 12 59  27  1 26  82 10 14  88
10 80   2  7 53  76 13 72 16  4  9 85  5 89  25  3 30  72  6 35  71  1 34 64  8 52  25  0 87   4 12 97  14 11 34  68  9 73  47 14 68  38  2 31  57