20 15
 1 70  25  6  6  92 10 29  76 14 55 39  7 14  74  5 33 72 13 66  18  4 14 80  3  7  76  8 57  49  0 55  18  9 18 79 12 62  27  2 46 75 11 92   7
 0 30  49  9 53  79  3 19  76  2  1 99  8 98   9  5 81 10 14 63  52 12 62 32  6 10  81 11 15  84 10 73  20  7 75 18  4 80  24  1 84  8 13 97   8
 1 42  49  6 61  18  2  6  77 11 60 35  3 24  58  4 70 31 10 78  23  9 11 84 12 35  82  8 38  90  7 61  36  5 90  0  0 74  36 14  1 81 13 60  20
12 76  30 14 84   6  8 72  35  9 17 81  5 27  60  3 86  8  0 84  19  1 71 28 13 90   6 10 27  78  6 13 108 11 98 22  4  3 105  7 57 44  2 66  13
14 38  48 10 58  41  8 80  35  6 24 86  0 50  46  4 76 18  5  6 106  9 12 94 11 26  66  3 14 108  7 35  74 13 38 45  1 55  18 12 33 65  2 42  45
 8 77  31  2 87  13  9 59  37 12 19 76  3 84  16  0 85 32 13 63  46 14 51 21  5 18  89 11 29  88  7  2  99  1 13 80  4  1  93  6 25 64 10 54  60
 5 19  79  3 83  34  8 71  39  7 22 90  0  4  83 12 68 22  4 68   6  2 88 20 14 80   9  6 55  50 10 11  79 11 19 97  9 39  71  1 68 40 13 37  75
 5 38  69  8 98   3 12 11  90  1  3 88  7 33 101  4 43 47  2 19  92  9 90  3  6 56  48 14 83  22 13 76  17  0 97  4  3  2  88 10 76 22 11  1 112
14 25  71  8 65  42  7 88  15 12 56 35  6 75  47 10 48 74  0 40  31  1 19 97 11 39  69  9 40  42  5 43  28  4 99  4  2 23  83  3 74  6 13 39  56
 0 97   4 14 66  37  2 54  40  5 29 74 10 23  76  4  9 83  9 74  24  7 46 35 11 85   9  6 98  15  3 74  33 13 12 86  1 71  31 12 65 19  8 25  65
 1  3 100  3 40  80 11 81  33  0 74 13  9 67  38  5 93  9  2 76  20 14 16 57  6 12  66  7 67  43  8 52  29 12 20 87 13 24  76 10 71 30  4 90  23
12 13  75  8 59  42  3 95   6 10 79 23  2 46  65  0 16 83  7 67  55  9 67 39 14 64  35  5 85  27  4 85   9  1 27 78 11 26  84 13 56 23  6  1 107
 1 64  34  6  1  89 14 29  63  2 66 20 11 32  70  4 35 41  8  8  91  3 26 57 13 94  26 10 94   9  0 62  37  9 42 54 12 60  19  7 56  6  5  7  81
 1  3  83  4  7 101  9 40  45  3 93 37 11 55  68 14 75 34  8 25  93  0 21 74 13 30 110 10 82  11  2  1 108  6 58 50  5 53  49  7 88 27 12 19  75
 2 66  46  7 88   3  3 48  51  1 77 28  8 38  35  4 78 42 14 16  94 11 41 38 12 93  23  5 38  63 10 25  74  0 51 32 13 14 108  6 98  9  9 61  19
10 33  90  2 23  88  4  7 118  6 60 30  1 74  21  9 54 50  7  2 121 12 22 92  3 32  42 11 15  74 13 79  13 14 83 36  5 69  34  8 41 68  0 19  71
 2 61  18  0 26  51  5 66  52 14 85  7  4 34  63  6 15 93 11 59  51 10 75 40  8  3  76  7 80  25 13 39  55  1 69 46  3  6  72  9 73 39 12 65  50
 3 96   8  0  6 101 11 52  43 14 22 77  5 35  71 10 79 40  4 16  87 13 72 13  9 29  69  6 26  55  8 52  30  1 58 31  7 57  38  2 31 65 12 74  22
 1 42  66  0 79   1  7 84   4  5 25 70  9 70  28  8 90 13 14  8  78 13 60 13  2 81   6 10 88   2  4 11 105  3 71  4 12 61  30 11 49 57  6 81   9
 1 52  38 12  3  85 14 57  38  4 66 29  7 88  25  9 42 70  8 23 103  3 72  3  6 97   0  0 91  12 10 50  56  2 43 42 11 82  14 13 62 59  5 27  79