20 15
 7 84  15  0 58  40 12 71  39  4 26  89  1 98  11  9 36  78  2 12  73 11 30  63 10 87 18 14 95  10  5 45 51  6 28 70 13 73  7  3 73  38  8 45 42
 4 29  68  8 22  75  7 47  51  3 75  29  9 94   6 13 15  69 12  4  93  0 82  31 11 14 87 10 35  87  1 79 26  6 34 40  5 57 53 14 23  65  2 56 53
 1 73  35  4 36  86  7 48  43 13 26 105  3 49  66  8 60  54 10 15  95  5 66   9 12 90  8 14 39  59  9  8 89  6 74 22  2 63 52  0 94   3 11 91 19
 5  1  75 11 35  70  9 23  97 12 93  16  7 75  35  1 50  61  6 40  66 13 60  63  8 41 59  2  7  54  0 57 63 14 72 18  3 40 48  4 75  18 10  7 69
 4 13  94 11 15 119 12 17  69  1 14  76  0 67  26  9 94   6  6 18  68 13 52  66  2 53 57 14 16  82  5 33 70 10 61  8  3 47 34  8 65  25  7 39 68
 2 54  46  6 80  14  3 87  14  8 36  63 14 54  45  0 72  33  4 17  88 10 44  73 11 37 53  1 88  20  7 77 49 13 84 34 12 17 95  5 82  25  9 90 29
 4  4  79 14 62  59  5 33  81 10 62  60  8 86  10  7 30  92  6 39  59  1 67  37  0 42 56 12 31  84  9 83 15 13 39 87 11 67 15  3 67  24  2 31 71
 7 29  95 10 29  90 11 69  36 14 26  85  3 55  33  2 46  62  4 53  42  5 65  31  1 97  8 12 24  69  9 69 58  6 22 81 13 17 78  0 39  74  8 13 79
14 12  62 11 73  36  0 36  76 13 70  23  3 12  90  2 80  15  1 99   0  8 70  23  5 51 54  7 14  80  4 71 16 12 28 76  6 35 79 10 58  42  9 35 76
 0 61  22  5 49  69 12 74  27  1 90  11 13 60  47 10 88   6  9  3 122  4 60  23  2 59 38  8 94  23 14 91  0 11 34 87  7 26 93  6  4 121  3 26 55
 4 89  15  3 90  19  8 95   9 12 32  58  9 18  74 11 73  34  2  9 106 14 19  74  5 97 29  7 58  57 13 36 58  6 62 27 10 13 80  1 16  78  0  1 71
 9 71  45  6 47  41  1 95  25  0  7  71 14 63  26  7 49  27 13 24  62 12 46  37  2 72 25 11 73  25  5 19 97  8 96  3 10 41 47  3 15 105  4 81 44
 4 45  49  3  9  79  0 97   3 14 62  50 13 77  41  9 78  31  7 70   7  2 19 104 11 86 35  8 15  81 10 23 83  1 46 44  6 32 73 12  6 101  5 70 24
12 74  25 10 46  46  3 98  10  6  1  95  4 53  53  5 59  41  0 86   8  7 98   4  2 76 23  8 12 105 13 91 33 11 98  5 14 98  9  9 11  97  1 27 81
14 73  30  7 70  28  5 14 102  8 32  56 11 19  72  0 57  69  2 17  81 13 96   6 12 56 20  4 73  61  6 32 57  1  7 64 10 79  9  9 10  99  3 91 26
 6 39  49 14 87   2 12 11  81  2 81  12  7  7  99  5 79   5  8 24  71 13  9  88 11 58 30  9 42  39  0 67 21  3 27 52  4 20 93  1 19  87 10 67 31
 9 76  45  5 89  26 14 64  46 10 14  79 12 11  67  1 14  95  4 99  13 13 85   0  0 81 33 11  3 115  3 46 46  2 47 39  7 40 82  6 81  48  8 27 40
 9 55  77 12 71  33  4  5  84 14 83   3 11 16  71  8  4 102  0 20  94  7 15  53  5 60 34  3  8  97  1 93  9 10 33 65  6 63  1 13 71  21  2 29 80
12 92   7  2 25  76  3  8  88 14 86  19  5 22  71  1 79   3  6 23  78 11 96   5 13 24 93  9 94  20  7 97 13 10 17 80  8 48 32  0 67  67  4 47 56
 3  5 106 12 77  21 10 74   1  5 59  62 14 13 100  0 57  68  9 62  33  8 37  59 13 54 31  6 69  34 11 80 10  1 35 77  7 88 16  2 47  64  4 98  1