20 20
 6 64  32  1 57  48 15 81  20  2 98   2 19 59  58 13 87   5 16 93  7 18 62  49  3 20 107 12 14 71 14 85  6  5 45 31 10 47  39  7  9  93  8 94  10  9  9 84  0 15 77 17 66 47 11  1 113  4 94   9
 8 39  66  6 96  13 10 88  22  9 83  14 19 77   1  1 58  33  0 83 44 17  3 108  2 78  17 11 68 27  7 64 54 13 97  9 18 33  74 15 25  62  4 47  49 14 44 50  5  7 87  3 60 16 16 42  18 12 91  12
 1 96   3  3 66  27  4 88   5 12 60  28  0 22  77 14 92  15  7 62 54 19 14  83 10 89  13 11 39 69  5 94 28 18 66 38 13 10  86 15 53  53 16 26  86  8 15 90  9 65 23  2 82 30 17 10  82  6 27 102
18 93   3 15 92  12 10 96  34  1 70  35 19 83  40  9 74  41  2 31 88 12 88  26  4 51  56  0 57 20 13 78 36 16  8 91 14  7  98 11 91  40  3 79  38  5 18 89  8 51 50 17 18 82  6 99   6  7 33  73
 2  4 100 10 82   3 12 40  39 15 86   2  7 50  31 14 54  40 17 21 78  5  6 116  8 54  40  1 68 42 13 82 30  0 20 89  3 39  51 16 35  44  4 68  17  9 73 47 11 23 90 18 30 80  6 30 101 19 53  38
 0 94  10 16 58  52 10 93  22  9 32  76 17 91  23  8 30  70  5 56 38  3 27 101 19 92  40 11  9 77 15 78  7  2 23 72 14 21  90  4 60  31 12 36  76 13 29 81  1 95 13  6 99 12  7 79  37 18 76  33
11 93  17  0 42  57  1 52  33 19 42  59  9 96  17 10 29  68  8 61 48 17 88  23 18 70  66 16 16 81  4 31 60  3 65 26 12 83  29  7 78  53  6 26  68 15 50 41  5 87 48 14 62 20  2 14  93 13 30  70
16 18  90  3 75  10  8 20  79 10  4 120 18 91   5  7 68  23  1 19 62 14 54  59 19 85  14  2 73 30 12 43 80  6 24 89  5 37  36 11 87  23 17 66  47  4 32 78 13 52 74  9  9 63 15 49  53  0 61  19
17 35  77 18 99  28 15 62  15 11  6  97 10 62  50 12  7  93 14 80  7  3  3 106  1 57  50  0  7 88 16 85 12  9 30 69  6 96   1 19 91  26  7 13  98  8 87 35  4 82 24  2 83  0 13 78  12  5 56  40
 9 85  12  5  8  88  3 66  43  2 88  15 11 15 109  4  5  75 16 59 41 14 30  88  7 60  22 13 41 72  1 17 82 18 66 42  8 89   4 15 78   6 12 88  30  6 69 18 17 45 51 19 82 13  0  6  91 10 13  76
 5 90  26  9 27  60 18  1 120  0  8  83  3 91  10 16 80  29  6 89 16  1 49  68  2 32  80 11 28 87 15 90  4 19 93  9  7  6 106  8 35  73  4 73  55 10 47 79 12 43 58 17 75 14 14  8  91 13 51  35
11  3 106  5 84  51  9 34  66  4 28  96  3 60  29 15 69  24 17 45 72  7 67  15 18 58  51 19 87 27 13 65 32  1 62 50  6 97  18 12 20  69 10 31 127  0 33 58 14 33 55 16 77 62  2 50  51  8 80  29
15 48  45  3 90   2  4 75  38  7 96  24 18 44  55 13 28  63 19 21 71  9 51  48  2 75  31 10 17 64 11 89 13 14 59 34  6 56  55 17 63  30 12 18  49 16 17 51  0 30 45  8 16 95  1  7  78  5 35  63
13 57  63 10 16  73 16 42  54  8 34  55  4 37  84  1 26 102  2 68 23 19 73  40 14  5  75 12  8 88 18 12 81 17 87 25  0 83   9  5 20  67  9 97  22  7 20 66  6 85 34  3 61 38 11  9 105 15 36  42
 0 63  37  5 11  92  4 45  65 19 10  94 14 33  71  8  5 108  1 41 66 16 47  51 15  9  90 10 74 34 12 33 60  2 35 41 11 78  28  6 12  88  7 22  75 18 44 53 13  8 94  3 97  9 17 10 126  9 86  18
11 33  71 16 60  35 17 21  41 10 96  15 15 69  30 12 34  61  0 94 14  5 15  96  4 23  59  8 84  3  3 16 88  7 55 23 13 50  69  1  5  94 18 59  60  9 35 77 19 12 97  6 57 83 14 11  74  2 51  45
 7 72  65  8 42  69  5  4 116 13 62  37 19 15  83 16 27 110 11 16 88  1 34  88 14  8 102 18 50 91 10 85 32  6 12 97  3 48  49 15  5 104  4 25  49  2 40 51  0 81 21  9 46 56 17 67  47 12 25  99
17 83  25 10 92  32 15 25  70  5 40  48  4 21  66 14  4 108  8 43 63 18 38  60 13 60  27  6 24 67 19  3 80  3 28 76  1 86  17  9 68  54 11 55  15  2 91  5 12 97 24 16 19 86  7 73  17  0 20  81
14 28 100  3 81  47 16 46  55  0 98  14 10 46  76 18 29  96  4 96  8  1 12  70  5 71  48 19 32 65 12 64 50  9 39 40 11 16  85 15 97   6 13 99  24  7 49 64 17 75 38  8  7 87  6 79  26  2 80  19
13 71  19 10  9 104  3 11  92 14  8  93  1  4 103  8 47  51  0 93  2 16 82  13 19  6 122  4 49 11  6  7 97  9 24 91 11 92  14  5 13  77  2 86  15  7 80 56 17 34 80 12 75  7 15 35  63 18 29  65