20 20
 3 94 15  2 61  38 19 12  93 11 68  34 10 40  70 13 84   1 16 30  94 15 16  68  1 34  57  0 92 22 12 53  66 17 55 16 18 61 56  9 67  35  5 30 55  7 88  15 14 12 85  4 20  92  8 16  75  6 51 34
14 22 76 12 75  18  4 29  85 17 87   8  7 47  92  2 48  56 10 21  67 15 46  71  8 77  41  9 35 53  3 10 110  6 92 24 16  9 98 13 75  36 11 40 64  1 89   9  0 86 21  5 33 107 19  2 102 18  1 71
18 32 66 17  8 101  0 99  12 13 14  71  7 41  50  1 53  46 11 97  25 19 19  84  5 39  71  3 20 97  2 91  14 16 54 36 15 97  4  4 79  47  8 21 79 14 22  46  9 93 34 12 67  11 10 17  81  6 84 28
17 13 73 10 43  66  8 97  13 12 41 110  5  4 105 16 35  78 14  6  80 11 93  19  6 32  53  1 35 51  9  2 116  4 54 71 19 77 34  0  9 110 18 97 16 15 10  87  3 45 31  2 81  11 13 76  21  7 37 74
 8 26 75 12 70  23  1 33  70 10 58  15 13 38  62 15 77  28  5 86   3 17 53  45  9 47  68  7 20 81 18 71  15  3 69 22  4 95  0  0  4  81  2 23 70 14 89  17 19 87  3 11 20  59 16 67  46  6 65 44
 6 86 24  0 73  39  9 93  17 16 26  96 14 98  12 18 37  77 17 67  30 10 87  26  2 33  63 13  6 94 11 68  21  7 16 79 19 12 71  1  5  90  8 33 65  3 87  33  4 96 15 15 46  74 12 87  32  5 89 21
12  3 86  1 34  30  6  2  96 14 96   0 11 67  18 15 37  67  3 30  71 10 50  34  9 84   4 19 27 63  5 37  65 17 89 39  2 92  2  4 68  23  8 20 82 18 80  31  7 76  2  0 74  23 13 11  98 16 38 63
 5 60 44 12 97  38 19 42  86  1 73  44  8 28  86 13 69  35 18 90  40  9 44  71 10 27 102  2 54 62 17 24 106  3 36 62 15 82  2  6 13 103 16 33 80  7 80  25  0 44 84  4 99   8 11 80  41 14 82 14
 2 79 28  8 62  43  3 31  64 10 27  77 16 72   8 15 12  87  0  4 102 17  4 105  7 11  73 13 35 57  5 83  13 14 57 45 12 19 72  9 80  21 19 20 81  6 16  85 18 96 26 11 24  68  4 64  67  1 93 14
17 61 50  2 86   7  7 46  85 19 58  52 11  2  84 16 19 100 13 46  48 10 50  42 15 79  26  1 84  7  5 14  96  6 16 95  8 76 57  9 89   0  3 85 15 12 86  35 18 60 13 14 44  66  0 28  71  4 63 28
 7 10 86 12 44  57  8 26  70 11 61  23 16 92  18 15 30  58  4 19  53  3 27  74 14 22  55  9 86  3 19 22  66  2 62 43 13 75 19 17 10 125  6 78 19  1  3 136 10 97  2 18 88   5  5 10  65  0 46 54
 4 21 99 17 51  57 11  3  88 16 94   5 15 82   5 18 26  54 14 83  19 19 57  59  6 86  21  7 61 34  5 80  18 10 81  5 13 25 59  0  5  85  3 75 36  9 38  66  2 16 94  8 20  64  1 50  61 12 52 50
 8 17 87 16 86  44 12  6 113  2 49  60  5 74  31 15 82  18 10 86  16 17 26  79  7 80  23 13 46 70  4 94  42  1  7 94  0 27 80  3 26  73 19 97 22  9 14  99 18 27 89 14  3  82 11 12 111  6 82 49
 1 46 69  8 21  70 18  1 104 11 99   7 17 83   4  9 22  96 10  2  80 16 42  64 19 61  60  5 79 27 12 17  94  4 67 48  3 61 18  6 72  45  7 49 53  2 91  21 14 38 43  0 28  72 13 34  95 15 14 88
13 50 80  7 49  86  4 40  65  0 63  43 19  5  79  2 80  25 14 70  23  3  3 116 11 62  33 17 43 70 16 58  35 10 39 58  1 52 51  9 68  18 12 71 38  6 86  14 15 61 42  8 53  54  5  1 115 18 97  0
15 53 33  0 51  49 18 25  50 16 16  98  8 91  12  4 93   0  5 37  43 14 61  40  7 41  66 17 49 48  1 20  66  3 24 68 10 58 71 19  8  73  6 72 30  2 30  82 13 15 60 12 86   6  9 31  63 11 40 58
 3 72 48 11 77  10  2 34  84  9 45  51 15 83  24  1 85  10 10 19  87  7  5  78 19 77   4  5 75  9  8 61  43 13 89 57 17 77 22  6 44  73  0 32 87 16 86  43 14 40 60 12 23  90 18 35  51  4 57 20
17 33 95  6 16  78 11 60  71  5 70  42 16 67  19  4 37  83 12 42  73  9 24 105 18 75  42  0  1 90 10 22  81 14 32 78  7 21 86  3  3  94 15 69 16  1 77  12  8 53 40 19 64  19  2 34  71 13 15 71
 5 58 46  6 55  68  8 68  29 12  5  86  2 20  77  9 88  10 16 91   0 13 79  14 18 55  46  1 16 89  7 53  36 17 84 55  0  1 90 15 66  32 19 14 77  3 83  26 11  1 97  4 96   4 14 54  43 10 30 82
 3 80 35 15 81  14 10  9  76  4 49  37 18 32  55  1 19  73 16 92   3  9 65  23 12 88  26  7 64 25 11  4  86  0 68 51  2 79 13 19 21  92 13 84  7 14 92   7 17 66 56  5 51  51  6 83  16  8 96  4