20 20
 7 33  65  4  8 102  0 81   9 10 68  9 17 28  50 18 91  14 16 91  10 15 74  37  3  7  99 11  7 76  5 19  97  6 50 31  9 65 41 19 53  33 12  9  74  8 90  19 14 69 49 13 50  66  2 58  31  1 13 95
 3 69  48 19 10  84 17 58  64 14 10 98 11 91   5  1  5 103  2 37  64  7  9  61 16 93   9 13 94 29  9 46  62  5 55 58  8 99 28  0 28  64 18 95   3 10 94   2  6  4 91  4 51  37 15 59  52 12 10 78
15 79  37  0 70  17  4 35  58  8 82 20  2 35  57 14 84  20 18 34  70 12 87  28  7 91   0  5 69 51  6 12  65 16 31 69 17 94 30 11 65  46 10 13 104 13 16  95 19 39 55  9 46  78  1  4 111  3 74  8
17 50  61  7 40  39 12 81  34  9 47 34  0 96  15 13 67  44  1 94  29 14 53  63  2 22 100 16 17 95 10 23  80 18 24 87  8 66 43  4 15  86  6 56  25 15 84  35 19 79 23  5 25  73  3 13  85 11 72 49
19  7  89  6 81  23  5 62  37 15 50 45 13 91  33  4 77  19  2 32  44 18 10  73  3 78  13 16 78 33 11 21  98 14 78 17  1 21 93 17 10  92  8 88  11  9 23  77  7 92  2 10 34  71 12 88   4  0 48 26
14 66  26  0 71   3  5 55  47 18 25 68 11 43  51  2 24  44 12 87  21  7 59  35  6 90   0 13 63 58  4 90  38 19 22 93 15  6 74  1 50  39  3  9  83 10 18  63 16 19 74 17 52  33  9 83   8  8 66 23
 8 66  38 14 39  56 18 10  94  7 80 18  6 55   8  3 38  45  1 29  66 11 41  68 17 63  39 10 32 71 15 91  17 19 27 81  4 72 40  2 71  12 16 61  36 13 35  78  9 17 88  0 26  93  5 42  53 12 64 63
17 11 104 18 33  83 13 84  18 15 12 98  5 18 100  8 57  47 19 43  48 16 24  75  0 77  17  2 85  6  7 62  58  3 49 44  1  5 93  9 46  48 11 93   4 14 85  23  6 92 23 10 30  81  4 64  63 12 77 28
11 38  48  0 30  52  9 31  71 18 25 75  1 90  23 19 79  20 16  3  94 12 52  56  6 87  10 10 30 49  7 87   7 14  4 87 15 57 39  8 43  32  4 55  47 13 21  66 17 30 78  5  1 110  2 72  27  3 75 29
 0  9  93  8 49  25 18 91  13  4 39 51 13 40  51 14 59  37  1 20  93  7 27  76 19 67  32 15 22 91 16  2  90 10 47 68  3 91 17  6 11 109 11 70  25  5 97  12 12 78 42 17 69  18  9 17  84  2 40 27
16 57  57  6 32  82  3 67  31  8 26 46 10 23  73  1 55  47 19 14  94 17 77  28  0 77  31 13 82 16  2 34 102  4  1 85  5 64 43 12 90   0  9 37  71 15 47  48  7 27 68 18 54  50 11  3  75 14 94 12
 4 25  94  7 33  66 16 12  77 10 27 47  9 32  57  0 49  29 18 35  51  1  5 106 19 73  49  8  3 88 14 28  61  2 54 45 13 45 49 11 32  77  6 53  48  5 99  32 12 85 49 15 86  36  3 13  81 17 99  1
12 64  36 13 77  17  2 82   4 18 32 80  9 75  15  8 32  49  0 68  15 10 16  80  7 63  42  3 81 37 15 31  69 17 58 30  6 73 27 16 12  93 14 25  71  5 64  16  4 98 19 11 72  39  1 47  71 19 84 13
17 17  82 18 98  22  5 99  17  8 39 55  2 73  31  4 82   6  9  1 100 15 43  40  7 48  53 10 62 59  3 44  39 12 50 46 13 44 69 16 72  36 14 89   9  1 45  56  0 44 48  6 21  63 11 79  33 19 60  4
12 87   7  7 63  30 10  8  98  2 20 77 18 88   4  4 88  12 19 77  42 14 88   7 13 46  63  3 30 92  6 44  71  1 42 64  5 84 21 16 41  65 15 74  41  8 52  70  9 25 82  0 87   2 11 43  62 17 77 26
 0 39  74  3 93   7 15 44  61  1 23 81 16 75  44 13  7  80 14 60  42  7 45  42 18 71  26 10 49 46  5  3 101 11 68 19  6 56 40 19 20 108  2 35  43 17  8  97  8 79 27  9 21  61 12 48  58  4 43 43
 3 75   5 15 92   5  1 83  19  4 48 64  2  7  81 11 99   4 13 43  50 17 94  27 18  6 102 14 34 56 16 48  47  0 60 22  6 33 56  8 16  86 12 34  54  5 99  19  9 83 34 19 11  88  7 80   1 10 43 74
 2 97   2 17 80  23 10  2 105  1 37 68 19 31  79 12 37  72  6 58  19  8 11 105 15 24  98 14 84 14  5 10 119  9 30 85  3 97  8 18 89  27 11 47  68 13 37  67  0 73 39  4 11  61 16 90   4  7 54 24
11  1 126  3 97  11 19 68  23  1  8 96 15  7  85 14 72  10  8 38  63  6 50  38  4 42  71 16 32 55  0 54  60  5 94 23 13 31 85 10 52  58 17 76  31  2 20 102 18 29 76 12 56  30  7 36  53  9 16 68
 2 29  67 17 31  42  9 49  30 10 91 19  3  7  94  5 37  66  1 86   4  0 75  10 16 21  54 14 46 48 15 47  26 12  1 88 11 16 80  8 29  77 18 47  48  4 81   4 13 52 49 19 44  71  6 95  15  7 79 39