20 20
 1 30  56 18 80  21  4 34  84 15 92   3 16 29  63 19 96  30  0 25  82 10 49  63  5 67 48 14 53 54 13 20  77  7 52  50  8 29 68  6 51  55  2 35  53 11 38  63  3 18  91  9 43 58 12 46  33 17 98  3
 4 73  38  2 68  31  3  3 117 14 98  12  1 68   7  0  8  79 13 15  77 17 88   1 18 72 24 16 20 84  5 89   3 10 59  18  9 68 26 15 63  33 19 41  66 11 30  75  8 43  65  6 80 41  7 64  32 12 14 93
 1  6 102 16 36  80  8 88  20 18 71  24 13 51  39 14 63  34  6 32  66  0 16  77  9 63 29 15  7 94 19 18  83  3 90  30 12 55 52  5 25  70  4 72  48 11 92   7 10 88  21  7 69 16  2 89  11 17 83 36
19 58  25  3 35  77  4 79  23  9 43  36  1 86  24  2 50  33 18 64  23  8 88   5  6 57 47 16 25 90 13 73   9 14 18  64 12  4 98  5 69  30  7 40  59 11 28  76 15 37  50 10 42 52 17 82   7  0 83 31
15  2 102 12 41  89  1 13 103 10 75  27  0 31  71 19 66  31 11 72  38 13 66  72  2 96 12 14 45 32 17 29  85  6 49  28 16 96  6  3 50  51  7 38  47  4 80  17  8 90  34  9 36 70 18 50  41  5 76 25
 3 15  94  7 31  74  9 89  18  0 87  14  5 55  72  6 49  51 14 23  88 16 19  91  4 38 83  2 93  7 19 75  49 12 45  62 13 75 46 18 72  28  1 65  20 11  6  89 17 16  87 10 24 85  8 24  52 15 44 56
17  4  89  3 22  87 11 99  32  9 10  75  4 85  13 13 79  21 16  2 106  8 54  26  0 80 31 18  2 95  1 58  64 19 33  71 10 92 32  5 93  23  6 94  13 15 34  80 14 36  38 12 48 53  7 54  64  2 12 70
17 19  73 13  2 108 16  7 105  4 60  44 11 36  59  7 11  91 12 97  13  6 57  51  8 71 46 10 60 60  2 20  94 18 68  42  0 53 51  9 54  45 15 59  30  1 16 104  3 60  51  5 68 48 14 65  46 19 42 65
 0 57  29 11 16  90  1 92  25 18 99   9  2 82  24 13 91   3  9 12 120  7 19  75  8 59 51 15 43 42 16 20  80 12 84  26 14 24 87 10 80  13  6 60  40 17 82  34  3 62  49  5 32 69  4 29  75 19 20 95
 9 76  34  3 78  31  6 78  26 12 42  57  0  3 102 13 30  87  2  7 104  1 82  21 17 62 69 16 13 78 18 84   3 19 22  76  4 78 38 11 80  15 14 58  29  7 53  49 15  6  86  5 85 11  8 23  95 10 99  2
12 83  23 10  9 115 16 72  20  9 88  17 18 84   9  7 87  19  8 78  35  0 65  26  6 23 62  3  7 75 15 35 101  1 94  12  5 33 46  4 10 119 17  6 102 14 85  29 13 88  14 19 18 63 11 94   8  2 92 10
 6 28  59 18 33  67  8 93  22  4 11  88  7 25  77 17 67  37  0 44  37 14 28  75 11 69 46 19 67 41  3  9  83 10 82   2  9 43 55 16 53  53 12 48  84  5 39  54  1 52  37 13 75 24  2 81  53 15 44 58
17 24  54  4 44  80 16 58  25 12 73  12 19 30  45  1 25  71  2 21  98 18 14  85 11  6 88  3 41 66 10 19 105  6 21 103  5 36 63  7 72  25  9 96  17  0 32  76  8  5 123 13 46 64 15 61  27 14 82 32
14 91  12 11 42  49  1 97   5  9 65  53 12 78  10  7 40  62 10 93  14 19 64  43  2  8 98 17 56 19 13 10  71 16 93  16  8 28 87 15 77  32  5 87   9  3 26  66 18 33  85  0 17 89  6  2 116  4 35 88
 4 15  87 10 45  39 19 96   7 18 11 115 16 95  29 11 39  49  5 22  47 15 73  27  1 79 49  7 64 68  2 79  25 14 88   2 13 65 27  3 24 110 17 38  52  0 17  68 12  3 138  6 73 15  9 59  68  8 92  1
 2  3  76  3 28 102  7 17  83 18 71  45 14 91   2  6 17  97 12 69  18  0 69  46  9 51 79 13 40 59  4 93  14 16 82  41 10 47 40  5 42  66 19 59  27 11  7  84 17 43  58 15 83 20  8 45  45  1 83  4
 3 67  41  2  9 118 15 37  62  9 62  40 18 82  23 11 69  48  7 34  41 17 39  51 16 15 83  8 84  7 19 32  82 13 72  36  0 68 32  6 95   6  4 70  44 10 80  18 14 78   5  1 80 10  5 30  62 12 44 55
 4 13 100 10 96  32  8 26  52  1  4  94 12 89  23 18 98  26 17 83   0 15  8 109 11 70 15 19 68 25  3 37  58 14 20  69 13 35 68  7 99  20  2 27  66  9 12  53  5 73  23  6 92  9  0 98   2 16 75 33
13 75  13 15  1  99  5 35  75 14 73  41  3 35  41 18  6 118 17 38  88 10 34  74  2 70 71 19 51 56  6 16  69 12 78  15 11 58 26 16  9  91  7 97   8  0 55  43  4 38  49  1 65 26  9  1 130  8  8 75
 3 27  74 13 36  75 18 50  28  8 21  74 11 32  61  9  6  86 17 34  71 12 84   2 16 50 62  0 39 44  2  4  87 14 94  22 19 49 77  7 20  87 10 98   7  1 64  36 15 41  63  4 29 49  6  4 112  5 90 32