20 20
 9 14 49  6 62 72  2 32 59 14 81  14 18 65 13 13 53 37  0 31  64  1 98  7 10 34  59 19 27 99 17 60  51 16 43 36 11 30  52 15 24  89  7 61  56  8 40  48 12  7 100  4 15  81  5 50  37  3 10  90
10 12 77  5 42 70 17 69 26 19 12  68  4 84 29 11 24 78  9 87   6 12 69 53  0 45  38  7 37 50  8 38  42 15 72 18  1 54  48  6 66  46 13 45  47 14  4 107  2 61  52  3 20  61 16 49  37 18 17  62
 6 60 52  8 45 52 19 34 52 10 74  13 14 65 45  5 75 13  4 92   2 17 69 44  2 40  40 11 26 99 15 69   8  0 30 67  7 18  54  3 88  14  1 49  43 13 68  15  9 25  92 12  1  98 16 95  12 18 25  69
11 77 26  4 61 24 17 42 53 15 65  26  8 99  3 13 81 37  9 84   6  6 33 74 16  8  98 19 21 71  0 26  83  7 58 41  1 91  28 10  7  79 18 95   3  3 91   6  2 91   4  5 14  76 12 46  53 14 49  60
11 62 36 19 88  5 16  2 87  0 12  72  8 68 47  5 99 19  2 46  41 10 35 55 18 87  52 13 53 35  9 60  41  3 54 46 12 99   2 15 59  41  7 10 106  4 34  44  1 67  29 17 31  86  6 52  64 14 53  39
11 21 96  9 92 27 16 33 71  7  8 118  6  9 85 15 51 47  1 44  59 19  1 62 10 69  11 18 83  5  8 17  97 17 86  7  2 51  43 14 95  20  4 40  45 12 32  48 13 84   4  3 54  51  0  3  93  5 31  41
 3 46 68 12 87 12  2 45 34  7 62  40 16 10 77 14 19 78 15  3 103  9 69 13 19 51  58 18 56 47  1 20  67  5 51 59  0 41  61 10 12  95 11  6  95  8 45  54 13 17  88  6  2 102 17 93  13  4 39  46
18 10 82 12 82 12  0 44 47  9 22  69  3  9 88  7 55 24 16 29 103  8  3 82  4  3 106 17 77  7 11 78  22 10 43 72  5  9  92  2 84   4 14  1  76 15 11  75  6 59  62 19 97  13  1 23 118 13 83  25
 0  3 99 17 89  7  8 34 68 12  4  90  6 94  9 15 10 94 13 90  11  1 16 96  9 18  80  5 55  6 11 69  31  2 39 58 18 99   8  3 77  33  7 65  25  4 55  87 16 27  62 10 84  16 19 94   5 14  2 109
11 85  3 18 98  5  5  6 87  6 74   5  0 24 63 10 54 51  2 85  40  1  7 69 15 60  53 14 49 42  3 92  33 12 59 51  4 26  83 19 97  21 16 87  11  8 28  77 13 81  21  7 46  62 17  4 103  9 82  18
13 49 63  7 99 18  6 92 16 17 55  67 15 38 43 10 23 64  2 97  20 19 42 41 12 94   4 11 95  4  1 93  22 16 31 55  8 91   1 14  3 115  3 30  51  0 28  45  5 56  40  4 21  78  9 51  37 18 22  49
 6 51 53 19 65 23 12 71 14 13 81  28  5 56 32 10 45 67  9 41  38 18 26 48 14 52  52 16 88 20  7 97   7 11  3 74  0 32  60  2 16  64  3  1  72 15 13  71  4  8 105 17 50  38  1 66  34  8  5 116
 6 93  2  9 78  7 10 90  4 14 25  97 12 83 27  5 40 62 11 83  13  7 67 23  2 59  42 17 90  5 19 91  14  4 50 54 15 22  92  0  9  77  1 12  79 13 28  65 16 28  73  3 40  40 18 43  49  8 29  61
11 65 18 19 30 88  5 14 97  7 33  64 10 50 58  9 91 24 15 19  94  4 50 60  2 86  14 14 83 18  6 13 103 12 49 58  0 30  51 13 43  70 16 46  58 17 67  27  1  6  84 18 77   4  3 87   1  8 64  27
 9 92  6 19 96  1  5 76  2 10 42  44  4 39 39 11 17 78  0 46  60  6 61 54  2 17  81  3 29 61  7 69  23 13 58 42  1 69  26 18 98   9  8 60  54 15 97  12 16 76  23 14 41  42 17 55  57 12 32  53
 7 37 68  4 38 52  6 77 14  2  4  88  3 72 32 18 31 71  0 32  52  5 98 13  1 44  58  8 65 35 13 16  84 17 84 22 11 60  37 14 88  17 19 20  70 16 60  40 12 92   7 15 91  14 10 72  13  9 58  39
15 15 85 12 37 53  5 51 31  2  9  67  8 15 91  7 14 89 14 73  39  9 93  2  4 79  32  3 63 45 13 21 124  6 68 34 16  9 100 17 51  47 19 25  71  1 57  40 11 41  60 10 51  51 18 80  37  0 20 104
19 50 36 13 50 56  9 19 82  5 81  11  6  1 85  4  6 97  8 15 102  3 30 69 15 19  90 10 36 71  2 64  22 12 76 23  0 40  56  1 32  64 18 77  21 16 62  19 14 52  14 11  7  89  7 97  22 17 40  51
 7 29 68 17 35 66  5  7 86 12 59  51  4  1 98 14 65 22 13 92   8  2 39 49 18 56  80  9 93  8  1 29  88 11 54 47  0 41  42  6 54  58 16  7  82 10 85   3 15 74  28  8 79   3 19 72  51  3 79  23
 8 31 51 14  9 85 11 76  7 18 54  34 15 44 61 16 39 61 19 48  39 13 17 77 17  4  94  1 13 58  9 87   2  5 24 82  6 68  56  0 84  11  3 82  19  4  1 104 10  4  84  2 60  39  7 56  61 12 58  21