20 20
10 47  63  2 61 59  9  7 89  3 13 111  7 52  56  4 33 48 18 83 15 12 60 41  6 57  46 14  7  89 15 74  13  0 93  15  5 59 40 17 46  61  8  7 69 13 84  22 19 56 28 11 58 47 16 45  35  1  4  98
 0 97  39 14 15 81  2 18 59 11 73   4  8 37  69  6 94 53  7 20 69 15 69 58 12 13 119 18 26  67  1 48  61 16 71  40 13 96 17 19  5  98 10 42 54  5 15  90  4 64  4  3 36 95 17  6  76  9 74  20
 8 87  22  7 89 14  1 28 82 12 81  49  4 47  58 18 53 44 14 67 14  2 78  4 15 14 101 10 92  13 11 94   3 16 26  78  0 68 44 17 36  65  9 79 35  5 71  24 13 94  3 19 28 79  6 25 101  3  2 101
10 99  17 15 65 36  0  9 86  6 52  53 18 10 101 16 55 51  9 20 85  2 67 42 19 69  30  5 16 105 11 10  80 13 54  49  8 47 51  7  4 110  4 66 14 17 33  49 12  9 77  1 53 58  3 30  79 14 29  93
10 33  48 18 64 29 16 17 97  4 81  26  5 42  54  9 60 62  8 14 90  3 95 17 12 36  68 14 95  17 17 37  71  1 85   7  0 48 78 11 74  42  2 76 46 19 68   8 15 77 38 13 14 84  7 91   3  6 69  24
 3 86   6 12 16 83  9 34 66 11 83  27 19 79  39 14 89 15  2 22 68  1 74 29 10 58  34 13 71  37  5 22  97  8 36  71  7 53 58 17 80  46 16 53 66 18  1  88  0 57 54 15 68 39  4 26  90  6 26 107
 2  4  80  7 83 31  6 26 58 19 54  60  5 16  73  9 88 23 11 16 78 16 61 28 10 41  58  8 54  25  1 98  19 18  3 117  4 84 29  0 11  94 13 55 46  3 18  89 15 67 13 14 62 31 12 17  82 17 31  49
12 16  82  7 99  3 18 46 58 19 40  66  5 54  58 10 27 65  8 71 55 14 95  0 11  9  94 17 46  40  0 57  48  9 86   6 15  7 73  6 16  84  1 70 51  4 15  52  3 71 51  2 41 53 16 83  37 13 14  76
 8 30  65 12 24 81  7 95 25  4 41  50  5 53  66 10 84 13  3 55 69  9 54  7  0 42  85  2 75  21 13 55  58 11 57  56  1 62 32 19 23  70 14 28 86 16  3  97 17 83 20 15 88  4 18 11  91  6 68  32
17 78  16 14 63 43  5 21 69 10 64  36 13 91  25 11 75 13  9 53 11  4 35 67  2 77  52  7 29  59  0 68  38  3 92  36  6 89  4  8 49  42 18 47 35  1 33  84 15  4 98 16 58 62 19 18 100 12 33  82
 2 25  89 17 86 22  9 55 79 14 68  54  1 56  54  7 43 67 15 23 78  3 15 81  4 88  10  6 28  86  5 41  61  0 87   7 18 75 28 11 77  30 10 49 59 12 52  35 16 80 21  8 25 39 19 94   4 13 55  63
19 40  40 10 29 82  9 27 69  4 70  34  1 76  26  7 19 80 18 67 36  2  9 78 15 10  96 11  8 101  3 83  14  8 49  42 13 70 23 16 62  41  6 70 40 12 38  60 17 68 28  5 46 77 14 77  45  0  9  98
 0 72  40 16 82 18  1 78 19 12 12  88 17 98  14 13 98 28  8 46 80 19 79  6  4 88  31  3 11 101  7 36  63  9 67  24 18 97  4 15 22 107 10 53 59  6 21  76  2 22 96 11 17 82  5 43  57 14 60  73
 7 60  38 12 77 28 13 32 78  8 51  58 17 31  55  9 65 65 16 18 83 10  3 77  6 31  82  3 12 111 14 35  76  4 54  48 11 44 58 19 10  91  5 43 65  1 77  11 18 40 53 15 98  3  0 69  62  2 33  85
 5 72  32 10 42 59  1 20 93  4  2  94  2 50  58  6 67 21 14 81 11  7 95 27 11 39  59 18 45  68  9 82  13 13 50  37 15 89 27  3 77  33  0 63 39 19 44  82 17 42 96 16 40 76 12 86  17  8 84  10
 4 62  42 13  6 83 18 46 59  3 40  35 19 75  56 10 89 31 14 11 97  2 13 91 12 89  22  1 71  21  7 69  21 11 86  13  5 60 55  8 92  21 15 56 43  6 88   7  9 80 41  0 18 76 16 75  40 17 66  56
 8 51  36 15 16 62 16 60 25 19 38  72  5 43  72  6 94  1 12  3 89  2 53 55 10 80  26 14 96  12  0 70  26  3 66  53  9 83 43 13 82  20  1 83  2  4 70  61 11 22 54 17 94  8 18 46  58  7 57  40
 5  6 119 19 28 87 11 71 12 12  9 101  6 27  77  3 88  4  4 90  6  8 72 52  1 43  61 17 16  98 18 36 103  2 44  68 13 41 43 14 37  82 15 80 30 16 84  14 10 86 55  7 91 22  0 24  70  9  3  81
 7 43  80  1 27 88 10 46 37 18 67  47 14 89  15 16 10 94  5 63 37 13 33 42  4 14 107 19 95  10  2 61  47  6 66   6  0 68 28 12 46  76 11 27 69 15  5 107  3 17 89 17 64 39  8 10  76  9 74  29
 0 83  38  9 35 82 16 39 69  4 97  18  2 99  28  7 77 43 15 98  7 13 88 20  1 51  59  6 31  53 19 88  27  3 24 100 10 34 78  8 44  63 11 29 92  5 37  57 18 23 66 12 15 77 17 50  49 14 56  65