20 20
 7 86   3 13 43 49 17 61  47  6 99   0  8  7 83 11 70  34  4 21  72  3  2 86 12 88  6 18 38 72  9 65  40  2 81  35  0 38  66  1 51  56 10 81   5 16 37 55 15 72  43 14 94  18  5 44  65 19 99 29
 7 80  29 17 66 34 16 90   9 10 83  36  0 89  2 15  7  98 12 55  57  1 17 76  2 13 87  9 45 58 18 28  90  5 73  44  3 44  38  6 65  27 19 50  75 14 84  1  4 70  36 11 71  45  8 32  95 13 91 23
11 90   3 17 43 45 19 37  67  0 71  50  2 64 61  4 88  34  8 27  79 14 30 48 10 34 73  3 99  0  5 10  84 12 44  44 18 99   5 15 94  11  1 96  12 16 98  3  6 44  67  7  7 124  9 33  73 13 59 56
 2 34  70  7 52 69 17  5  91 12  4  92  1 84 33 16 54  31 13  3 104  6 97 15 19 39 67  3  9 87 18  9 119 11 91   4  5 60  32  0  4 116  4 63  29 14  3 98  8 35 106 10 79  33 15 66  48  9 97 12
 3 52  36  5 51 66 12 72  45  0 24 107 10 96 16 17 54  67 16 51  31  2 61 60  7 92 12  8 81 38  9 74  22 18 49  82 19 24  86  4 59  30 13  4 108 11 21 94  1 78  24  6  2 112 15  3 124 14 49 56
 9 42  64 13 47 55  6 10  89  0 27  66  7 38 81 18 92  13 12 88   3 17 16 99 19  3 92 10 56 27  3 80   5  4 10  82 16 26  68  1 78  36 15 69  45  8 91 16  2 82  24 11 77  37 14 73  29  5 96  6
 7 19  82  3 38 69  5 83  12 17 50  39 14 31 83 19 87  30  8 67  19  9 99 11 13 69 32 11 77 44  1  4 112 12 31  50 16 96  11  0 77  30  2 80  39 18 68 19 15 74  19  4 86  13 10 30  92  6 54 52
15 25  77 16 47 75 12 10  95  5 16 100  4 83 26  9 62  50 18  3 116  3 38 66  8 87 46 19 19 80 17 98   1  6  2 112 13 58  44 11 30  76  0 22  56  7 55 42 14 80   6 10 69  42  1 77  28  2 40 58
 2 17 102  5 98  5  6 25  81 19 41  76  4 62 39 18 28  82  1 52  62  0  5 78  8 25 79  9 37 64  7 93  18 12 63  19 13 23  56 14 58  37 17 92  21 15 70 73 16 90   6  3 29  97 10 26  80 11 69 35
19 41  52  0 65 58 17 34 101 14  4  89  7 73 28 11 79   6  8 58  42  6 14 80 12 97 11  4 71 32 10 97   3  2 95  13 16 58  35 13 12 105  3 17 101  9 66 50  1 78  23 15 68  54 18 69  34  5 53 38
10 27  82  4 83 22 14 20  78  9 12  87 19 86 18  6 34  80 18 36  69  0 28 75 13 63 23 12 37 87 16 23  87  5 50  38  7 90  18  8  5  87 17 17  91  3 80 17  1 35  86  2  4  95 15 41  72 11 81 15
 4 85  22 18 92 29 12 90  18 15 95   1  3 19 83  8 59  33 19 94  17  9 75 28  5 75 33  6 47 65 16  9  92 14  6 108 10 43  57  0 30  81  2 88  29  1 19 79 17 10  97 13 76  13 11 58  38  7 29 97
 4 23  97  5 87 17  6 50  58  7 76  31 11 26 89 10 28 100  0 36  77 17 35 88  2  4 97  9 32 70 14 22  73 13 74  42  1 52  63 16 13  68  8 14  95 19 61 36 15 47  43 12 87  31  3 73   7 18 64 57
 5 80  33  0 43 47 17 45  43 14 92  30  8 68 28 12 66  53  2 60  32  9 37 72 18 60 57  6 51 60 19 41  63  3 61  49 13 98  14  7 59  52  4 95  36 15 38 88 11 67  47  1 12  86 10 95  36 16 22 77
10 57  55  1 96  9 15 11  76  5 25  76  8 69 35  4 59  69  9 45  68 13 52 53 14 85  2  2 26 69 17 91  29  6 57  44  3 30  81 16 32  60 19 58  43 11 40 46  7 11 107 18 19 107  0 19 112 12 82 39
 1 81  10  5 83  9  2 77  39 16 45  62 11 63 25 17 95  10 14 25  89  8 48 77  9 27 75 18 56 50  4 54  55 12 82  15 15 32  91 19 99  11  7 41  53  0  1 98 13  2  95  6 61  21 10 23  90  3 26 78
 1 47  74 18  9 96  2 90  37 14 28  72  5 68 21  8 23  87 10 66  20  6 46 58 19 75 44  4 96  7 13 68  48  9 60  58 16 46  80  7 35  75 11  9  98 12 89  4 15 96  10  0 42  58  3  2 107 17 86 32
11 90  14  3 52 53 14 10 114  7 25  92  1 59 66 13 55  58 18 30  75  9 33 73 19 18 92 12 80  1  8 73  26 15 41  59  4  9 108  6 64  62 16 79  35 17 31 51  2 79  25 10 44  48  0 14  79  5 73 28
10 59  54  2 57 46 17 67  28  7 47  73  8 13 71 18 35  91 13 72  19  6 74 10  5 56 56 16 85 18  0 52  66 15 25  86  1 92   6  3 92   5 12 81  16 11 76  9  9 91   1 14 93  33 19 36  63  4 88 32
 8 28  80 16 89 36  0  3 112  2 75  33 11 31 54 10 87  28 19 66  37 17 67 42  7 34 84 14 19 66  3 30 106  4 91   0 13 53  56 15 81  27  6 13 120  5 15 84  1 59  17  9 17  80 12 85  35 18 11 91