20 20
17 24  82  7  8 92  9 42  74 12 87  0  4 95  11  5 14 84 14 30  48  8 89  20  0 69  11  2 32  77 18 59  45  3 20  77 10 26  62 11 35 64 16 83  27 13 25  65 19 48  39 15 51  50  1 58  48  6 99  19
18  5  84 10 34 19  6 32  43  3 29 98  4 44  70 16 79 23  1 73  24 14 13 123 15 25  85 13  8  67 11 37  76 19  6  98 17  1  83  8 31 72  0 97  10  9  7  91  2 47  59  5 91  31 12 74  33  7 38  52
13 67  31 16 68 34  8 44  58  7 31 81  4 90   1  3 29 71 15 21 114 19 37  64 18 82  25 17 27 101  5 33  62  1  1 113 10 73  34 14 35 83 12 83  16 11 79  17  6 79  23  9 92   5  2 44  65  0 78   8
13 13  97 18 85 13  4 76   2  6 84 13  5 77   4 14 20 75  9 63  29 19  1 109  1  5  90  3  5  76 10 50  51  7 11  64 12  8  79  2 14 73 15 34  76 11 20  88  8 58  67 17 32  39 16 56  35  0 74   0
17 71  56 10 12 73  8 79  17 12 78 18  3 26  68 14 38 55 16 72  29 15 83   1  2 51  68  0  9 107  7 45  36  5 13 102 13 31  69 19 91 32 11 40  67 18  5  91  6 91   9  4 24  75  9 96   2  1 72  50
 5 83  22  0 98 24 19 83  23 17 22 91  8  8  93  7 28 78 12 93  16  6  5 108  1 82  10  3 65  26 13 77  29 16 56  39 15 66  50  2 61 63 14 82  39 10  9  99  9 82   9 11 35  57 18 83  26  4 51  48
17 38  47 14 78 46  6 91  10  8 21 58 18 88   0  2 93  6 16 15  72 12 10 104  5 68  39  0 75  26  4 53  56 15 35  37  7 11 101 10 68 47  3 98  18 19 56  33  1 37  42 11 57  20  9 15  73 13 83   8
11  3  77  1 98  5 15 19  71 16 67 19  2 33  73 13 78 16  9 59  52 14  2  67  0 32  68  6 78  40 18 97   2 10 77  13  7 72  57  5 34 76  4 45  60 17 26  88  3 79  29 19 28  77 12 88  13  8 19  65
17 46  10 10 28 71  7 99  21  2 95 23 16 17  90 13 84 24 11 68  17  0 26  88  8 32 107  4 85  11 19 98  29  3 59  66  1 67  41 12 44 60  5 80  47 18 70  23  9 95   5 14 70  31  6  9 109 15 49  36
18 27  82 15 17 57 14  6 106 12 62 34  9 90  12 19 17 87 10 58  67 16 94  24  7 11  94 17 65  13  6 96   8 11 76  19  0 58  38  2 60 34  4 51  40  8 51  63 13 98   5  5 26  73  3 92   3  1 66  32
 1 92  16  0  9 92  9 71   7  6 66 36 19 57  34 17 56 37 11  8  92 18 80  31 15 11  79 16 78  45 14 50  60  8 37  81  7 92   2 13  5 84  3 13  94 10 63  22 12 21 107  4  6  93  5  2  79  2 27  63
15 70  29  2 55 54 10 13  86 19 50 65  9 23  98  3 75 45 17 24  79 16 69  15 13 72   6 11 53  53  4 94  42  6 25  88  1 21  84  7 57 39 14 16  76 12 17  81  5 70   7 18 34 102  0 42  54  8  6 109
 6 94   7  1 80 25 19 74  25 14 71 28 17  8 110 11 51 62 10 87  27  3 86  23 13 37  63  2 93   6 12 82  11 15  1  98  4 76   7 16 49 60  8 35  66 18 44  78  5 50  57  0 75  31  9 63  37  7  4 119
 2 19  68 10 40 57  1 30  79 19 92  7  5 10  97 12 60 30  8 32  65 14 71  22 17 73  27 13 61  69 11 31 106  4 94  11 16 61  42 18 85 33 15 91  32  0 98   9  6 35  64  7 55  42  9 84  29  3 93  10
14 68  32  0 13 69  8 30  71  3 83  8  9 46  58 10  8 99  2 41  58 17 83  18  4 33  61  6 19  71 19 75  40  1 37  68 16 17  82  5 29 89 12  5 104 13 62  37 15 96   2  7  7  96 18 73  24 11 39  59
 8 49  72 12 19 70 13 10  66 10 67 16  7  6  97  0 42 75  4 87  25 16 83  18  5  7  91 15 51  58 18 55  30  3 79  13  9 24  72  2  2 87 11 88   7 19 80  60 14 37  65  6 58  21  1 20  94 17 45  55
 8 89   8 12 33 59 19 27  80 11 20 93 10  2  72  4 26 83  2 88   4  7 24  72  9 62  82  6 68  22  0 59  26 15 53  29 13  7  93  1 85  7 16 66  35 14 14  74  5 22  85  3 15 108 17  8  71 18 58  42
 9 88  27  6 88  1 16 91  23  4 72 37  3  9  83  2 41 40 14 76  26  8 24  84 12 77  51  7 60  67 17 93   9 15 39  71 19 93   7 18 71 45  1 13  99  0 73   4  5 44  31 10 15  80 13 19  79 11 95   2
 9 93  19 18 34 54 12 36  67 10 82 35 14 28  53 16 52 42  1 22  90 17 33  70  4 77  28  7 27  77  0 62  66  8 59  29  2 52  52 15  1 80 19 39  30  6 85  41  5 62  47  3 34  61 11 77  28 13 74  52
 6 15 104  2 38 64 17 83  30  9 32 82 19 12 102 11 41 33 14 81  38  7 79  56  4 90   1  3 12 113  8 18  63 12 37  52 18  1  91 15 91 15 16 73  33  0  5 108  5 82  19  1 64  42 10 37  41 13 91   0