20 20
18 84  35 15  9  82  6 34  84  8 62  26 14 11 103 12 60  39 19 43  60 11 52  49  7 77  36  4 37 66  9 15  90 16 43 35 10  8  85 13  5 123  3 36  81  5 56  18  2 46 57  0 51 83  1 86   7 17 86  3
18 61  23 13 56  54  8 60  47  3 78  11  1 73  30 19 12 127 14  8  83 16 16  83  0 12  81  2 63 46  9 31  53 10 62 13 11 97  20  4 53  66  5  1  68 12  3  94  6 99  3  7 65 44 15 63  31 17 32 75
10 86  21  7 53  36  4 59  33 17 12  77 14 34  76  0 27  91  8  2 110  1 86   8 16 85  36  5 21 57  3 58  29 13 70 34  2 55  42 15 77  20  6 15 109 18 20  80 19 32 82 12 42 63 11 17 102  9 38 76
 2  3  72 19 13 104  5 67  34 16 13 110 11 63  19 15 88  10 13 68  59  4 21  87  0 21  87  8 86 26 17  7  99  6 91  1 18  8 107 10 56  61  9 92  20  3 58  21  1 94 13  7 54 45 12 57  42 14 87  3
12 29  94 15 74  29  2 89   4  3 18  74 11 38  38  7 75   2 10 18  79 17 15  87  9 95   6 16 11 77  0 24  88 13  4 86  4 12  79 14 17  84  1 34  81 19 35  91  8 62 31  6 90 17  5 48  29 18 21 82
 6 11  86 12 14  77 13 90  27  8 74  14 14 67  54  0 91  25  5 70  32 11  8 114  7  7  81  2 49 46 19 13  99  3 78 44  1 75  35 18 80  26  4 31  49 15 22  73 10 99 13 16 66 29  9 80  41 17 66 40
11 97   0 15 63  40 17 11  96  7 71  48 18  1  87  9 63  51 12 70  14  4 33  75 16 74  27  1 76 38  2 86   2 10 87 18  8  9  93  5 18  76  0 51  45  3 27  71 14 48 68  6 31 68 13 45  52 19 76  9
18 19  92 17 64  34  0 94   4  7  4  94  4 81  18 12  5 100  1 72  29 10 30  87  2  2 108 15 16 71 13 38  66 14 93 38 19 15  87  5 17  59  6 61  39  3 71  36  9 18 70  8 22 89 11 17  95 16 20 84
15 61  40 11 66  17 12 62  41  7 70  37  1 59  50  0 80  19 14 82   4  9  2 124 18 97   3  8 76 39 13 72  37  5 90  6 16 74  18  3 95  14 19 41  48  4  9 100 10 46 53  6 20 99 17 78  26  2 32 60
 7 61  44 18 90  11  4 37  54 19 86  28 12 15  66  9 19  75 13 62  56  5 82  23  2 86  33 15 59 41 10 92  28 14 89  7  0 82  18 16 48  56  1 13  88  6 29  83  8 28 57 17 45 40 11 84   5  3 62 58
17  7  87 13 86  25 18 79  22 14 67  26 19 85   1  1 68  37  6 94   0 11 61  32 12 47  40  4 49 68 15 50  51  0 55 38 16  3  85  3 18  93 10 79  17  8 32  71  2 43 41  9 97  5  7 53  75  5 44 57
10 20  94 14 50  59 12 72  16  9 90  14  2 25  46  0 24 102 19 43  50  5  4 110  4 26  61 13 62 51  7 42  66 11 77 27  3  9  96 15 61  17 18 19  54 16 69  53  1  9 93  6 60 38 17  5 113  8 54 54
 7 45  67 19 73  12  1 50  43 10 58  51 11 94   6 14 90  19  8 97   1  9 42  69  4 36  61  5 72 22 12 84   1 15 33 69 17 44  86 13 59  34  3 47  58  6 40  65  2 81 10 18 85  2  0 26  60 16 28 60
17 67  46 11 46  65 13  9  80  1 40  71  2 81   0  4 97  26  7  7  77  0  2 100 10 69  46  8  9 92  3 17  78 19 81  5 14 81   5  6 46  46  9 26  70  5 30  58 18 88 30 16 73 19 12 44  54 15 99 18
11 16  82  3 62  52  5  3 115 19 30  70 10 16 119  1 40  45 17 62  49  7 96  22  6 75  25 13 69 26  2 86  10 18 90 15  0 93   4 15 15  79 12 30  76  8 46  38 14 50 43 16 29 78  9  9 107  4 97 28
12  5 102  8 73   6 16 54  45  0 81   4 18 26  92 13 36  75  7 35  45 19 56  34  4 62  37  9 31 77 17  2 112  5 23 64 11 60  42 14 12  69 10 88   2  3 38  34  6 95 34 15 65 35  1 86   8  2 64 37
 9  3  93  5 99  23 19 81   7  7 93  19 11 82  15 12 17  73 16  1  88 14  1 116 13 32  57  0 36 27  8 30  58  4 62 22 10 90   0 18 20  96  1 98  12  6  3 104  3 66 57 17 75 28 15 79  22  2 67 23
19 52  48  4 76  40  6 79  32  1 63  59 14 52  55  2 23  73  0 35  62 18 22  83  7 58  49 10 13 66  3 26 100 12 68 39 15 84   1  9 16  84 13 28  80  5 28  66  8 54 57 17 76 26 16 86  27 11 47 42
19 74  37  3 34  64 15 68  13  4 37  66  7 26  52 12 48  78 13 29  76 16 24  72 18 60  45 14 98  9 17 54  54  5 97 13  8 19  83  0 99  25  2 62  46 11 46  53  6 25 78 10 53 40  9 11  70  1  4 82
11 15  70 17 92   2 13 41  65  4 63  58  3 87   1 15 67  39 18 77  34 12 89   0  0 65  18 10 17 75  5 24  72 19 67 20  9 10  78  2 87  15  7 91   3 14 58  36  6 52 50  8 26 80  1 33  76 16  3 77