30 15
 3 99   1 10 43 73 14  6  93  1 99  2  5 23  81  8 98  16  4 84   2 11 24  85 13 30  64 12 53 46  2 34  70  9 95  32  7 50  60  0 48  34  6 38  90
 6 19  82  4 24 63  2 65  10  3 16 84 14 94   5  5  9  68  7 60  34 13 32  80  9 59  49  0 85 22 11  9  83 12 36  75  8 22  53 10 25  72  1  5  69
 4 54  52  2 62 18 10 93  10  5 78 39 12 59  25 13 71  20  3 49  41 11 88  10  9 40  58  7 13 77  8 17  76  6 88   8 14 47  34  1 30  82  0 56  52
 0 60  19 13 16 93  4 79  33  1 84 22 14 84  44  9 42  59 12 59  52  3 14 110  8 74  44  5 60 17  2 98  14  6 17  77 10 42  46  7 31  58 11 19 110
 6 49  46  1 52 52 10 46  53  4 50 74  8  1 110  5 14  91  2  2  95  9 56  47  7 64  13  0 51 71 13 75  17 11 28  62  3  9 114 14 37  33 12  6  97
 5 59  29  6 65 59 12 85  17  3 40 73  0 23  71  4 39  57  2 99  14  8 46  39  1 17 115 13 94 14 11  6  90  9 67  42 14 69  27  7 86  36 10  8 100
11 10 103 13  7 99  1 22  86  6 36 40  4 31  51 12 75  11 14 57  62  0 49  16 10 44  70  8 21 92  5 77  30  7 70   9  2 64  23  9 46  62  3 69  15
 5 53  66  2 74 43  1 93  20  4 26 83  9 54  46 13 89  13  8 82  16 10 66  55 11 37  81  3 63 41  7 71  25  0 17  70  6 58  50 12  4  91 14 46  55
 7 76  11 13 72 25 12 42  68  5 17 96 10 27  89  9 56  66  0 78  19 11  5  95  8 72   6  4 19 69  2 90  18  1 46  36 14 43  76  6 56  45  3 17  90
 6 18 101  7 79 23 14 93  14  1 71 20  9 48  71 11 23  61  3 20  68  5 90   5 10 94   2  2 87 13  8  6  86  0 36  65 13 84  34 12 25  51  4 83  18
10 52  33  0 61 21  3 45  64  4 60 35  5 15 105 11 74   6  7 49  45 12 26  99 13 94   4 14 54 30  8  1 115  1 58  45  6 56  44  2 54  65  9 72  33
 5 63  47  0 73 43  9 82  16 11 84 20 12 15  58  6 54  60 10 52  23 14 52  50  8 36  42  4 21 62  7 45  49  3 41  52 13 21  73  1 97  16  2 50  44
 8 90  13  0 90 30  7 77  12  4 33 62  3 31  83  1 26  56 13 14  88  5 75  41  6 92  32 12 70 17 11 55  37  9 56  36  2 39  70 14 49  70 10 23  73
 4 87   1  9 47 54 13 58  30 12 34 87  6 29  81  2 83  32  7 24  85  1 48  46 11 97   4 10 89 33  8 84  41 14 82  19  0 53  30  5 99  11  3 10  95
 7 35  56 14 32 91 11 30 101  2 93 12 10 58  30 12 28  84  1 88   4  3 16  83 13 98  15  9  4 88  4 82  27  8 98  21  5 26  93  0 29  71  6 77  10
13 18  82 12 92  5  4 62  32 11 59 64  1  3 126  0 94   1 10 34  46  6 56  53  5 24  50  9 18 84  2 66  22  7 53  55  3 30  63 14 41  53  8 10  63
 0  2  97  7 26 68 12 17  79 14 18 99  3 60  38  2 39  59  8 23  99 11 95   4 13 81  36  9 56 42  4 34  49  1  8 104  5 47  50  6 72  33 10 56  30
 5  6  92  6 79  4  7 65  35  4 58 12 12 94  15  9 45  54 11 80  23  3  3  93 10 29  93  8 80 20  1 27  70  0 60  22  2 94  13 14 14  75 13 76  26
12 31  85  4 79 12  3 87  14 13 79  2 11 57  53  6 48  59  5 33  70  0 42  44 10 93   6  1 86 22  2 54  33  9 32  65  7  8 139  8 16  95 14 63  16
 0 96   2  7  1 58  3 75  36 11 42 47 10 45  56  1 51  51  8 10 110 12 58  57  5 71  33  6 92 33  2 23  78 14 18  91  9 63  46 13 27  76  4 63  45
14 84  10  5 82  4  7 16  90  1 61 13 10 43  57  6 75  27  9 28  93  3 15 100 12 19  57  0 93  3 11 22  86 13  1  89  4 62  52  2  9  62  8  5  91
12 46  71 11 29 49  6 50  37  8 12 43 13 72  47 10 18  78  1 79  26  7 73  35 14 23  76  9  1 89  4 58  41  3  1 111  2 95  13  0 25 104  5 71  38
 8 10 100  9 39 40 11 49  52  3 56 32  4 71  45 13 40  76 10 90  18  2 28  94  0 89   2 12 42 45  5  9  62  6 92  24  7 52  66  1  6  89 14 20  58
12 70  53  8 63 38  6 68  34  9 97 18 11 86  15  5 81  29  2 38  43  7  7  66 14 53   4  0 48 40  4 43  62  1 59  40  3 88  26 13 29  45 10 87   7
14 81  23 11 97  8  8 65  33  4 60 45 10 15  86  5 29  57  3  9 103  2 80  23  6 78  21  9 85 17 12 95   4 13 85  16  0 91   6  1 28  82  7 92   6
 7 39  69 14  6 99  4 59  26  0 34 31 12 34  77 10 32  59  8 12  71  5  7  80  3 35  84  1  4 70  6 53  15  9 69  14  2 89  26 11  3 108 13 40  46
11 98  10 12 85 21  4 51  36 14  9 90 13 24  73  1  7  88  5 59  45  8 98   4  0 50  45  7 98 31 10 64  53  9 31  72  2 31  70  6 29  67  3  1  83
14 59  47  8 68 47  7  3  94  1  8 89  0  2  95  6  9 126  9 69  59 12 14  73  5 72  19 10 84  3  4 69  34 13 54  65 11 45  63  2 59  53  3  7  80
 8 92  31  7 21 71 10 53  51 14 64 37  5 59  26 12 79  28  9 52  67  2 14 102 11 61  17  1 86  8  3 82  26  0 98   2 13 83   6  6 24  69  4 87   4
 2 51  55 12 70 24 13 94  15  3 80 44  0 35  58 14 56  57  6  8  95  5 94  21 10 11  78 11  3 69  8 60  22  9 73  50  1 26  81  7 21 109  4 45  55