30 15
13 79  19  0 31  82 10 42  39  2 88  22 12 16  49  8 99  14  5 82   0  6 53  57  4 29  85 14 49  27  1  9  79 11 15 95  9 92  18  3 73 17  7 98   1
 7 76  45  3 89  32  0 48  46 12 15  71 13 54  43 14 37  51  8 53  56  1 63  20 10 44  52  4 91  10 11 13  89  2 73 33  6 42  52  9 99 19  5 41  79
12 49  55 14 52  70 10 25  72  1 89  10 13  3 111  5  2  99  3 40  55 11 44  60  6 94   0  2  7  93  4 68  40  7 73 53  8 73  20  0 30 60  9 14  87
14 28  89 13 49  61  1 13  83 12 87  32  7 62  38  0 10 103  4 29  77  5 62  45  3 34  77  2  7  84  6 47  41  8 40 57 11 57  59 10 80 32  9 86  43
 7 39  68  5 12 125  1 34  61  3 91  18  8 48  37 12 71  25  2 45  71 13 98   9  0 23  82  4 91  21  6 90   1 10 41 90 11 90   5 14 54 53  9 87  25
11 30  72  5 63  45  4 57  53 14 36  64 10 72   2  3 54  51  0 69  34  9  9  84  7 53  61 12 72  38  6 68  35  2 33 85 13 61  33  8 12 83  1 89   4
 5 65  48  8 40  74 12 34  83  9 37  58  3 64  47  2 62   8 14 14 113  4 78  60  1  1  90 13 65  56  7  2  69  0 67  9 11 56  55  6 75 18 10 26  76
 7 22  82 14 98  15  5 67  18  9 56  55  3 41 100  1 89   3  4 25  82 10 94   2 12 76  35  2 37  66  6  8  86 13 84 20 11 73  23  0 65 13  8 74  26
10 44  33 14 33  85  6 41  51  5 52  44 13 86  14 12 11 104  3 60  47  8 87  23  0 13  93  7 40  66  2 62  28  9 47 59  4 39  50 11 65 16  1 77  33
 6 88  11  5 31  60  4 63  51  3 49  57 12 50  50 14 77  31  7  6  92  9 80  14  1 20  64 13 30  67 11 11  87  8 41 72  2 43  68  0 74 28 10 73  36
 5  7  90  1 69  47  0 69  44 11 53  46 13 52  59  6 33  88 12 19  82  7 84   5  2 12  92  9 36  78  3 85  11  4 74 26 10  2  87  8 97  7 14 52  26
12 33  75 13  8  98  0 74  36  3 75  23  2 51  57  5 64  40 10 55  22 11  7 127  4 81  16  1 82  63  7 70  32 14 33 95  9 84  18  6 37 86  8 48  49
11 54  57  0 97   9  9 79  34 12 71  36  7 70  38  2 84  25 13 28 103  8 14  96  5 20  84  4 99  12  3  6 105  1 30 61 14 51  45  6 68 30 10 41  62
 5 10  96  8 90  23 13 14 118 10 72  26 14 30  92  7 77  20  9 69  42  0 56  62 12 78  21  2 55  49  6 98  16  4 91 16 11 27  90  3 36 84  1 86  12
 9 92   4  3 97   6 10 71  47  5 13  93  2 93  41  6 65  13  7 44  45 11 46  33  4 71  13  1 69  42 12 26  47 13 18 58 14 31  58  8 10 98  0 47  29
 1 47  89  7  5  90  2 14  74  5 47  52  6 81   5  9 84  42 10 62  51  8 91   4 14  5 102 11 58  63  4 77  32 12 55 38  0 49  21  3  5 96 13  5 107
13 46  68 11 96   6  5 61  42  2 67  33  0  2 114  6  9 103  8 94  31  9 38  71 10 66  42  4 25  71  7 67  46  1 57 35 12 79  50 14 74 30  3 47  16
 9 74  32  8 52  87  1 50  46 10 43  58  3 93   5  2 30 111  6 85  40 11 75  22  0 58  65  7 47  61  5 70  14 12 42 67 13 62  41 14 58 43  4 81   3
 5  5  79 12 42  67  3 63  47  0 42  62 13 28  71 10 40  51  7 36  53  9 49  58  6 65  16 14  6 101  1 14  96  4 20 94  2 85  13  8 41 51 11 70  35
 5  7  88 10 36  72 11 54  38  7 91  18  4 98  21  6 31  47  9 33  53  0 72  13  8 21  69 12 61  44  2  1 116  3 30 61  1 85   9 13 79 27 14 32  63
10 79  24 14 82  13  3 49  58  1 51  57 11 43  50 13 16  73  9 44  60 12 62  51  6 20 105  8 12  81  0  7  85  5  1 94  2 64  18  7 21 90  4 37  48
14 94  12 12 75  25  8 56  46 13 25  77  6 89   9  9 72  12  5 84  14  2 71  40  7 74  44 10 83  12  3  6 103  1 69 14  4 87  15 11 19 89  0 68  26
11  7 118  8 29  72  7 15 108  6  3 107  0 62   8  9 53  50 13 92   1 10  1  92 12 27  81  5 21  64  2 66  37 14 92  0  1 19 111  4 22 75  3 48  65
 1 75  42  9 12  66 12 46  47  7 37  38  5 72  29  8 35  51 13  6 100  2 32  56  3 50  66 14 33  82  6 14  78  0 34 64 10 93   8 11 83  5  4 11 110
 2 87  21  5 56  35 13 70  32  0 81  24  9 80  27  3 58  46  8 75  22  1 48  58 12 55  56 14 92  13  6  9  99  4 16 68 10 41  68 11 71  6  7 63  34
 1 29  79  8 66  37  7 18  83 14 55  41 10 53  56  3 81  12  5 47  64  6 86   2  4 33  89 12 30  76 13 75  43 11 73 31  0 27  80  2 51 43  9 67  54
 2 60  50 14 17 103  3 18 110 13 61  68 10 82  33  5 72  29 12  5 103  7 92  21  1 75  30  8 91  41  0 89   7 11 35 80  4 53  69  6 68 47  9 85  23
14 82   8  4 54  43  3 96  23  2 19  95  9 20  92  0 67  42  8 27  71  6 77  10  7 59  40 11 87  14  1 40  73 13  7 96 12 46  83  5 32 91 10 84  20
 9 69  25 12 52  35  5 26  71  4 65  17  2 89  20  3 51  68  0 79  27 13 51  59  8 27  73  7 91   9  6 23  49 10 59 34  1 99   6 11 51 45 14 70  25
11 62  32  6 57  42  7 30  86  8  5 102  5 30  45 14 13  82 13 39  67  3 31  48 10 16  74  1 68  31 12 32  83  0 83 40  2  4 104  9 27 85  4 27  57