30 15
10 36  79 11 32 104  9 40  59  8 47 49  1 87   1  7 55  43  6 77  16  2 27 71  5 89   7 13 72 54  4 93   7 14 15  87  0 98  10 12 95   0  3 32  77
12  7 109  8 42  71 14 84  13  3 76 50  1 44  62  7 66  38 13 47  48  6 72 22 10 24  88  5 68 26  4  5  87  2 35  80  9 13 124 11 55  48  0 73  68
12 59  68  0  7 113  3 85  16 13 57 12 14 98  26 10 71  26  2 61  31  6 98  9  9  3  94  1 61 34 11 12 101  4 44  66  5  7  94  7 28  98  8  3 114
14 16  93  3  3 101  7 97  23  2 27 54  6 97   5  5 93   2 10 19  69  8  9 85 11 70  45  1 19 91  0 92  30  9 27  94 13 76  19 12  1 118  4  4 114
 6 71  24  5 53  44  7 36  57  4 63 46  9 16  89  3 35  72 13 27  76 10 36 50  1 79  29  0 92 32 14 23  80 11 60  42  8 49  68 12 52  64  2 19  67
 7 48  55 11 88   2 12 68  40  9  6 96  8 63  59  2 25  93  3 28  73  5 67 25  4 62  56  1 53 73 10 51  60  0 65  31  6 97  21 13 15  94 14 79  25
11 49  45 12 65  36  1 26  92  7 72 35 14 60  43  6 15  97  3 70  33  5 26 82  8 71  25  9 48 70 13 79  35  4 54  28 10 98  18  0 81  19  2 43  67
 3 35  95  9 28  62 11 88  17 14 58 26  2 87  31 13 18  90 12  5 108 10 74 14  6 43  75  7 28 85  0 82  25  1 34  86  4 28  75  5 98   2  8 73  24
 9 83  42  2 93   2  3 86  40 13 62  3 10 18  97 14 70  61 12 67  17  1 66 39  7 14  95  0 62 44  6 47  40  8 51  55 11 90  23  4  2  93  5 98   1
 0 28  88  7 94   3  3  6  88 14 66 35  4 79   1  8 71  39 13 35  49  2 57 37  1 69  37  9 75 32 12 84  28  5 47  70  6 21  73 10 66  70 11 66  22
 2 20  75 12 62  38  0 37  72  4 71 56 14 19  78 10 63  35  8 90  36 13 79 25  7 87   2  3 40 78  6 92  13  9 15 107  5  5  93  1 76  38 11 45  84
 5 71  30  2 59  50  8 99  10  6 70 24  4 27  60 12 54  25  9 82   0  1 62 37 10  7  99  0  5 91 14 12  76  7 90  16 13 92   7 11 83  23  3 71  17
14 90  17  5 79  13  0 48  46  3 66 54  7 86  23  1 87  26  4  3 117  8 49 39  2 84   0 12 98  6 11 46  50 13 58  32  9 74  14 10 11  91  6 21  74
 5 56  42  2 49  47 14 93  18  6 11 83 12  5 105  4 32  52 10 19  70  9 96  7  3  7  79  8 80 29 13 96  29  7 17  81  1 22  83  0 45  54 11 84  37
 4 93   5  9 18  94  0 25  62  6 69 50  1 65  36 10 40  55 13 85  23  3 19 87  2 88  34 12 78  4  5 35  85 11 53  30  7 46  75  8 73  42 14 16  75
 2 36  66  5 18  91 12 36  72  4 34 68  1 64  49  7 80   8  6 87  31 14 40 63  3 39  87  8 63 41 13 42  52 10 74  36  9 34  52  0 87  31 11 49  68
 6 84  44 10 79  26  1 63  50  8 15 87 12 73  45  2  1 100 11 58  42  9 27 59 14 67  67  5 81 12  0 18  83  7 35  79 13 52  51  3 34  46  4 95   9
 2 64  29  0 48  44  4 82   4 10  1 95  3 11 100  5 19  86  7 27  70 12 93 20 14 42  62 13 83  4 11 12  92  9 37  62  8 55  54  1 66  61  6 42  31
 5 77  35  6 13  81  8 55  35  0 15 87 10 72  18 11 20  75 13 71  38 14 45 42  7 39  59  2 61 60 12 73  18  1 93  25  4 34  62  9 62  29  3 66  57
13 68  32  8 15  99 11 97   7  7 85 13  9 81  20 10 53  21  3 49  51 14 70 25  4 96   8 12 65 34  1 72  58  6 76  28  2 71  32  5 81   3  0 77  39
 1 62  65  6 84  13 14 58  47  3 36 65 12 63  39 10 69  26  7 10 100 13 51 62  5 34 106  0 27 84  4 19 102 11 98  29  9 21  80  2 16  77  8 23  69
 7 60  48 11 17  93  0 89  33 10 87 42  1 52  56  2 80  20  5 17  82  4 30 93  3 82  36  9 50 42 14 53  34  8 78  30  6 69  32 12 77  33 13 67  51
 6 56  90  7 40  55 12 32  90 13 37 74 11 37  73  3 12 100  8 11 102  1 36 65 10 85  16  9 89  9  0 85  46  5 32  67  2 66  35 14 98   2  4 79  23
 4 32  88  6 56  58  1 22  88 10 95 43 12 55  43  9 20  99 14 46  51  7  8 89 11 68  10  0 49 49  5 86  10  3 92  26 13 25 120  8 24  82  2 13  86
 7 53  45  2  1 108 10 92   9  9 65 37  5 10  88  3 92  12  1 92   5 13 48 57 11 39  55  8 53 53  4 49  64 14 26  71 12 75  32  6 84  23  0  2  82
 3 14  89  4 67  55 12 84  22  0 31 88  7 61  42 11 63  53 10 24  76  2 51 34 13 22  82  5 33 71  8 54  36  6  8  82 14 38  62  9  7  79  1 67  50
11 68  26 12 10  98  0 55  62 13 30 87  6 26  60  2 17  75  1  4  99  9 98  4  5 55  64  7 45 53  3 27  78 10 76  32  4 96  25 14 65  47  8 60  57
 0  9 106  9 24  74  8 22 103 12 40 62  3 47  74 14 73   1 10 72  12  7 70  9  2 66  38  1 19 81  6  3  79 11 97   5  4 98   1  5 85   2 13 51  46
 4 54  26  2 19  73  7 72  17 11 38 77  6 18  71  3 84  32  1 71  26 10 80 44  8 46  46  9 25 70 13 29  71  0 57  36 12 92  24 14 41  63  5 75   5
14 16  91  6 79  18  2 53  56  8 98  9 10  8  64  4 20  84 11  2 108 13 64 27 12 61  15  7 78 38  3 91   6  5 35  82  1 55  28  0 92  23  9 78  34