30 15
 7  7 112  0 11 116 12 34  46  5 56  45 11 14  88 10 33  69  8 95   0  2 64  34 13 12  93  6 22  91  4 87  28  3 32 70  1 54  47 14  5 107  9 55  42
 7 57  22 11 11  90  6 33  70 10 56  35  3  9  75  1 71  20  4 99   3  2 31  79 14 52  54  8 33  68 12 96  35 13 46 48  9  1 114  5 48  39  0 55  57
 1 90   4  2 57  72  8 80  37  5  8  82  4 36  68 10  7 113 12 41  73 14 31  81 13 31  82  6 48  51  7 68  49  9 19 61 11 25  80  0 38  39  3 88  48
 7 87  18  5 24  70  2  1 108 10 49  54  1 63  39  3 27  82 13 98  40  6 22  92  8 35  73 12 18  91  4  7  84 14 55 50 11 55  63  9 87   6  0 29  76
13 33  62 12 36  64  0 75  14  9 17  94  3  8  88  5 55  46 10 53  78 14 31  65  4 95  17  8 31 102  1 67  40  6 80 13 11 87  23  7  5  94  2 58  46
 8 75   7  6 25  86  4 76  18  3 72  35  5 78  27 11 22 100  0 81   7 12 37  71  9 27  83  1 85  12 13 71  17  2 16 91 14 86  12  7 78  12 10 14  97
 3 90   6  9 54  49  5 98   2 13 10  80  8 75  46 14  4  87 12 24  72 10 10  87  2  7  75  0 15  69  1 43  66  6 90 14  7 81  21  4 49  33 11 88  29
 6 96   7  8 81  23 14 92  32  3 31  78 10  9  85 11 65   9 12 35  61  4 98  16  7 85   6  1 37  46  9 43  87 13 96  8  2 91   3  5  1 103  0 36  79
12 40  71  8 45  56  3 94  29  0 21  77 14 87  20  6 68  39 11 35  86 10 63  61 13 37  78  1 53  54  7 98  31  5 94  7  9  6 106  2 25  78  4 72  28
14 35  80 12 55  39 10 26  79 11 98   8  3 23 100  5 65   2  8 88  25  2 71  28  9 35  77 13 59  58  0 84  37  4 31 86  7 76  13  1 13  72  6 89  19
11 77  39 13 34  49  7 60  30  9 76  38 12 58  50 14 63  67  2  2 110  5 44  67  8 91  25  6 42  37 10 53  67  3 45 49  4 45  59  1 59  21  0 99  12
 9  6 103 10 56  51 11 47  56  4 95  11 13 36  94  8 63  60  1 85  38  2 47  36 14 60  24  0 35  87  5 82  16 12 90 29  6 30  71  3 76  28  7 94  11
 9 58  35  3  2  89  6 69  59  4 19 101 10 64  51  8 27  85 12 17  96  5 33  80  1 48  54 14 81   5 11 86   6 13 28 65  0 94  31  2 71  48  7  3 109
13 93  18  7 40  68  5 95  10 14 36  70  0 38  48  6 47  70 12 24  99  9 97   5 11 11 103  3 55  24  2  7 127  1 68 25  4  3 104 10 44  67  8 47  51
10 79  31  2 33  78  9 65  37  5 57  28  3 55  17 14 78  28 13 31  62  1 60  39  4 79  21  0 25  86  7 76  25 12 96 44 11  5 109  8  5 109  6 38  61
 1 75  42  4 29  85  3 77  23  9 50  57 14 31  79  0 50  54  5  5  93  7 25  69  2 70  43 11 38  85  8 91   6 10 71 41 12 84  16  6 80  23 13 76  31
13 64  20  3 85  37  5 96   6  9 11 108  7 73  24  1 41  57  4 50  59 10 27  69  6 40  43 11 54  53  0 63  49 14 74 31 12 84   7  2 76  44  8 58  37
14 66  12  0 75  37  1 54  37  9  4 125  7 16 113 11  6 114 10 89  19 13 29 100  6  3  86 12 10 104  2 93  32  5 53 36  4  8  99  3 59  42  8 22  91
 7 17 117  5 76  33 11 84  12 14 45  62  8 70  67 13  5  79  3 55  38  6  7  93  9 26  77  4 59  56  1  2  89  2 18 83 10 66  47  0 58  26 12 99  23
 5 57  65  1 84  19  8 50  78  2 54  28  6 92   6  9 34  84 12 58  54  7 51  64  4 34  72 10 60  42 13 42  24  3 66 72 14 18  73  0 11  95 11 59  40
 8 85   6  5 31  50  1 29  74 11 18 114 10 46  56  6 29  48  7 49  60  4 37  79 12 42  69 13 18 109  0 77   6  9 67 37  3 61  45 14 46  39  2 91  12
 9  2  86  2 66  35  5 75  44  4 83  32  0 63  47  8 62  45 14 71  73 10 20  96  3 42  49  1 59  39  6  4 120 11 67 34 13 95  14  7 76  19 12 80  41
14 46  70  1 83   2  0  7  70 12 37  54 10 60  60 13 76  40  6  6 121  3 84  25  8 82  36 11 94  12  5 36  89  4 79 19  2 46  32  9 90   9  7 94  11
10  8  80 12 60  51  1 99   8  7 70  28  5 22  91  8 91  25 11 68  45  9 87  32 14 11  98  3 51  40  2 66  33  6 19 89  4 28  56  0 47  75 13 66  37
13 91   4  2  2  96  1 39  65  5 12 101  4 11 124  8 17  99 14 86  35  0 68  38 11 88   2 10 86  25  7 78  26 12 75  2  6 86  20  3  5 104  9 79  35
 1 18  96 13 90  11 10 91  19  0 21 100 12 45  59 11 31  81  4 66  39  3 49  56  7 95  15  9 11  93  8 57  66  5 31 64 14 36  60  6 57  70  2 88   0
 5 56  37  7 18  92 10 45  61 14  9  95 12  4  97 11  2  92  2 96   1  0 60  46  9 45  68 13 57  58  4  5 118  6 49 51  1 90   5  3 31  63  8 97  27
11 95  41 10 96   1  9 41  61  7 75  24  8 61  52  1 65  49  3 19  64  6 38  52  2 78  60 12 85   8  0 29  66 14 65 25 13 77  45  4 67  21  5 84  24
 2 64  55  8 62  56  0 52  39 10 21 107  1 82  14 13 27  85  5 93  33 12 65  47  3 32  50 11 47  79  4 66  53  7 39 58 14 45  40  6 78  24  9 26 100
 1 22  90  8 52  34  5 36  94  3 31  74  6 41  62 13 92  22 11 98   5  0 68  43  4 57  42  9 32  57 10 82  34 12 39 50  2 83   2  7 48  69 14 85  10