30 15
 3  4  68 11 27  65 14 90  29  5 76  8  8 76  30  6 16  91 13 38  52  0 72  25  1 80  25  2 94   4  9 97  36 10  5 86  7 44  75 12  9 103  4 23 95
 0 47  66  3 48  27  4 69  26  8 84 28  9 25  93 10 34  34  5  8  70  1 32  77 12 62  32  7 90  13 13  2 100 14 92  9  2 55  30  6 25  82 11 37 56
12 87  23 10 54  41  5 76  22  8 80 53  7 17  90 14  1  70 11 26 102  2 36  67  1 12  88  6 56  60 13 71  21  4  6 77  9 42  56  3 89  10  0 96 34
 5 25  86  0 11 101  9 69  40  1 38 88  8 98  15 14 50  25 10 98  21  7 50  65 11 19  78 13 76   8  3  6  91  4 95 21 12 19  84  2 37  60  6 34 61
12 10  80  6 32  64  3 94  15 11 22 39  2 55  50  8 58  17 14  6  78  5 78  25  0 36  75  9 56  39 13 16  64  4 22 70  7 59  51  1 41  45 10 63 32
 6 12  85  7 59  37 14 95  21 13 93  9  0 93  11  2  7 100  8 95  10  4 10  79 11 23  66  9 48  41  3 84  32 12 64 32 10 14  84  5 90  10  1 69 34
 8 43  67 12  1  87  9 27  71  7 30 73 11 25 103  5  3  88  6 94  11 14 77  27  4  6 103 13 42  52  0 17  89  1 76  8 10 29  76  2 63  47  3 59 55
12 14 110  7 59  46 10 27  81  1 59 59  5 56  35  4  6  89  9 48  36 13 43  24  2 27  55  0 27 102  3 43  86  6 32 78 11 11  93  8  5  77 14 25 38
 8 14  80  7 47  63 13 21 100 12 32 81 10 29  73  6 40  51  1 63  34  3 25  73  4 49  51  2  4  98  0 67  49 14 27 75  5  9  72  9 75  19 11 15 94
 8 70  18  7 97   8  6 52  39  3 22 93 14 87  10  1 87   6  0 36  72  2 86   9 12  2  67 11 93   7 10  1 107  5 16 79  4 70  34  9 99  22 13 43 97
 2  5  65  8 28  70 13 77  31 11 23 64  1 63  68  5 69  40 12 35  64  3 22  79  6 90  18 10 46  43  7 67  42  4 63 39  0 63  37 14 24  76  9 79 30
 1 69  32  6 25  67  8 65  33  4 29 82  7 51  37  5 88   5 13 70  34  0 25  79 14 58   7 11 20  83 10 24  75  3 38 53 12 34  59  2 71  31  9 66 39
14  4  89 13  4  86  9 34  69  8 21 74  7 60  11 12 55  50  1 70  29  4 68  47 10 80  25  6 56  37  2 29  69  3 97  9  0 84  13  5 66  37 11 50 49
 9 88  17  2 81  34  6 50  21  1 38 69  0 52  39  3  7 106 12 33  75 14 46  52  8 59  35  7 38  83  4 14 101  5 66 45 11 72  16 13 80   4 10 97 16
11 35  79 10 88  12  8 98   5  3 78 17  5 86   1  7 13  98  2 94   6 14 25  72 13 50  29  6 76  13  9 89   3  0 41 35  4 53  19  1 10  83 12 99  8
 0 42  75 13 16  54  8 44  72  6 40 66  3 35  81 10 71  40  7 52  64 11 35  85  2 98   8 14 73  37  5 92  28  9 44 67  1 35  60  4 79  19 12 17 79
 9 46  26  5 55  73  1 74  16 12 80  3 11 89   2  2 61  56 14 34  69  7 75  14  4 39  41  8 47  78  3 70  45  6 84 22 13 26 106 10 44  61  0 82  8
13 77  18 12 40  62  4 43  58  2 76  7  8 69  16 11 42  57 14 25  90 10 34  65  1  8 103  3 77  17  6 57  44  5 56 35  7 80  32  0 12  69  9 89 12
12 96   1 14 53  61 10  3  83  5 49 54  2 76  33  7 37  47 11 50  43 13 73  17  8 98  19  6 44  71  3 89  23  9  2 99  1  1  97  0 99  29  4 89 24
 7  7 100 12 91   2  0 32  77 10 44 17 13  2  79  8 66  46  6 62  28  5 22  79  9 23  49  1 92   8 14 70  27  3 31 63 11 10  57  4 94  14  2 89  2
 6 46  41 12 15  85  7 23  83 11 70 32 13 57  56 14 67  27  3 58  62  9 92  12 10 66  26  4 55  34  1 13  84  8 33 82  2 64  30  5 36  52  0 21 83
 9 39  79  2 35  64  3 90  14  1 67 23 10 70  46 11 94   8  5 48  70  8 76  13  6 93  22 14 46  24  0 34  57 13 58 26  7 74  57 12 49  63  4 80  9
 0 99   2 14 10  91  1 90   3 12 60 41  5  5 128  8 17  79 11 24  76 10 83  26 13 37  51  6 59  29  9 17  46  2 99 19  4 42  42  3 72  45  7 36 66
 8 94   3 10 69  21 13 47  29  5 96 14  7 30  73  9 29  66  6 22  91  0 26  78 11 99   5 12 13  82  1 59  65 14 66 25  4 89   0  3  1 108  2 24 83
 3 91   2 10 21  86  9 42  47  0 79 27  5  8  99  2  9 112 12 66  49  4  1  86 14 59  38  8 36  83  6 54  50 11 52 39  7 87  27  1 82  29 13 33 82
10 31  60  7 93   5 12 68  37  3 72  7  0 22  73  8 85  21  6 40  28 14 76   4  5 48  58 11 83  11  9 89  25  4 83  3  2 43  42  1 69  54 13 67 71
 0 64  14 13 59  42  2 63  59 12 54 55  5 21  69 11 79  44  6 35  61  8 95  12  4  7  77  9 67  38  3 15  71  7 89 14 10 54  65  1 98   4 14 26 80
14 14  98  3 93  24  0 87   1  7 15 90  8 40  60  9 20  52 12 61  28 10  8  97  4  8  80 11 57  61 13 14 113  5 90 28  1 16  91  2 36  73  6 59 44
13  2 103  1 87   7  5  8 118  6  2 86  2 12  93 14 35  56  8  6 118  7 73  15  9 82  32 10 37  75  3 19  56 11 81 21  4 19  78 12 12  91  0 60 51
10  4  84  7  9  88  1  7  71 14 59 32  8 29  67  5 39  44  2 55  59 13 18 104  0 70  22  4 14  77  9 47  55 12 75  1 11 78  28  3 99   6  6  9 72