30 15
 2 96  10 13 86  21  9 75  42  1  3 119  4 97  25  0 88   8 14 88 10 12 66  20  6 16  90 11 63  55  5 73  30  7  3 112  3 63  40  8 91  14 10 33  62
 3 21  79 11 33  59 14 38  87  1 94   8  5 79   1  0 36  57  8 50 46 10 83  12  2  4  89  4 83   6  6  7  89  9 26  71 12 87   7 13 15  91  7 90   5
 2 88  33  8 37  50  6 94   4  5 65  38  4 24  81  7 86   2  0 96 21 14 94   9 11 81  21  1  2 109 10 93   3 12  5 107  3 23  75 13 45  51  9 11  70
 6 62  35  0 61  64  8 37  71  7  1  87  4 10 109  9 21  81  2 88 10 14 24  60 12 61  15 10 42  54 11 54  52  1 92  15  3  4  84  5 38  68 13  9  95
12 52  34  3 87  23  5 37  76  0 27  68 10 76  17 11 69  39 13 76 35  6 74  21  7 86  28  4 46  31  8 84  41  2 48  57  1 16 118 14 91   3  9 28 103
11 35  55  1 53  66  3 46  54  0 99  23  5 17  65  8 78  16  7 84 60 10 88  16  4 60  60  2 53  54  6 27  63  9 33  45 12 88   4 14 75  46 13 13  70
10 79   8  1 72  21 11 25  69  5 52  62  9 24  48  4 98   4 13  4 83  3 99   1  7 17 101  0 52  28  8 85   3  6 48  81 14 85  35 12 99   2  2 72  31
12 77  20  1 80  12  4 44  67  5 73  11 13 46  70  9 60  22  2 25 86 14 67  33  7 18 102  3 17  74 11  4  93  8 73  37  6 32  52 10 67  33  0  6  91
10 51  18 14 26  77 11 29  84  9 57  30  4 54  29  0 16  77  3 41 69  2  2 113  6 15 105  8 88   1  5 47  35 13 10 120  7  2 123  1 75  57 12 16 100
14 27  67  2  1  85  3 88   3  1 44  48  5 17  65  9 20  66 10 50 39  4 40  67 11 40  41  0 65  50  8 10  75  7 50  36  6 11  69 13 36  83 12 81  47
 7  6  93  6 36  67 12 67  42  1 73  37  2 30  86 11 97   6  3 62 36 14 11  74  4 80  36 13 25 101  5 60  36  0 42  60  8 42  74  9 40  91 10 55  47
14 59  50  3 86  33 13 89  32  0  8  92  7  4  97 12 16  78  6 67 57  1 43  84 11 74  20 10 97   4  2  3 104  8 12 100  9 55  38  4  3  84  5 29  76
 3 22 102 11 88  30 13 39  71  8 91  22  2 25  64  1 23  84 10 38 56 14 14  90  4 72  51  9 87  36 12 78  24  5 42  41  6  3 102  0 31  70  7 83  27
 8 74  30  0 69  48 13 59  60  1 74  24  6 61  63 14 83  21 10 82 24  4 43  69  5 42  39 11 43  48  2 20  71  9 51  33  7  7  91 12  5 109  3  7 100
 5 75  35 12 71  52  4 45  82  6 92  10 14  9  84  8 48  20  3 20 53  7 28  77 13 25  94  9 14  98  1 61  34 10 39  92  2 65  40 11 28  63  0 49  27
 2 94   0  5 12 108 12 33  79 11 35  73  1 57  51  4 33  90  7 22 74 14 47  40  0 87  19  9 47  33  8 61  84  6 42  55  3 84  24 13 12 120 10 58  66
10 71  39  3 35  75  1 70  37  4 67  28  7 86  29  5 42  59  2 72 30  0 52  26 14 73  27 12 44  74  8 96  30  6 42  60 13 96   2  9  3  72 11 94  11
 2 70  35  6 30  55 13 48  58  4 57  32  3 66  64  8 95   7  7 95  5  5 17  70 14 64  23 10 70  28  9  6  76 12 99   7  1 63  38 11 33  60  0 27  88
 2 80   5  0 93  35  6 15  77 11 86  21  5 33  68 12 65  43  7 44 76 14 22  66 13 86   7  4 93  20  3 92  22  1 88  20 10 65  50  8 39  54  9 14 110
 6 91  38  5 42  24  2 14 125  3 17  67  0 50  47  7 16  65 10  2 91  1 36  54 14 47  57  4 11  87  8 34  61 13 29  72  9 71  51 11 78  38 12 55  25
 5 76  37 13 67  28  2 35  58 14 93   5 11 13  91  0 58  61  6 24 90  4 10 110  1  6  97  9 49  70  7 40  51 10 61  44 12 72  48  3 97   2  8 17  84
12 89  17  6 86  19  0 45  53 14 59  47  9 16  90 10 52  43  5 39 64  4 83  28  7 11  94  3 56  58  8 30  54 13 60  39 11 80  24  1 43  73  2  4  90
 1 49  38  5 44  49 10  3 110  4 73  24 12 49  43  3 63  45  0 20 91  7 68  45  8 40  69 14 37  45  9 17  83 13 66   9 11 92  14  2 82  29  6  5  96
13 69  42  3 57  46  8 34  70  2 67  32 14 73  28  6 60  51 10 93 34  7  1 114  9 43  62  1 67  19  4 85  20  0 80  31  5 80  40 11 81  11 12 98   1
 8 55  58  1 27 107  3 50  51 12 96   4  0 42  30  2 76  41  4 33 83  6 82   7 14 82   9  9 87  17 13 93   3 11 42  34  5 20  71  7 97  15 10 15  80
 2  8  76  0 79  18  7 24  55  5 19  90 11 73  28  8 82  28 13 47 41  1 90  35 14 97  11  9 93  35  4 69  55 10 47  46  6 68  26 12 44  84  3 54  31
 7 52  58  6 11  84  9 98  10 11 44  53 10 14  54 13 38  59 12 57 25  0 50  55  5 40  65  1 89  12  4  2 144  3 73  35  8 19  98  2 40  58 14 96   3
 7  5 103  0 52  37 14 45  47 10 17  95  3 94  17  2 44  68 11  9 96  5 18  73 12 37  69  1 84  44  6 28  65  4 78  35  8 28  69 13 68  37  9 64  39
10 23  49 14 63  63  5 57  75  1 57  61  6 22  80  4 71  37 13 69 29  8 15  79  2 19  81 11 88   5  0 25  70  9 83  10 12 62  36  3 54  60  7 68  32
13 47  47  1 96  13  2 11  94  0 99  17  6 28  71 12  8 119 10 50 39  7 18  96  9 97  14  5 10 106  3 54  72 11 50  35  4 67  41  8 16  79 14 79  35