30 15
 4 96 12 12 47 77  9 40  51 11 68  29  5 49  53 14 91   6 10 57 28  0 81 28  2 87   0  1  6  97  7 82 31  6 47  73  3 97 20  8 94   8 13 75  13
 0 42 55  9 55 18 14 82  17 12 61  49  1 67  16  4 79  38 11 39 65 10 43 38  6 62  42  3 41  66  2 78 29  7 36  84  8  8 83  5 21  87 13 91   1
 0 52 31  5 28 89  3 48  50  8 25  93  7  2  75 14 98   4 12 95 13 13  7 99  9 68  39  4 96   7 10 72  9  2 50  65 11 68 50  6 54  52  1 37  70
 6 81 14  5 59 46  3 46  27  4 61   4 14 43  57  8 71  32 12 24 81 10 71 30  7 30  90  2 87  29  1 86 19  9 10  90 11 10 91  0 93  19 13 94  15
 8 30 68 13 71 38 10 65  44  0 13 109  6 30  68  2 22 126  7 46 57 12 70 26 11 88  31 14 78  46  1 79 47  5 57  59  3 71 45  9 58  52  4 36  70
 5 68 45  9 32 90 13 32  76  2 15  86 11 98  20  0 95  23  7 57 37 14 66 55  4 43  71  6 31  53 12 34 66 10 60  48  8 73 45  1 56  43  3 40  60
 9 27 75 10 42 92  7 24  95  8 12  83  1 22  79  4 57  44  6 93 10 13 58 40 14 67  20 12 64  55  0 30 77  3 16  89  2 21 71 11 19  58  5 33  75
 7 43 50  9 51 35 11 53  47 13 62  62 10 58  32  1 38  56  5 84 47 14 65 32  8 87   3  2 26  59  4 95 24  6 61  10  0 77 41 12 49  27  3 49  76
10 93 19  3 81  0  2 55  52 14 59  56 12 70  53 13 68  51  8 97  9  6 57 66 11 48  57  0 92  12  1 82 18  9 89  13  7 87 28  5 13  98  4 54  55
11 60 43  3 33 72 10 66  54  1 96   4  0 23  94 14 36  83 13 28 65  2 53 60  5 78  26  4 78   5  7 94 11  6 72  48  9 47 67  8 28  86 12 87  11
 5 98  0  2 89 28  9 27  61  8 34  64  3 88   0  4 15  83 10 64 21 12  5 82  1  4 120 11 63  41 13 69 63  7 82  20 14 29 61  6 53  67  0 69  21
13 97  6 14 87  3  1 50  42  0 68  32  9 76   7  2 74   9  4 89 25 11 15 73  3  5 104  5  2  94 12 79 41  6 59  46  8 93 30 10 19  99  7 86  16
 1 60 30 14 47 56 12 13  91  9 62  23  5 95  33 11 67  57  3 89 17 10 11 93 13 29  85  4 52  50  0 62 35  2 31  75  8 51 80  6 55  31  7 39  64
11 76 25  4 92  4 13 85   0 14 20  88  7 61  50  6 14  73  2 62 38  9 52 52  1  5 100 12 63  49  0 29 89  5 85  15  3 79 39  8 52  59 10 51  32
 6 61 40 13 45 47  0 93   5  5 51  49 11 97   3  9 46  69  3 88 14 12 28 63  2 57  41  8 45  52 10 23 70  4 91  11 14 66 41  1 73   8  7 41  58
 8 49 46  4 58 64  7 32  64 13 30  75  6 59  14 14 57  66  9 14 70  1 33 81 12 14  95  5 59  52  2 41 89  3 59  65  0 50 56 10 67  29 11 53  35
 7 94 28 11 52 64  2  7 119 12 51  55 10  8 103  1 99   1  5 97  6 14 66 33  3 98  14  8 58  29  6 52 35  0 43  86  9 80 18  4 23  86 13 18  96
 6 97  2  8 57 46  9 72  37 13 97   2 10 12  77  3 70  24 14 33 69 12 72 37  7 14  72  1  2 109  4 99  5  0 30  55  5 18 88  2 95  28 11  2 127
12 64 57 10 75 38  7 63  27  4 14  64  1 55  45 11 10 109  0 89  8  6 89 29  3 24  78  8 32  79 14 70 40  5 79  38  2 71 36 13 42  79  9 14 104
 9  1 83  5 82 23 12 27  75 11 22  64  2 44  93  7 97   6  0 76 33 13 16 89 14 27  82  1 24  77  6 98 20  8 25  95  3 82 31 10 75  35  4 15  80
 7 26 78  3  4 92 13 18 106  8 51  64  6 47  54 11 27  50  2  6 67 14 84 13  4 72  29  9 29  75 10 91  6  1 76  31  5 78 39  0 36  85 12 93  20
 0 35 74  1 39 66  2 89  26  6 53  46 14 85  15  5  7  94  3 90 28 12 16 64 10 70  30 13 49  49  7 73 18  4 13 104  9 12 88  8 89  25 11  9  87
 1 56 39  3 40 49  6 51  72  5 47  62  2 77  30  8 65  21  0 84 10  7 93 39 10 54  58 14 66  23 12  6 68 11 36  80  9 87 10 13 41  50  4  7 111
 6 56 58 11  1 75  9 57  59 13 45  61  3  3 119  0 14 117  1 74 34 10 29 84 12 65  43  2 43  62 14 13 91  4 42  58  7 67 36  5 45  55  8 78  34
 2 81 38  3 72 30  0 99   3  4 52  68  9 69  49  1 39  75 12 74 41  5 47 26 10 29  86  8 73  37 13  6 66 14  5 117  6  2 89  7  8 113 11 25  66
 7 17 80  4 64 45  9 97  11 11 94  11  3 99   6  5 68  35  1 36 68 10 21 68 14 22  97 12 61  27  8 43 57  2 93  32 13 82 42  6 91   9  0 86   7
 9 20 88 12 28 90  7 98  15  5  7  75  2 18  92 10 37  60  4 60 56 14 47 77  8 62  31  6 75  44  1 42 65  0 52  58  3 97  9 11 46  76 13 98  16
10  9 63 14 15 84 11 85  46  0 55  43  4  7 117 13  6  90  1  3 89  9 27 96  7 11 107  6 31  79  5 90 20 12 81  19  3  5 81  8 86   0  2 30  89
13 53 34 14 87 10  5 93   5  4 62  58  6 19  96  1 12  97  0 53 34 12 73 14 11  4  89  3  1  90 10 65 65  2 35  88  9 65 35  7 23  77  8 40  56
14 13 89  6 22 60  8 34  66  2  5  92  7 68  36  5 81  10 11 53 49 10 66 32  4 96   0  0 50  54  3 40 37 13 70  24  1 92 22 12 13  98  9 43  47