30 15
 2 81  36 13 59  36  1  8  75  9 88  4  8 14 47 12 18  98  4 22  58 10 52  46 11 75  15  3 33  60  6 23 90  7 69  1 14 42 55  5 26 66  0 54  63
 6  4 102  3 79  39  0 76  26 10 59 27 13 42 28  7 28  75  4 75  30 14 60  31 11 41  40  5 14  89  1 99 25  8 58 39 12 41 47  9 66 37  2  1  93
 4 37  70  6 63  71 12 46  27 11 79  1  0 38 53  7 44  43 14 18 118 13 45  47  5 55  36  1 78  36  9 79 26  8 27 74 10  6 95  2 21 71  3 70  25
11 58  39  4 63  19 14 56  68  0 27 74  1 37 73  9 51  47  2 37  78  8 31  59  5 24  30 10 73  41 12  7 99  3 72 22  7 34 73 13 32 56  6 27  61
 0 95  20  5 33  52 11 81  21  1 23 79  7 26 55  4 12  79 14 32  54 13 60  32  2 89  25  6 78  27  3 20 82  9 35 95  8 35 53 12 34 48 10 17  67
11 64  14  5 11  61  3 58  39  2 70 14  0 31 67  1 74  32  4 82   8 12 31  72  7 65  12  8 90  10 13 63 25 14 81 37  9 80 17  6 70 39 10 82   0
11 99   5  9 28 100  6 63  59  7 81 10  2 86 23 14 10  75 12  7  96  5 17  77  1 22 108  3 45  63 10 92  1 13  1 84  4 37 75  8 37 70  0 43  22
 4 86  19 11 92  12  8 74  24  2 93 10  5 42 68  6 28  72 12 59  31  7 77  45 13 81  10  0 41  29  9 11 87  1 45 51 10 62  8  3 22 59 14 57  41
 1 12 104  2 90  13 12 70  13  7 89 25  5 37 81 13 56  54 10 21  78  9 74  16  4 63  23 14 39  53  0 37 55  8 83 17 11 78 41  6 66 25  3  6  72
11 38  69 12 67  36  8 27  68  7 11 70 10 45 51  3 21  77  6 73  35  9 47  21  2 31  68  1 24  64  0 59 48 13 91  0  4 46 70  5 48 75 14 42  47
 3 63  37  2 17  78 14 59  27  7 27 75  9 81 25  6  7  87 10 19  97  0 52  63 11 74  30  1  9  92  5 50 48  8 59 46 12 41 70 13 64 32  4 96   1
 1 81  17  5 91   1 13 10  88  6 46 51  8 65 15 10 73  64  3 59  39  2 93  10 12 75  28  0 47  39  9 61 32  4 86 20 14 65 25  7 29 62 11 21  77
 2 63  43  8  9  76 13 81  11  5 37 69  9 32 83  0 62  41 12 93  28  1 63  37  6 53  45  3 99   7  7 62 18 11 10 99 14 85 10  4 43 42 10 25  67
11 26  71 12 46  56  9  7  79 13 50 22 10 68 40  4 81  12  5 88   2  7 66  32  8 90   0  3 51  38  2 62 24  0 29 81  1 87 12 14 41 73  6  8 104
11 90  24 13  8  97 12 63  35  7 57 68  6 23 79  5  5 113  0 20  81  1  6  97  3 31  73  9 42  27  4 86  7  8 76 16 14 98 11 10 45 58  2 86   7
 0 11 102  2 94  18  1 42  56  6 95  2  9 43 58  3 51  65 12 42  56  5 39  59 13 82  43  8  1 104  7 96 23  4 36 60 14 74 46 10 74 18 11 74  16
14 12 105  8 77  14  1 13  83  3 31 65 13  9 79  4 39  60  0 57  13  2 25  70 10 55  48 11 60  37 12 87 12  6 55 37  7 85 31  9 12 75  5 78  53
 3 55  30  5  4  99 10 12  99  1 42 42  4 46 61  6 89  10  8 44  43 14 33  49  7 15 103 11 73   5 12 47 47  9 72 44 13 81 12  2 79  9  0  6 101
 0 77  36 12 44  49  1 62  37 13 17 69  3 70 35  4 19  81  9 69  33 14 70  21 11 30  76 10 97  11  8 82 25  5 36 74  2 19 62  7 33 73  6 50  44
 1 98  22  9 42  42 13  4  85  7 26 59  0 84 31 10 34  72  2  3 107 11 59  34 14 52  49 12 70  18  8 49 45  6 42 49  4  6 75  3  7 85  5  6  84
 4  2 126  2 84  24  3  1 128 12 76 22 13 10 91 10  2 115  6 75  33  7 10  81  9 97  22  8  3 116 14 18 66 11 53 61  5 31 81  0 84  5  1 17 103
 8 63  64 11  6  95  3 77  11  6 85  3 12 20 82  2 28  61 10 81  22  9 76  12  7 33  75  4 76  18 13 27 90 14 87 15  0 13 74  5 37 80  1 62  45
 4 20  81  1 70  13  6 89   2 10 60 27  8 64 64  3 39  64 11 67  25 12 78   2  2  7  71  9 46  42  0 25 83  5 49 42 14 27 82 13 76 32  7 98  24
13  3  89  9 22  83  5  9  88 12 66 51  6 39 49  8 51  38  3 30  74  1 92   9  7 94  12  2  8 111 11 24 82 14 27 53  4 88 34 10  9 81  0 65  41
 3 79  17 10 33  69 14 62  34  5 85  8 11 17 79  7 64  30  8 66  70 13  2  79  1 71   7  6 88  17  4 64 26  9  3 92 12 44 47  0 60 45  2  6  95
 0 91  12 12 24  91  6  5  88  1 31 74  4 53 51  9 53  37  7  8  98 10 15 112 14 11  78  5 53  39 13 22 61 11 83  6  8 50 23  3 81 14  2 52  14
10 87   7  2 62  52  0 84  12  5 91 20  4 53 36  9 17  93 13 72  42 14 13  93 12 92   6  8 92   2  7 16 86  3 13 82  1 13 99  6 69 19 11 44  60
 9 83  33  3 62  28  8 61  46 13 26 71  4 14 92  6 69  22 14 34  67  5 61   6  2 12 105 12  2 108  0 27 75 10 51 60 11 64 42  1 14 78  7 82  50
14 54  34  2 82  13  6 68  41 10 83 17  1 71  1  5 81  23 11  6 101  7 42  32  0 22  90  9 22  84 13 94 13  4 25 55 12 53 50  8  5 99  3 70  33
 6 67  64  7 72  22 12 47  22  5 35 58  4 78  8  9 34  48  1 67  24 13 86  14  2 89   7 10 69  32  8 46 48 14 57 40 11 87 22  0 22 72  3 87  21