30 15
 5 76  34 11  4  95  1 98   6  9  1 117  6 51  47  4 92   9 13 75  14  3 47  46  7 35  42 10 70  6 12 21  81 14 20  58  2 79   5  8 81  23  0 63 25
11 71  20  8 85  23  4  3  74  9 45  62  1 13  62  2 57  32 12 26  79  5 63  24 10 38  66 13 91  4  6 73  21  7 59  51 14 74   3  0 37  70  3 65 52
 9 60  45  2 74  28  0 35  78 13 73  14 10 49  65  6  1  82 11 92  10  3  5 100  8 41  61 14  2 96 12 95  12  5 28 114  7 37  69  4 78  30  1 86 13
12 95   2  1 73  22 13 23  97  5 77  28 14 47  20  0 24  65  8 29  40 11 88  31  7 69  10  3 49 49  4 28  64  6 66  26  2  4  79 10 41  64  9  3 77
 5 28  61 10 26  82 12 71  26  8 81  22  7 36  52  2 96  39 14 95  21  9 45  72 13 10  78  4 55 60 11 87  17  0 65  24  6 54  66  1 26  76  3 60 22
 4 40  32 11 36  57  2  5 106 14 78   8 12 63  30  5 96  18 10 25  71  8 86  16  1 85  14  6 56 38  9 25  81  0 30  55 13 98  18  3 78  15  7 41 50
 2 90  19  3 15  84  0 89   5  6 87  15 14 52  39 11 59  47  7 22  69  5 42  76  4 46  25 12 60 51 13 54  67  8 87   2  9 22 103  1 97  18 10  1 78
14 51  59  5 75  19  6  2  82  8 86   5  9 19  60 10 88  13  1 20  73  2 88   9  4 24  89  7 42 68 11 90   4  3 20  96 13 29  87 12 20  63  0 50 51
13 11 106  2 96  12 10 92   5  0 94  13  6 78  23  9 63  23  8 44  65  7  8  72  4 68  35 14 77 13  5 52  70  1 74  33  3 43  56 11 10  81 12 87  9
 6 75  10  1 78  24 14 27  70 10 27  55  7 82  28  2 91   5  4 88  16 11 76  27  0 37  65 13 43 58  9 52  31  8 71  47  3 45  29  5 99  12 12 70 26
 4 47  49  6  8  68  7 99  17 13 85  21 11 11 108  8 16  92 10 24 112  5 10 107  3 10 102  0 12 80  9 37  43  2 39  72 14 38  65 12 76  11  1 91 43
 5 62  20 13 98  10  9 68  40  2 14  61  0 57  43 12  2  94 14 52  24  7 36  51  1 58  50 10 54 40  3 99  17  6 57  24 11 52  39  8 90  18  4 58 22
12 53  37  6  6 104  2 65   9  0 68  46 10 53  19  3 66  11 11 15  79  4 83   9 14 80  13  5 73 38  7 86  14  9 57  46 13 23  58  8 88  14  1 37 47
 3 73  31 12 65  36  4 54  44 10 95   1  8 12  93  7 69  21  5  4  91  1  7  86  6 12  56 11 82  9  9  5 100 14 22  96 13 15  84  2  2  96  0 38 45
10 59  32  6 49  78 11 29  66  5 69  36 13 79  23  3 57  36  1 27  64 12 62  32  0 57  37 14 22 66  8 29  70  2 42  67  7 59  11  9 20  49  4 86  6
10 81  16 13 24  89  1 55  83  4 95  11 11  2 108  5 94  22  6 38  69  7 43  67 14 15  58  3 52 44  8 54  40  2 66  42  0 64  33 12 24  49  9 29 99
 2 20  54  6 25  73  5 70  73 13  6  96  4  3 123 10  5  91 14 73  48  7 25  94  0 58  40  8 36 61  3 91   4 12 22  73 11 61  36  9 38  60  1 33 55
14 61  52 13 20  74  2 21  57  1 22  64  4 22  87  9 69  27 11 98   3  0 12 109  3 30  57 12 98  5  8 28  61  7  8  80  6  7  88  5 51  48 10 66 23
 7 77  28  0  3 125  3 11  85  8 23  71  2 56  30  4 30  57 10 77  21  1 64  39 13 52  34  5 70 19  6  3  98 12 97   4 14 93   3 11 54  37  9 15 92
 0  1 110  1 22 116 11 99   8 14 34  90  5 48  41  2 15  85  9  9  87 13 67  22  8 85   9  4 41 71  6 13  82 10 48  43 12  7 103  3 66  49  7 55 45
12 44  69 11 94   6 13 33  80 10 28  66 14 23 101  4 31  89  8 10  79  1 15  93  9 50  56  3 68 27  7  7  99  5 50  41  0 79  21  6 76  12  2 89 24
10 73  52  0  2 110  1 76  26  4 26  90 14 50  21 13 93  16  7 93   4  9 35  63  2 64  24  3 42 42 11 17  44 12 26  61  8 60  27  5 73  25  6 57 45
 0 79   3 11 56  37  8 22  92  5 39  70  6 27  77  9 38  39 14 14  93  4 55  68  2 64  62 13 99 15 10 28  77  7 97  12 12  7  95  1 92   5  3 71 32
12  2  91  5  3 104  1 33  53  7 74  41 13 69  13  4 58  37  8 99   3 11 79   7  0 84  22 10 92  5  6 98   0 14 41  59  9 37  59  2 12  98  3 12 68
 5 46  54  8 23  86  3 48  61  4 69  15 13 71  24  9  9  77 12 94  21 10 44  50  1  1 118  7 26 75  0 93  22 11 54  69  2 24  81  6 77  27 14 44 51
 0 83  30 14 86  15  3  6  89 12 61  35  6 39  72 10 72  73  8  1  93  7  8 109  9 17  87 13 60  1  2 41  55  1 16  86  5 21 104  4 21 100 11  6 65
 8 28  60  4 59  22 14 62  53  7 97  11  2 52  42 13 58  19 11 49  72 12 83  14  0 11 106  5 49 50  6 24  89  3 56  44  9 43  86 10 34  86  1 23 98
12 75  39  2 82  14  0 75  22  3 94   9  5 67  30 13 15 107 14 23  77  1 57  41 11  4 102  4 51 31  8 23  78  7 40  60  9 63  17  6 97   1 10 20 49
10 14  72  3 33  85  2 16  89 13 14  81  8 24  82  6  1  97 11 20  77  9 96  32  0 75   2  1 36 73  4 92   7  7 74  29  5 13  85 14 79  45 12 48 80
 5 33  84 10 89   9 11 89  51  4 49  51  0 58  41  2 32  55  3 95  22  9 64  25 13 11  77  8 13 87 12 43  38  7 98   7  6 32  75 14 56  18  1 62 56