30 20
 5 59  20 13 72  37  3 92  30 15 35 100 19 17 87  9 48  72 10 57  35  6 18 103 12 55 59  4 51 77  2  8 118 14 68  43  8 90   9  7 39  52 16 79  22 11 40  64  0 66  50 17 55  46 18 62  42  1 66  14
13 42  53  2 60  35 15 52  45 12 14  73  4 83 25  9 95  22  3 36  65  7 28  60  5  4 96  0 31 79  8 14  95 14 23  61  6 71  54 19 95  25  1 69  39 10 17 103 18 13  79 17 23  91 16 78  42 11 51  32
 8 93  24  5 12  80  2 34  72 18 32  79 17 59 33 14 73  24  0 46  73  4 25  86 11 82 17  3 90 11 16 70  26  7 27  77  6 82  37  1 85  15 12 40  60 15 35  76 10 61  40 19 92   1 13 98  12  9 53  66
13 31  95  8 95  18  0 36  71 11 61  50  3 92 16 14 24  95  7 70  10  4 15 116 18 76 20  6 50 37 19 18  70  5 30  63  2 93  17  9 62  55 10 83  19 15 16  79 17 75  31  1 29  79 12 35  77 16 31  79
 8 27  65  6 10  94  2 93  21 13 26 101 16 64 60 11 70  48 15 16  98 12 48  63  9 46 64  4 37 72 19 89   8 17 83  15  5 71  59  3 72  43  7 45  55  1 73  11 10 97  14 18 12 121 14 57  63  0 62  62
 1  9  96 13 16  82 10 75  29  0 21  65  2 49 58 12 97  33 19  5 110  5 20  87 17 26 68 16 50 53 18 26  48  4 20  67 15  8  98  8 96  17  7 50  76  6 84  25 14  7  78 11 52  63  3 73  64  9 43  74
 2 20 107  3 76  16 16  3  83 17 45  63 10 53 27 15  6 115 13 83  19 12 77  22  9 21 96 19 52 74  8 32  84  0 27  58 18 93  14 11 81  41 14 78  24  1  6 132  5 93   7  7 60  65  4 12 113  6 35  40
12 41  55 10 59  50 17 37  69  4 89   7  3 87 19 11 32 104  2 98   4 19 24  74  8 30 65  9 84 33 13 49  69 14 84  31  7 44  47 18 16  64 15 43  57  6 65  33 16 44  67  1 83  19  5 71  21  0 71  40
10 46  37 14 36  75  3 60  52  0 59  50  7 53 41 17 58  81 19  8  94  2 33  73 11 70 44 16 93 19  6 38  54  4  5  89 18 75  28  1 23  93 13 98  12  5 90  32 12 18 110 15 62  60  8  4  91  9 56  41
 0 27  88  2 31  53  3 45  52  9 57  29  8 79 29 12 14  92 16 82   9 13 96  33  4  4 97 10 17 59  6 46  64 19  3 101 15  7  87  1 42  65  5 24 115 17 86  17  7 67  50 14 79  31 18 43  47 11 17  75
 1 72  39  4 54  62  0 51  75 10 87  35 15 52 50 11  4  75 16 35  58  9 62  43 19 15 71 13 45 43 14 84   3  8 65  53  6 85  39 17 49  49 18 98  19 12  5  88  2 81  50  7  8  88  3 72  31  5 33  64
 6 31  77  5 86  27  9 46  66 10  3  84  0 63 26  2 58  88  3 81  21 12  7  81 11 54 56  7 39 51 13 46  51  8 92   6 19 96  11 14 57  73 16 40  51  4 49  65 17 57  34  1 86  11 18 20  90 15 91  12
13 35 113 19  5  66 11 43  88  5 84  13  2 77 46 15 20 103 14 84  21  4 70   8  3 79 16  6 52 48 10 92   7  1 34  60 12 39  61 18 30  82  9 65  33  7 11 101 16 88  20 17 32  79  8 80  30  0  2  89
10 59  28  3 36  89  4 72  28  9 46  65 17 48 64  8 72  26  0 76  27 19 48  42  2 69 43 11 62 36 12 30  78  1 48  51 18  7  88 15 89  17  5 37  77 16 49  56  6 30  87 14 52  41 13  1 117  7 56  44
 4 18  95 14 35  53  8 61  48 15 23  74 11 46 85  9 12  80 10 38  67  1 59  62 17 50 37 16 75 47  5 60  15 18 57  37  6 63  31 13 89  24 19 71  24 12 52  70  7 83   1  3 86  27  2 81  29  0 98   3
 4 33  81  9 14  97 18 19  99 19 84  14  3 69 39 17 59  56 15  2  73 16 83  51  5 12 90  8 21 66 11 73  22 14 83  21  0 26  71  2 94   4  1 65  69 12 98  14  6 83  39 10 45  45 13 40  41  7 89  30
17 63  51 10 72  23 13 80  49 19  2 111  0 94  5 12 11 114 14 25  56 18 10  81  2 90  6  5 73  4 11 20  94 16 92  19  7 11  79  4 85  14  8 63  32  1 97  31 15 38  46  6 13  81  9 42  88  3 59  65
19 95  23 13  4 100  9 95   4  3  6  95  6 67 26 17 30  80  7 88  52 16 26  65  5 57 49 14 61 37 15  9 106 18 35  92  0 23  93  2 47  71  1 46  30 12 96  12  8 19  79 11 54  42 10 75  26  4 11  85
 9 64  32 11 79   5 17 87  15 13 91  15  3  2 90  1 61  33 10 31  58 16 85   2  0 53 44  5 77 16  7 25  77  6 94   1  4 43  61  2 13  87 18 40  78 15 59  66 14  3 117 19 80   0  8  7  94 12 98  14
17 56  27  8 12  90 13 74  20  7 42  66  4 98  5  0 75  38  6 18 110  9 98  11 16 20 95 18 72 50 11 34  79  5 74  21 10 10 107 12 98   5  2 12  97 19 95   4 15 33  75 14 69  43  3 93   0  1 81  20
17 73  27  2 38  81  7 25  66 16 92   0  6 38 61 12 91  16 14 95  12  9  2 102  3 79 22 18 41 67  0  3  65  4 99   2  5 83  18  8 18  87  1 12 128 19 71  35 10  4 120 11 66  29 15 20  89 13 53  44
 0 61  21  7 24  81 16 24  87 12 22  91  3 85 10  6 56  36 19 98   7  2  5 109 10 29 95  9 73 25 18 27  62  8 99   4 13  4  85  5 99   5 11 63  43  4 25 106 15 61  32  1 51  84 17 84  27 14 30  91
10  5  76 18 17  85  4 40  58  5 88  22 12 30 82  6  3 109  9  1 112  1 96   1 11  9 99 13 94 19  8 69  24  7 72  29 17 90  20  0 14 100  2 41  71 14 50  53 19 69  22 15 38  74 16 12 107  3  1 126
14 55  52  0 19  78  5 61  41 11 61  63  9 97 17 19 76  25 10 38  52 15 69  19  2 24 81  3 62 61  4 24  76 18 94  21 17  3 103 13  5  94 12 84  20  7 43  49  6 73  41  1 76  21 16 47  80  8 91   2
11 85  26  6 98  13 18 68  64 14 57  63 16 63 30  0 58  48 17 74   5 10 52  81  9 59 14  2 47 32  7 73  66  4 79  46 19 48  49  5 38  59  8 88   9  1 85  26 12  4  99 15 44  78 13 37  62  3 75  41
18 44  66 13 32  83 10 38  50 12 93   5  1 40 69  9 56  62  0 80  23  7 90  13  2 74 27  5 82 36 16 59  53  6 91   1 17 40  73  8 26  77 14 74   1  3  7 108  4 49  58 11 88   9 19 60  69 15 35  73
14 75  36  2 73  32 19 13  96 10  4 124 11 77 20 16  5  95  9 57  54  7 98  19 15 60 52  1 99 19  5 12 103 13 14 109  4 25  85  8 86  12 18 13  99  0 93   2  3 41  59 12  1 110  6 53  40 17 54  41
 0 33  51 18 75   4  8 97  37  9 31  81 12 84 39 17 49  68 16 51  60 19 30  65 15 62 24 11 67 18  2 84  44 13 45  51  3 48  38 10 62  52  5 64  32  7 87  13  6 14  79  4 76  31  1 42  61 14 71  29
18 74  18 11 98  15  9 11 119 14 96  16  4 39 66  0 31  65 16 54  51  3 49  45  8 51 46  6 40 73 13 21  83 15 19  87  7 44  58  2 76  32 10 64  28 12 43  71 19  9  92 17 30  92  5 66  53  1 17  95
16 31  84  3 77  38  9 92   8  6 27  89  2 71 21 18 82   8 11 36  72  1 33  63  4 48 73  0 91 43  5 49  47  7 39  99 12 91  17 15 47  50  8 74  34 14 17  79 13 62  40 19 28  63 10 91   8 17 58  48