30 20
 4 11  85 10 45  44 12 34 64  5 61 36  3  8  93  8 97   5 19 59  37 15 72 62  6 82  43  0 57  39 11 87 29 13 61  51  1 90  15 16  4 80 17 17  71 18 69 33  2 95  15 14 15  82  7 97  22  9 93   6
 6 57  23  1 64  46  2 15 56 13 19 76 11 14  91  3 54  79 12 71  26 14 29 64 10 17  74 19 43  41  7 81 40 18 87   3 16 65  37 17 62 37 15 80   1  5 75 15  0 19  61  4 48  38  9 33  58  8 68  56
17 71  40 15  1 114  8 90 10 16 81  6  1 84   4 10 19  63 13 75  26 14 83 23  6 25  97 12 69  49  0  1 84  9 80  34  5 35  49 18 76  9  2 37  60  4 23 63  3 13  66 19  4  79 11 81   8  7 20 102
 7 16  94  1 91  23  2 22 89 17 28 70 16 89  11  8 99  11  9 69  23  4 22 79 15 85  41 14 25  89  6 60 29 18 33  81 13 17  82  3  6 91  0 94  16 11 56 59 19  8  75 12 77   0  5 54  38 10 82  37
10  3  81  1 51  45  7 43 79  3 21 79 17 66  25  0 71  21  2 17  97 18 98 14 12 73  39 16 76  15  6 93 17 13 88   5 11 61  41  8 79 17 15  9  76 19 18 81  9 31  67 14 80  22  5  4  71  4 32  85
 4 44  69  8 97   2  3  7 93  9 54 30 12 12  93  2 68  34  6 26  75 18 42 65  5 19  95 19 92  34  1 57 31 11 71  41 17 67  55  0  2 99 13 49  37 16 40 61 14 51  60  7 27  73 15 35  78 10 22  91
17  5 115  4 55  42 13  2 80 19  6 90 15 65  49  3 42  25  2 19  78  1 64 60  7 51  52 16  4  83  8 13 89 10 46  52 12 52  61  6 38 55 11 15  87  9 87 21 14 74  42 18 64  25  5 80  32  0 91  20
10 92  26  1 39  62  0 24 24 17 71 28 18 12 105  7 37  42 16 64  36  6 17 96 15 95  13 12 52  34  2  9 94 11  3 101  4 87  10  8 46 47 14 71  54  5 29 94 19 22  86 13 62  61  3 43  46  9 51  30
17 78  45  0 91  20  9 26 69  7 81  7  4 43  70  2 43  60  5 93  21 18 35 48 11 36  84 12 74  19 14 18 73 13 30  59 19 15 102  3 64 39  8 90   3 10 75 28  1 37  67 15 35  53  6 39  45 16 87   7
11 14  78  1 21  81  9 74 35 16 30 87 12 62  46  3 70  44  6 87  43 13 29 71 10 86  26 14 88   2  8 24 55 19 54  50  4 11  99 18 15 90  0 21  86  5 29 65 17 57  41 15 75  21  2 57  62  7 43  42
19 40  68 18 34  88 14 46 68 10 97 12 13 67  30  5 59  52  3 65  40 11 47 48  8 20  96  7 22  76 16 15 83  0 66  42  6 20 100  4 40 90  2 72  42 12 73 22  9 50  48 15  4 111 17 88  21  1 44  46
 5 33  51 18  9  97  6 84 19  9 70 26 17 56  49 12 60  48  3 16  79 14 84 11 15 13  86  0 47  55 19 65 45  4 76   1  2 51  69  1 34 51 10 53  51  8 63 28 16 14  89 11 84   3 13 78  30  7 92   9
 2 67  31  0 18  66  5 66 51 18 37 52 19 65  34  9 92   5  7 30  54 10 57 39 11  1 109  4 16  95  8 89 51 15 36  56 17 30  67  1 49 24 14  7  87  6 73 41 12 20 114 13 26  75 16 29  78  3 42  45
10 99   2 12 72  25  4 22 59  8 79 29 13 60  36 17 28  57  2 59  60 19 95  6 15 84  12 16 49  45  3 86  4  0 37  55  6 10 100  5 68 26  1 70  20 11 20 49 18 71  48 14 23  96  7 71  43  9 51  28
 1 39  89 16 88   5 19 82 10  0 41 47 17 99   2 15 45  67  2 11  95  9 48 54  3  2  88  6  8 100 10 88 13 18 95  12  7 64  13 14  7 87 13 62  19  8 19 71 12 61  28 11 60  40  4 45  51  5 32  44
 2 81  28 14 18  74  9 77 36 16 33 69  3 17  71  0  9  80  4  5 111 12 76 27 13 75  46 19 65  41 17 11 92 15 69  28  8 17 113 18 66 43 11 36  54  7 23 65  6 75  44  1 64  33  5 14  68 10 42  49
17 47  67  8 51  36 19 60 35  7 94 13  4 15 102 18 13  95 12  8  80 13 16 73  3 61  41 11 72  26  6 69 11  9 17  90  1 44  86  5 84  8 10 97  15 15 93 15  0 91  26 14 60  47  2 99   8 16 57  46
13 28  60  2 70  25  6 42 75 14 96 10 18 14  58  7 81  13  8 57  29  0 16 64 16 45  85  1 44  34  3 40 50 10 11  87 19 70  30  4 97  9 12 20 117 11 80 35  5 24  78 15 27  76 17 55  50  9 13 129
15 92   1 19  4  99 11 31 82  0 76 28  4 91  25 10 66  34  7 59  54  1 97 38  8 15 112  6 27  90  9 15 90 18 62  37 14 82   4 13 94 16  3 55  52 12 52 57  2 77  16  5 39  65 16 38  70 17 53  73
17 17  93  8 99   5  4 47 45 10 82 40 12 14 111  0  2 100 11 82  38  9 69 49  7  6  86 16 89   1 18 66 37 19 39 101  1  9  99 13 90 27  3 91   4  6 63 28  2 13  83 14 34  70 15 36  47  5 81  27
 8 99   1  1 68  41 11 56 63 19 70 19 16 72  15  5 77  36 17 51  64  7 64 48  2 66  66 15 57  50 12 74  5  0  9  96  9 72  39  3 94 26 13 63  10  6 21 61  4 39  51 10 23  81 14 80  11 18  8  89
16 67  27 13 22  81  0 59 28  1 37 83 10  6 124 15 64  37 14 17  85  8 50 44 17 45  28 18 30  84 19  7 95  2 78  18  4 72  20 12 36 97  7 23  64  6 94 10  9 25  84 11 74  32  3  6  96  5 97  14
 7 42  71  6 90   1  4 28 62 17 19 92 15  7 105 14 97  20 19 82  21  8 41 41 10 69  16  0 47  34  3 76 11 12 88  31 16 11  80  5 68 19 13 70  40  9 31 81 18  8 102  2 81  11  1  3 103 11 84   8
 9 62  35  1 34  67  4 98  2 11 65 46 17 12  91 16 66  25 12 32  93 14 60 13  6 12  77  2 85  28 15 73 33  5 55  40 10 97  12  0 24 94  8  9  82 13 26 79 18 92   9  3  3 104  7 41  36 19 83  34
12 12  74  3 93  17 14 74 55 10 20 85  0 33  70  4 89   6 11 41  67  5 96 11 15  4  85  9 99  22  2 47 58  6 23  77  8 12  94 13 91  8 18 25  73 17 83 11  1 34  63 16 83  24  7 70  15 19 27  71
13 99   8  8 50  41  4 17 80  6  9 86  3 72   7  7 91  18 19 37  67  2 39 60  5 72  29  9 31  79 18 72 33 11 97   2 10 40  70 16 43 58  0 96   5  1 51 30 14 29  81 12 21  83 17 18  84 15 50  59
10 55  29  0 41  58  1  4 96 13 75 34 12 86   3 11 59  18  5 44  54  8 73 44 19 66  33  2 70  38  3 79 46  7 85  40  4 51  58  6  5 83 17 35  66  9 17 71 15 30  84 16 35  59 14 34  63 18 91  21
16 97  10 19 32  58 13 41 63  3 33 69 15 23  99  1 39  57  8 74   7 14 49 39 12 69  56  2 28  68  5 55 44 17 60  44  0 61  83  9 84 28 11  2  99 10 84  7 18 17  64  4 73  38  6 26  51  7 91  10
11 21  93  4 51  28  8 99  7 13 79 31  5 21  63  3 48  67 18 44  73  1 67 13 17 48  73 14 96   7 12 19 72  9 39  67  6 56  40 19 76 41 10 16  69  2 40 54  0 69  45  7 93  10 15 15  93 16 52  50
16 45  49 11 22  89 14 89 40  8 42 50 19 43  80  5 99   9 17 91  18 12 34 62  3 43  73 15 68   0 13 76 31 18 55  48  9  1 114  6 73 42  1 56  75  0 89 27  7 13  92 10 99  13  4 82  14  2 72  37