30 20
 3 86   0 17  5  85 14 21  61 10 67  30  5 87   3 12 90   0 18 21  86  8 87  18 15 82  26  4 68  39  1 25  76  7 10 111  9 58  29  6 65  28 16 20  79  0 34 84 13 12  86  2 35 81 11 63  63 19 41 91
 8 91   3  7 80  40 12 38  59 14 79   3  1 66  21  4  6  59 17 21  59 19 89  39  9 50  70 15 93   6  0 52  39  3 33  69  2 82  10  6 51  45 11 90  21 16 55 44 10 99  28  5 75  9 18 22  79 13 58 34
18 59  47 14 22  88  1 10 119 11  1 114  0 75  23  6  1 106 12 35  78  4 15  95 15 39  70  5 28  52 13 29  63 17  8  70  9 65  52 16 45  63  8  5 124  2 90  9 19 18  75  3 11 95  7 39  67 10 70 26
15 20  86  1 39  46  4  2 121 11 32  60  3 44  34  2 85   3 17 30  74 10 68  10 14 67  16 13 57  47 16 14  64  7 75   4 18 71  22  0 41  85 12 36  51  5 33 71  8 72   6  9 32 72  6 92   2 19 17 86
 5 82  22 10 71  52 15 55  45 13 28  68 16 73  27 19 12  98 18 18  96  2 41  48  4 78  19  7 71  31  8 26  72 17 97  34 11 23  78  9 65  28 14 54  50  6 88 58  3 94   5  0 28 81 12 22  61  1 95  6
 9  5  98 16 29  58  1 73  13  5 69  31  6 51  39 11 70  46 13 24  86 14 89   2  2 21  97  0 89  25  4 83  23 17 14  83 15 61  46 19 12  93 10 97  29 18 57 26  8 61  41  3 61 46  7 19 104 12  3 75
 2 43  45  6  4  98  7 32  69 14  4 119  4 96   4 12 34  89 15 21  77 16  2  76 13 33  61  5 77  21  1 62  50 10 39  36  0 89  13 17 90  16  9 90   9 18 42 36  3 16  85 19 73 10  8 75  41 11 57 40
 8 78  22 14 63  55 13 26  61 16 48  42 10  9  83  7 26  66  2 55  45 19 93  24  0 15  76  6 85  31  5 39  70 12 87  12  4 66  11 11 54  40  1 68  35  3 30 49 18  7  81 17 52 50  9  2 100 15 31 79
 3 55  32  0 87  20 14 10  97  4  5 105 15 48  59  6 78   6  8 87  38  5  8  97 17 70  21  9 69  38 13 57  47 16 85  41  1 58  55  2 74  20 12 92  14 10 77 14 18 54  33 19 43 74  7 28  95 11  6 81
 1 42  59 19 71   3  0 68  47  7 77   4  2 19  60  6 12  52 10 59  44  4 74  21 17 71  20  5 22  71 12  7  78 13 53  56 14 99  15 15 71  10 18 88   8 16 91  1  3 22  78  8 46 27  9 80   5 11 55 70
 9 77  42  0 17  79  1 79  22 13  1  99  3 72  28 16 88  11 14 42  58  2 83  15  5 84  12 12  8 105  7 40  68  8 91  22 19 66  48  4 85  14 18 43  65 10 51 35 11 94  26  6 23 66 15 84   8 17 15 85
 1  6  82 14 41  48  4  5 104 11 87   5  2 46  76  7 75  28  3 49  57 12  6  87 16  1  98  9 50  22 13 88  15 17 65  10 18 10  89  0 88  11 10 46  75 15 33 81  5 47  43  8 72 34  6 48  45 19 12 97
 0 56  56  9 75   6 10 53  58  4 34  70  2 73  16  3 83  41  7 72  36 12 15  76 11 28  73 17 52  16 14 49  21 15 15  75 13 81  42  6 88   4  8 11  71 19 52 55 18 48  26  1 88 26 16 18  80  5 46 49
17 68  16 11 36  55  5 34  65  3 11  69 14 63  36  7 31  55  1 30  81 15 59  25 10 85  31 12 60  47 13 78  14 16 82  32  2  6 103 18 88   8 19 43  36  0 66 25  9 93   5  8 82 19  4 39  51  6 16 76
 3 58  54 19 48  52  4 97  12 10 67  32  2  3 108  1 85   8 11 36  79 15 24  67  0  2  96  5 37  68 14 72  37 17  2 101  8 25  77 13 74  47 12 46  67  6 43 62  7 62  24  9 27 69 18 77  29 16 82 17
 9  5 101  0 93  12  6 79   3 14 40  41  3  4 100 11 82  19  8 73   6 10 71  15  2 61  40 13 65  25 15 74  33 19  2  83  4 57  68 18 78  18 17 12  79 12  1 93  1 83  15  5 10 51  7 85  15 16 48 63
17 75  42 12 63  32 18 16  80  6 15  95 14 42  40 16 34  74 13 27  89  2  3 107  9 83   6 19  7 115  7 12  90  3 63  26  8 94  32 11 20  96  0 35  67  4 75  3  1 52  65  5 25 52 15 98  16 10 83 17
 3 39  43 15 65  22  0 21  90  2 34  59  4 66  53  6 27  97  9 81  10 10 33  86 14 29  71 16 95  26 11  1 100  5 64  31 17 82  12 13 61  41 18 74  34 19 51 46  8 48  45  1 99 17 12 23  78  7 57 50
 0 88  44  6 93  41 17 11  57  4 90   7  1 27  70  2 63  36 18 20  74 12 51  22 11 36  35 16 76  34 10 26  65 15 10  89  3 71  51 13 74   2  8 35  25 14 48 36 19 12  63  7 36 60  9 24  84  5 10 69
 6 93   7 19 56  50  3 28  79 13 57  44 18 21  78  4 59  53  7 48  48  1  6 119  9 16 104 16 90  38  8  6 100 17 49  54 10 32  65 14 82  37  2  3  98 15  4 66 11 31  67 12 25 82  5  8  94  0 28 84
 8 68  44 18 11 101  7 99   4 14  3 100  0 78  31 11  1 106  4 39  39  9 65  59 13 19  69  5 16  91  3 11  95 12 26  97 17 10 101 16 54  48  2  2  81 15 69 32 19 91   8  6 39 68 10  1  90  1 91 16
15 10  85  0 24  87  8 55  43  9 71  28 13 99   9  5 85  45  3 58  34 16 18 101 10 11  67 17 90   1  1  7  68  7 88  18 14 75  27  4 97  11 18 75  43  2 11 78 12  8  82  6  6 80 19 45  76 11 78 27
14 68  25 17 57  64 19 15  83  5 36  58 16 27 101  6 26  54  4 66  44 10 38  56 15 97  18 18 55  49 12 73  20 13 23  60  8 68   9  2 19  73  7 89  16  9 46 18  1 34  62  0 39 38 11 23  78  3 60 41
19 28  78 13 20  75  2 44  52 17 81  28  9 62  47  1 66  34  4 44  37  0 52  46  3 40  73 11 89   5 10 92  15  8 27  64 18  6  87 14 75  38 16  6  86 12 96  5 15 50  52  7 73 36  5 60  23  6 31 75
 6 90  15 14 55  51 15 41  77  7 20  56  4 51  39 16 44  50 11 67  59  0  6 103  1 82  34 10  5 102 17 10  89 19 63  27 13 80   7 18 39  60  3 22  60 12 48 59  8 24  62  5 66 36  2 46  20  9 91  5
 8 41  57  6  4 102  4 34  63  7 68  46 15 58  45 10 71  15 18 57  14  3 81  36 13 62  27 19 84   9 14 57  38  5 23  77  0 31  65  2 59  35 11 18  82 16 74 12 17 60  40 12 38 45  9 70   4  1 49 70
 4 53  43  0  6  95  5 79  23  8 84   7  9  3  70 18 41  40 14 28  75 15 61  44 10 43  84 12 36  73 13 68  33  7  8  82 11 35  93  3 73  27 16 81  17  2 93  3  6  1 100  1 94 15 19 96   5 17 73 34
18 92   0  7 94  16  3 54  23  9 17  56 14 11  96  6 41  73  0 55  18 15 15  82  8 87  23 19 81  13 11 62  27 12 78  25 13 28  71  5  8 107 10 77  42  4 82 19  1  1 100 16 68 38  2 84  25 17 58 26
 3 82  29 15 31  58 11 12  81  9 78  22 16 83   5  5 33  71 12 39  81 19 78  17 13 33  71  0 11  83 17 91  22  2 54  53  8 26  61  1 90  10  6 71  22 14 12 65 18 28  59  4 57 33  7 99  11 10 49 45
 7 37  37 18 17  56 16  3 110 10 57  58  4 71  22  3 82  20 11  9 102  0 29  66 17 17  59 14 99  13  2 96   4  5 97  14  9 10  75  6 26  63 19 36  64 15 32 70 13 14  78 12 35 62  8 34  45  1  8 93