30 20
 5 51 54  0 93  3  6 49  45 16  1 78  2 52  66 15 26  79 19 74  27 10 59 34 12 44  79 13  8 93  4 81  16  3 95 10  9 68  53 17 57  38 18 57  22  1 40  82  7 17  95  8 92   2 14 88  18 11  6 102
17 75 23 11 22 55 16 11  79 13 49 43  1 31  64  7 32  63  4  5  80 14 51 42 10 14  97  8 43 43  2 43  72 19 24 98  3 83   1 12 67  38  6  2 104  5 45  34  0 75  47 15 35  63  9 50  37 18 95  21
15 80 10  9 13 79 18 36  49 19 51 65  1 63  42 16 58   8 17 30  75  8 75 69  0 72  31 14 92  6 13 13  92  2 13 72  7 92  14  3 12  93 12 76  18 11 29  43  5 64  21  6 58  24 10 26  72  4 21  81
13 91  8  1 95  6 19 51  36  2 75 31 10 89  18  6 56  54  8 74  10  3 60 58  0 86  18 16 70 28  9 97  10  5 11 83 14 61  52 17 68  22 15 43  91 11  5  90 12 17  65  4 18  80 18 14  91  7 93   9
13 40 56  3  9 83  2 80  26 19 82  6  1 67  30  0 33  65 15 84  10  6 39 78 18 48  59 14 89 21  5 95  11 16 60 68 17  4 101  9 99  10 11 92  37 10 52  55 12 79  22  7  9  79  4 89  19  8 54  46
 6 55 78 17 70 39 14 95  12 19 60 28  7  9  66 12 82  30  3 52  56 18 30 28  5  6 104 11 27 86  8 57  51  0 89  2  1 63  20 15 29  54 16 55  46 10 37  70 13 66  39  4 16  88  2 87  20  9 63  42
 0 44 62 10 47 60 15 90  11 11 35 81 17 79  27 14 57  51  5 58  18  6 98 13  8 62  47  3  8 80  9 31  64 16 94 27 12 49  77  2 90  17  1 11  70 19 63  23 18 22  77 13 44  81  7 96  14  4 86  33
 9 63 46 10 80 16  8 72  23 13 83 33 16 25  71 18 55  58 15 68  32  3 42 76  6 70  39  5 64 51  1 24  61 11  7 76 14 45  69  0 12  99  7 17  40 17  8  78  2 41  60 12 88  23  4  7  90 19 83  32
 4 68 27  6 99 21 19 37 100  5 33 69  2 72  19  9 98  15 16 92  23 18 28 94  7 14  82  8 16 96 12 99   3  1  9 84 15 93   6 13 25  98 17  8  81 10 64  11  0  4  66 14 74  16  3 35  63 11 37  74
17 79 26  1 34 55 12 36  71  5 83 16  2 48  43  3 23  85  8  2  95  7  5 88  6 16  72  9 76 20 19 10 100 15 95 33 14 12 111 10 94  10  4 46  53 18 53  57 11 35  46 16 73  52 13 78   0  0 55  38
17 31 88 15 75  5 11 11  91  0 92  8  7 46  29  6 84  20  5 39  77  9 17 95  4 83  17 12 87 24 10 86   6  2 93  0 14 68  39 16 67  23 19 83  27  3  4 125 13 96  13  8  3  84  1  7 106 18 51  68
13  4 83 14 50 43  2 20  98  5 74 22  0 37  53 11 95  11 16 65  23 17 83  8 15 98   4  9 25 74 18 64  38  6 90 19 19 51  67  7 61  29 12 97   4  3 70  50  4 14 103  1 13  81 10 99  22  8 83  15
 3 41 56  5 81 64 13 93  13  0 78 55 14 53  50 12 66  61 11 40  52 16  8 82  2 63  35 19 66 34  8  2  94  9 36 62 15 24  58  4 61  33  7 75  20 17 27  75  6 71  23 18 23  77 10 18  79  1 60  56
15 87  1  5 29 87 18 36  86 17  2 97  6 18 103 16  2 115 13 11  74 12 47 76  3 94  14  2 92 25  9 58  43  0 93 11  1 47  36 14 90   7  8 28  42 10 54  49 11 28  80 19 84  20  4 68  58  7  4  72
10 23 74  6 74 20 19 95   2 15 64 33  4 21 102 17 46  29  8 86  35  1  8 67 12 58  19 18 64 37  0 99  13  9 29 49  3 47  57  5 64  17 13  6  78 11 25  55  2 63  18 16 59  57  7 96  25 14 19  75
 3 75 45  9 75 36 16 76  32  6 83 25  7 22  73 11 98   1 14 85   6  8 75 29 18 11  71 12 64 31  5 21  88 17 94 13 19 46  50 10 63  47  2 78  12  1 35  77  0  9  74 15 16 105 13 39  67  4 28  94
13 57 40 18 66 35  5 46  71  6 84 15  8 16 104  0 19  95  4  1 118 10 29 73  7 65  19 12 42 79  1 87  20 15 38 64  3 88   7 16 83  22 19 86  20  2 21  79 11 38  36 17 61  24  9 29  85 14 74  28
 5 66 39 15 74 13  1 43  51  2 55 59 19 86   1 18 69  23 12 11  98 13 12 85 16 61  48 17 56 29 14 56  22  9 77 50  0 80   7 11 16  82 10 13  52  3 14 101  8 14  96  4 96   1  6 88  21  7 20  88
 8 52 50 14  1 91  6 82  30  3 57 59 11 18  89  4 94   0 12 44  41 15 81 18  1 25  73  0 75 29 17 29  67  7 74 12  5 10  94 10 24  77 19 63  30  2 42  68 18 62  24 13 98   1 16 67  35  9 72  53
10 81 34  0 95 13 14 46  47  2  6 92 16  5 117 19 18  75 17 79  35  6 43 94  3 28  83  8 27 67 12 84   3 11 83 35  7 99  25 13 60  33 15 86  20  9 21  86  1 13  83  5 28  82  4 91  21 18 20  70
17 63 47 14 56 55  1 24  60  4 43 78  7 30  68 16 22  81  0 31  87 18 64 47 19 56  57 13 62 45 15 25  60  8 85 27  2 13  93 11 76  36 10 63  46  6 51  56  3 87  48 12 21  95  9 65  24  5  1 112
14 54 25 16  1 99 17 71   9  5 76 19  4 23  87  8 90  21 10 19  83 12 97 11  3 84  32 19 27 63  2 70  30  9 38 34 18 62  57 13 94  28 15 47  54  0 22  82  7 52  42  1 21  78  6 11  88 11 97  17
 1 91 15 14 67 33  2 12  89  8 75 21 13 42  41  6 38  74 12 63  56  3 92 12  5 41  80 18 14 70 17 28 105 11 84  3 10 39  43  0 49  48  7 23  72 19 58  40 15  9  95  4 19  95 16 17  89  9 46  61
 7 89 19 11 44 30  3 61  44  9 63 45  8 95  22  4 70  63 18 49  31  5 99 16 14 44  64  0 68 40 10 86  17 13 86 28  1 11  83  2 13  76 15 17 104 17 85  39 19 62  29  6 80  14 12 37  60 16  2 113
19 39 59  6 42 58  9 19 100 16 81 29 17 46  80  8 87  17 14  7  70 11 58 43  7 27  54 10 97 14 18 53  64  2 21 79  3 69  47  0 97   2  1 64  12 12 47  33  4 11 103  5 43  68 15 67  31 13 11 117
 2  4 93 16 13 91 17 44  40  6 27 90  3 23  60  4 25  67 11 44  67  5 39 60 18 38  57 14 31 79 15 38  55 19 95 58  0 13  96  9 19  93  7 29  81 12 37  66 13 44  51 10 77  16  1 24  94  8 39  43
13 56 51 11 91 12 16 37  49 14 36 88  6 86  16 15  2 107  1 39  42 17 19 89  0 90  26 12 43 91  5 72  19  3 87 12  2 37  52  4 39  81  7 90  18  8 33  87 10 73  53  9 88  27 18 34  84 19 66  13
10 56 30  2 32 68  6 48  40  0  6 90 19  9  95 14 57  53  7 21  91 12 56 34 18 37  42 16 75 33  5 40  50  9 93  9 15 97   3  3  5 101 11 67  21 13 24  63  1 20  87 17 15  64  4 16  58  8 21  92
15 31 67 19 30 85 11 88  14 17 45 70 18 37  58 13 38  43  4  3  80  6 97  1  8 40  66 12 29 95  3 24  63 14 30 76  1 29  47 10 45  54 16 51  66  2 58  39  5 82  18  0 51  59  7 85  26  9 37  62
 0 38 77 18 77 14 19  8  87  6 48 29 11 46  43  4 89  20  5 96   8 13 50 59  2 21  84 12 38 54 17 57  37  3 26 71  1 97   8 16 70  37  8 23 120 10 18  88  9 33  82  7 34  80 14 35  34 15 69  29