30 20
11 38  73 18 65  47 19 92  14  9 13  94  1 61  44 10 56  31  3 95   7 13 77  37  7 40  72  5 23  84 15 87  11  0 96   7  4 95  22  6 51  51  8 98  17 17 44 42 16 10  99  2 57 57 14 44  60 12 28  50
 8 81  23 15 37  53 18 13 106 16 48  60  6  7  85  0 87  16  2 12  85 11 23  88 13 83   0  7 69  11 10 26  86 19 61  45  9 16  68 12 60  54  3 79  29 17 52 56 14 84  27  4 93 11  5 73   2  1 92  22
17 70  39 18  1  98  2 72  20  4 36  57 14 66  21  7 65  32 10 62  39 12 98  16 13 22  79  0 65  40 19 26  54 15 89   1  5 12  93 16 52  34  1 73  22 11 52 63  9 28  82  6 60 32  8 11  78  3 26  86
 2  4  76 17 27  61  4 65  42 10 39  41  9 93  17  6 12  87 12 92  25  8 86  25  5  9  95 18 87  27  3 65  16  7 79  32 16 92  13 11 41  47 19 97   1 14 45 69 15 84   3 13 89 28  1 64  28  0 37  67
 4 60  27 11 89  16 18 16  91  9 24  78  2 49  51 12 93  17 16 80  29  5 35  45  7 61  41  6 46  52  8 36  60 15 68  31  3 23  74 13 13  84 14 51  57 10 25 66  0 76  35  1 46 59 19 98  11 17 58  57
 4 35  61  6 18  78 16 72  25 18 86  26 14 99  18  2 52  64  7 48  48  9 98  23  1 58  48 15  7  83 10 26  51 12 15 114  5  3  98  8 37  57 19 92   5 13  9 82 17 63  37  3 20 97  0 91   4 11 86  41
19 56  67 14 10  81 11 62  29  3  8  79  6 50  51  9 19  65 15 53  64  4 69  30  2 67  37 12  8 102 17 10  82 10 22  73 13 40  68  8 85  29  0 44 110 16 22 67  7  1 136  1 90 10  5 47  47 18 59  72
 6 82  40  9 83  33 17 75   7 12 89  37 16 72  27  5 39  86  0 47  45  8 39  70  1 15  73  3  1 113 14 64  42 13 66  35  7 17 120  2 68  19  4 43  46 15 63 41 18 96  11 11 37 80 10 64  35 19 35  78
10 58  64 16 48  71 17 19  89  5 17  98 15 33  71 18 29  56 14 46  48  2 81  43  0 11  94  1 88  12  4 58  53 13 70  13  7 99  23 12 96   1  9 90  26  6 46 37  8 69  53  3 92 21 19  4 127 11 45  28
 6 74  26 11 78  14 15 79  24 17 44  53 14  2  90  9 63  17  7 68  47 10 57  37 16 33  57 19 90   1  8 69  12  1 91   0  4 35  73 13 80  24  5 26  73  0 44 62  3 91  25 12 27 68 18  2  94  2 61  38
10 59  54 11 46  95  7 81  21 14 42  86  5 53  62  2 44  28 19 21  87 15 45  71  1 91  24 12  4 101  8 76   4  0 18  70 16 72  36 13 78   9  9 20  76  4 44 82 17 52  70  3 37 53 18 68  40  6 33  62
19  2  81  9 63  27  0 82  21  3 37  60 14  3 100  7 53  37 13 89  28  6 31 101 11 63  36  8  6  92 15 98   2 10  2 106  4 23  85 12 38  51  1 87  11  2 91 13 18 60  26 17 55 45  5 93  16 16 38  57
 6 74  35 16 85  18 10 55  54 13 52  54  9 87   0 18 25  80 14 85  27  4 33  73  1 42  81  8 65  47 17 59  57  5 91   2  2 91  12 12 16  96  3 30  81 19 62 47  0 70  60  7 14 96 15 35  65 11 19  95
 4 16 104 11 23  75  5 70  17  0 41  45 15 12  60 12 99   8 13 26  94 19 43  47 14 14  79  3 91  12 16 50  42 10 78  39  9  1  72  1  2 104 18  4 104  6 80 15 17 14  83  8 63 24  7 55  37  2 14  87
 1 86  11 12 32  72  3 56  71 15 81   8 11 52  64  2 14  84  5  7  97  8 74  31 16 33  82  9 69  29 17 23  84  7 68  38  4 45  74 13 19 100  6 38  62 14 35 69  0 21 101 10 42 46 19 86  25 18 98  12
19 33  55 12 51  39  7 96   9 14  5 101 13 56  45 10 90  13  2 50  43 11 41  75  3 34  57  0 93  15 16 61  27 17 67  21  9 60  46  1 31  77 18  5  91 15 41 95  8 85   6  5 58 50  6 57  44  4 10  92
16 25  78 19 92   5 12 17  79  9 94   9  3 67  33  5 60  47  6 71  43 17 28  63 13 70  40  4 97  17  8 56  72  7 29  82  1 56  41 10 41  56 14 57  42  0 70 30 11 26  65 15 50 60  2  2 115 18 44  56
 7 27  88  6 48  50  0 85  15 19 17  85  9  1 103  3 86  33 16 88  22  8 43  60 11 58  25  4 82   5 12 51  52  2 59  54 13 38  43 17 99   6 18  7  73 15 49 40  1 88  38 14 56 27  5 80  11 10  1 127
12 61  44  9 48  79 19 90   2 14 59  34  7 80  28  8 44  37  0 26  50 13 44  48 16 86  11 11 31  90  6 72  42  3 29  74  1 68  17  2 29  70  4 49  49  5 23 81 10 59  35 15 61 31 18 70  47 17 49  49
 1 37  74  4 45  54 18 24  83 11 88  14  0 18  87 16 33  56 12 42  49  8  4  71 13  7 120  7 69  46  2 68  16 19 39  29  3 87  37  5 61  54  9 42  66 15 16 66 17 43  71 14 83 38 10  6 115  6 36  77
10 91  12 16 35  56  3  9  59  5 98   6  4 49  65  7 96  22 11 68  39 19 81  48 15 10  88 14 58  30  9 21  69  8 90   7  6 26  87 18 36  71 12 91  17  0 52 47  1  9  86  2 49 35 13 15 102 17 80  28
 5 11  84  4 78  25  7 59  42  8 47  31  0 11  88 11 24  86  1 55  58  3 87  19 17 28  82 14  2 100 16 23  73 19 38  66 15 71  39 13 69  41 10 97  22  6 74 38 12 43  68  2 57 38  9 44  47 18 23  75
13 13 104 14 54  51 16 19  96  5  3  84  0  4  75  7 13 101 18 77  29 12 74  27  1  2 105  3 66  43 19 81  43 17 60  49 11 38  67  4 90   5  2 67  14  9 34 56 15 27  74  8 57 21  6 72  13 10  7  86
14 29  72 16 69  33 19 13  91 15 96  17  7 90   1 11 24  72  4 90  15  9  3 103 10 57  46  3 83   9 18 78  29  6  4  86 13 24 107 17 65  17  2 44  43  0 21 69  5 56  32 12 73 62  1 93   2  8 97  14
 8 53  41 13 13  81  6 18  93  5 33  61  1 79  20 19 45  58 14 17  64 17 47  37  9 45  55  0 79  33 12  7 115 11 89  21  3 51  27  4 32  85  7 26  79 10 32 77 15 43  37 18 62 63 16 31  61  2 14 101
 0 63  39 19 56  47 12 68  26 16 49  63 10 40  73  5 51  49 14  3 106  8 87  23  7 63  59  9 52  45 18 95   3  1 56  16 11 97  18  6 30  54 17 99  11 15 39 68 13  6 103  2 76 68  4 34  73  3 73  21
12 68  39 14 31 103 11 59  56  6  6 101  0 30  32  9 58  30  3 73   7 13 62  55  4 71  40  1 96   6 18 23  99 15 71  41  8 20 115  5 11  80  2 50  24  7 92 10 10 62  46 16 67 37 17 10  82 19 65  27
18 98   5 13 83  34  7 89   9 15 64  46  1  4  89 11 27  59  0 79  24 14 25  79  2 78  18  3 36  80  8 52  44 10 41  25  6 21 101  4 62  51 12 78  29 17 92  1  5 92   4 19 88 19 16 80  29  9 64  54
11 88  16  5 78  17  7 10  82 10 14 116  8  8  84  1 18  99  2 10  81  6 37  79 14 49  80 12 27  84 17 94  18 13 95   2  0 37  84  4 23  87 16 15  88  9 87 42  3 54  61 19  1 69 15 74   2 18 40  64
 0 21  76  1  3  99 19 32  75 10 51  53 16  9 103 14 76  21  5 23  67  6 73  36 12 53  53  3 81   1  7 74  17  4 92   0 18 69  32 17 56  39  9 93  31 15 52 26  2 83  37 13  1 97 11 17  73  8 46  69