30 20
19 49 57 12 91  31 14  1 105 10 37  71 15 32  88  7 69 28 11 56  30 17 65  17  1 45  50  5 66  45  8 17 100  0 72  35 18 38  71  2 64  34  3 20 92  4 68   9  9 71  53 13 51  45  6 17 74 16 26 63
10 59 19  5 43  50 11 90  20  8 51  63 16 96   2  6 62 43 19 35  82 15  6  73  0 54  55 13 81  16  1  3  97 17 80  16  3 94   4  7 39  63 18 37 60  4 21  85  2 52  48 14 51  55  9 36 54 12 89 26
15 57 49 19 90  12 10 34  73  5 37  63  6 60  15  7 51 36  3 27 109  9 29  58  1 53  52 16 20  79 17 45  50 11 16 111 14  2 103 12 24  87  4 34 65 18 18 100  2  2 121  8 75   0 13 78 23  0 46 54
13 33 60  9 15  78 14 68  59 18 19  85  1 43  58 11  7 82 19  2  88  2 19 107  3 15  66  4 58  36 10 80  15  5 48  42 12 49  67 17 82  39  6 63 42  8 26  89 16  4 104  0 38  57 15 62 42  7 41 70
 3 82 10  2 63  42 10 72  24  8 47 108  1 56  59  4 89  2  5 71  17 15 91  10 12 75  13 11 93   5 13 59  62  7 58  59  0 20  80 16 84  20 17 63 29  9 50  63  6 48  52 19 85  10 14 39 66 18 45 79
19 56 18 11 32  57  6 34  99  9 30  92  7 40  39 18 67 38 13 30  99 14 49  70 15 17  68  0 17  81 16 15  96  8 58  29 12 47  51  3 15 102 10 21 73  1 74  31  5 85  31 17  7  93  2 41 61  4 79 20
15  5 94 10 76  30  5 48  56  9 58  58 19 23  48  0 44 41  8 63  63 18 56  38 12 59  39 13 72  32  6 34  87  4 82  27 17 86  17 14 43  80  7 70  7  2 41  82  1 97   4 16 57  31  3 38 77 11 24 71
19 59 69  5 34  72 14 66  15  3 20  56  4 13  88 12 88 35 15 95  20 13  6 107  6 68  39 18 41  44  7 51  36  9 20  99 11 80  34  1  1 133 16 43 90 10  6  95 17 37  48  0 34  79  2 72 21  8 62 54
12 55 67  5 59  37 19 53  99 10 74  47  8 77   4 11 72 46  0 76  26 17 95  28  4 66  43  6  2  94 13 26  70  9 53  47 16 41  82  3 28  79  2 26 78 14 69  22  7 74  34 15 60  51  1 79  9 18  5 94
 9 63 38 15 94  12 12 86   7  5 97  16  3 94   9 13 82 25 19 88   1  8 25  77 16 10 105  4 72  25 18 39  69 17 49  66  7  5  94  2 38  55  6 85 14  0 42  30 10 89  57  1 22  74 14 34 68 11 18 83
 1 62 65 19 65  55 18 25  73 10 74  17  6 48  73  2 73 40 15 92  14 14 69  22  7  2 107 17 17  57 11 79  10 13 81  35  5 55  55 12 37  60 16 79 28  4 95   2  0 94  35  9 31 103  3 16 91  8 44 42
11 53 52 19 14  78  2 77  39 17 92   1 14 32  64  7 47 73 15 93  14  4 41  48  5  6  87  0 71  15  1 69  38  8 70  36  3 96  12 10 11 100 13 39 59 16 10  90 12 15  96  6 39  75  9 98  7 18 29 82
 6 25 90  5 80  44  3 38  76 11 44  66 13 78  16 14 39 53  9 29  59 12 40  74  8  5  77  0 47  23 19 61  36  1 47  75  2 63  33 18 80   3  4 46 57  7 76  24 15 15  89 17 54  50 10 21 76 16 25 83
 2 53 57  6 99  20  4 44  49 12 54  71 17 89   2 16 75 26  0 26  72 10 58  68  7 30  75  3 17  64  5  3 122 18 17  92  1 14  78  8  1  90  9 60 44 19 49  50 15 76  26 11 83   7 14  9 85 13 32 66
 9 22 93  5 10 107  1 94  11  7 54  73 11 91  39  0 99  4  8 91  12 12  8  95  2 39  56 19 59  28 10  3 100  6 55  35  4 29  84 15 37  65 13  6 96 18 64  45 14 81  31 16 84  18  3 29 71 17 95  3
14 72  9 11 67  33  5 29  92 10 57  54  4  9  84  3 40 96  1 78  12 13 99   6  7 53  20 15 66  43  2 85  25 17 31  74  0 42  69 19 83  14 18 46 48  8 27  78  9 47  44  6 60  53 16 67 40 12 47 50
 2 45 65 12 44  37  5 83  24 13  8  70 17 60  41  4  2 79 14 10  88  7  3  98  6 29  83 11  9  82 19 37  60  0 29  42 16 22  85 10 97  14 15  6 67  3 41  62  9 81  12 18 74  38  1 62 52  8 95  3
 5 92 13  4 37  73  2 32  78 15 28  91 10 29  73  3 62  4 14 93  20  7 30  68 19 92   6  0 45  75 11 35  89 17 77  58  8 46  44 12 47  49 16 46 54  9 81  25  1 43  86 13 43  62  6 30 65 18 18 90
 4 49 36  9 86  18 13 20  85  5 90  22  8  4 100  6 44 46  7 72  15 17 22  92  0 90   1 12  1 136  1 30  80  3 71  25 16 77   2 15 62  57 19 48 38 10 25  87  2 89   5 11  6  82 18 95  3 14 44 76
14 62 26  3 63  60 16 92   2 10 16  51  6 20  92  2 69 55  5 65  25  0 81  38 13 21  62 12 54  52  9 97  28  7 79   6  8 37  59 19 97   9 18 93  6  1 55  48 17 70  46 15 60  62 11 36 73  4 57 48
17 76 23 13 54  50 16 76   2 15 36  80  5 93   1  4 67 16  3 35  55 11 37  80  0 44  52  7 88   9 10  3 107  2 22  71 12 73  47 14 65  26  1 26 71  8  3  71 19 99   3 18 78  35  9 38 64  6 30 86
 2 77 33  9 82  18 17 66  20  4 75  25  7 95   4  5 72 44  0 76  41 18 52  44 19 72  59 13  4 120 11 70  39  1 76  19  8 61  32 15 88   8 16 39 75 12 36  77 10 88  28  6 69  45 14 58 34  3 14 97
12 65 48  4  8  97 18 90   5  1 57  66 19 73  14  5  2 68 14 62  41  8 48  75  0 76  12 10 87  29 15 53  77  6 23  68 17 76  22  2 74  23 11 99 16 16 34  75  3 71  41 13 27  77  9 87 28  7 46 54
13 76 32  6 54  58 11 75  26  5 69  22 17 44  35 16 26 66 19 63  27 10 75  25  0 78   1  4 78  31  3 39  63  1  7  87  9 73  12 18 27  70  2 55 39 14 23  74  7 55  25  8 29  81 15 56 56 12 36 85
14 17 96  9 42  56 13 56  56 11 84  24  2 44  79  5 74 38  6 62  51 17 55  54  8 55  64  4 31  62 12 71  61  0 11  78 15 16  87  1 29  75 18 50 49 19 72  29  3 64  36  7 42  43 16 28 84 10 70 16
 9 76 21 18 56  79  6 78  30  8  2  87  1  6  88  4 71 24 16 19  88  7 69  42 12 30  71 10 87  10 13 57  54 17 33  76  5 87  21  2 68  52  0 24 80 11 31  77 19 56  54 15  5  71 14 19 81  3 82 28
 2 64 25 19 36  74 15 19  88  8 90  18 14 65  33  3 80 28  4 26  67  1  2  95  6 52  48 11 72  19 17 17  83 12 29  80 13 60  43  5 16  87  9  6 87 16 91  18 18 79  30  7 43  48 10 99  4  0 26 55
19 82 16  1 80  23 17 60  41  6 93  18 13 54  58  2 24 97 12 87  10  8 63  41  0 59  61  9 85  21 11 13  98  3 32  74 10 93   5  4 33  63 15 15 71  7 48  37 16 72  27 18 23  45  5 97  4 14 76 31
17 61 54 14  6 106  6 87   8  5 74  16 18 67  39 16 44 47 13 63  28  0 12  99 19 81  13  9 61  22  2 26  75  7 23  89 10 76  34  8 93  10  4 97  2  1 75  29 12 76  30 15 46  58  3 66 39 11 54 39
19 77 19  7  6  87  8 62  27  0 22  86  4 81  11  3 44 79 18 28  44  9 97  15  5 16  65  2  7  97 12 34  66 11  3 100 13 93  22 17 12  64 15 35 73  6 88  22 14  9 120 10 93   7  1 87 33 16 51 68