30 20
11 66  62 19 38  66 16 15  84  7  7  92 12 93   1  1 57  55 10 92  20  8 56  49  6 93  24 18 60  46  2 40  57 13 74  18 17 59  53 14 72  48  0 21 77  3 24  71 15 24  94  4 57  60  5 74  43  9 69  42
 4 88   1 19 70  44  8 42  46 17 14  70  0 66  54  5  8  93  1 32  74  6 77   5 11 11  83 12 30  89 10 48  54 13 97  27  2 89   1  3 82   8 15 81  6 18 89  20 16 76   2  7 87  32 14 44  58  9 26  73
19 53  52 10 82  33 14 37  68 11 85   4  3 31  70  2 81  25 13 24  67  1 67  50  0  3  98 12 12  98  9  8 123 18 72  19  4 87  21  5 69  20 16 19 78 17 35  69  7 97  30  6 46  51  8 73  45 15 12 117
 2 31  60 15 50  75  6 74  30 19 12  86 17 52  36 14 89  26 12 67  41 13 52  59  1 21  59 11 11  74  5 31  45  4 69  12  9 35  67 16 99  19 18 24 68 10 93  14  8 87  25  7 15  87  0 20  95  3 66  19
17 14  74  8 90   5 10 14  60 16 68  28 19  6 104  4 79  10  2 14  92  6 15 115  0 17  68  3 68  28  9 19 102 12 46  38 11 72  16  7 33  90  1 20 74 15 12  91 14 56  41 13 97  28 18 26  51  5 36  58
 5 71  27  6 95   2 13  2 100 10 81   2 19 93  11 16 21  57  9 98   5  8 64  38 15 30  86 12 40  58  4 67  59  7 65  63 14 16  72 11 33  52 17 51 52  3 49  36 18 68  41  2 89  13  0 92  11  1 35  79
 2 28  69 19 33  26  4 81   3  8 94  38  9 11  86  6 61  56  7 36  61  5 33  61 11 92  12  1 83  26 13 14 101 14 97  12 17 36  60 18 61  69 10 72 40  3 65  41 12 26  65 16 14  84  0  4  88 15 80   8
16 70  29  7 96  16  1 35  62  6 11  88  5 99   6 12 83   4  4 39  74 10 43  33 14 87  28 15 19 103  8 14  88 18 46  58  0 91   7  3 17  82  9 32 94 11 32  70 17 38  63 13 46  68 19 96  27  2 22  84
12 69  47  0 36  80  2  8  81  4 21  90  1  2  70  6 32  53 14 75   8 16 81  22 19 47  70  3 64  34 17 80  37  5 75  21 11 49  54  8 41  40  9 82 20 10 25  85 13 89  16 15 33  91  7 29  60 18 47  76
 6  9  88 17 36  85 13 22  64 19 59  31 16 32  77 18 33  49 11 72  34 10 27  70  3 45  64  2 19  86 14 49  72  8 35  59  5 57  33  7 87   0 15 59 49  9 49  46 12 83  40  4 52  33  0 66  31  1 61  29
12 24  87 18 53  37 11 61  41  7 31  89 17 14  81 10 19  82  6 26  70  9 91  11  3 53  44 19 41  50 14 77  18  1 66  26  4 81   3 15 32  57  0 29 73  2 83  23 13 13  95  5 31  81  8  6 111 16 21  70
 0 45  64 18 89  22 11 29  91  3  7 104 15 47  48 10 47  75  5 25  50  4 45  53  7 60  59 13 28  82  8 83  40 19 68  17 17 12 105  2 37  77 14 69 45  1 46  46  6 47  50 16 91  14  9 20  66 12 45  50
 3 23  95  4 55  53  7 60  46  6 52  37  5 17  75 15 75  23  8 54  45 13 76  22 17 35  62 12 61  40  9 51  58 10 84  33 18 38  61  2 94  20 14 30 63  0 14  91 11 78  25  1 29  76 19 99   0 16 88  20
 5 14  67 12 22  70 14 99  10  6 59  54  3 89  23 10 44  88 13 98  13  7 56  46  8 22  80 17 33  43 15 41  56 18 46  48  4 65  36  0 85  24  1 38 53 16  3  85  9 19  69 11 39  72  2  5  80 19 72  51
 7 12 107  4 27  88 10  8  98 13 13  70 11 26  76 16 35  48 18 33  72 12 49  51  8 29  42 15 39  54 19 37  66  1  1 115  0 74  30 17 22  77  2 38 31  3 31  71  9  6 108 14 98   1  6 86  16  5 69  55
 0 72  41 17 74  47  4  6 103 15 58  50 11 27  67  3 21  64 14 19  91 13 97  31 10  8 111  7 70  19  8 49  60  1 25  70  9 39  61 16 95   1  5 71  7 18 81  17 12 88  24  6 11  92 19 93  21  2 71  15
19 11  92  1 82   6 11 82   2 17 80  42  5 74  21 18 60  29  7 43  46 10 75  16 12  4 100  2 64  39  0 52  57  3 73  20  4 77   6 13 80  48  6 89 35  8 66  19 16 28  53  9 62  55 15 82  33 14 42  40
 3 11 107 12 16  95  1 12  86 15 72  32  7 35  82  6 83   2  8 73  26  9 41  78 13 23  66 16 63  38 19 16  77 10 37  74  4 28  76 17 88   4  5 75 28 18 51  24 14 23  72  2 40  62  0  4  76 11 78  34
11 53  43 10 30  89 15 85  15 12  8  74  7 67  35 19 35  47  9 58  43  4 29  64  8 54  43  2 16  87  1 58  41  5 73  41  6 15  82  3 82  33 17 76  1 13 88   5  0 71  47 16 57  33 18 63  19 14 13  90
 0 34  46 13 17  78  9 36  70  5 96  26 15 84  21 14 84  31 17 29  75  6 56  47 11 83  15  7 84  30 12 52  54  2 37  68 10 41  85 16 93   4  1 79 11 19 93  17  4 37  53  8  1 112 18 45  39  3 33  54
14 19 122  2 79  20 13 43  73 16 43  57  9 64  28 19  2 100  7 14  92  6 58  28 18 47  62 15 23  85  4 93  11 17 19  91  0 57  50 12 77  19  5 32 83  3 61  34 11 27  75  8 25  67 10 52  51  1 53  41
16  3 118  9  1 104 17 73  33  8 81  16  6 88   0  4 56  61 19 58  27 18 14  78  7 88  23  2 68  27 14 16  92 15 78  14 12 48  67  5 30  68 10 68 50 13  5  92  3 47  75  0 28  67 11 71  38  1 19  64
 5 39  83 19 72  37  2 37  26 16 33  69 10 53  39  6 95   2 13  8  83  4 13  79 11 23  80  1 40  58  3 15  81 17  6  79  9 25  86  8  1 112 15 22 59  7 30  70 18 10  67 12  7  97 14 59  16  0 14  69
 4 37  80  0 98   3 10 81  11  2 73  45  1 58  57  8 27  78 18 22  90  5 39  56 13 98  22  7 35 101 19 98   4 14 73  48  6 25  63 15 73  21 17 72  7 16 79  33 12 54  73 11 94   6  9 27  84  3 30  62
 6 49  29  5 63  26 10 97  10 11 87   5  3 86  45  7 81  23  0 15 118  8 92  22 15 73  28  9 76  16 17 53  51  4 75  35  2 93  24 19 70  29 16 35 61 12 13 108 13 85   7 18 95   1  1 39  48 14 57  59
18 34  86  9 42  85  0 63  52 11 73  28 14  6 111  4 71  16  1 76  17  5 86  40 19 97  17 12 16  86 17 54  52 10 44  51  6 49  48  3 94  17 13 92 20  2 24  75 15 31  90  7 72  21  8 35  30 16 46  51
17  4  82  0 72  36 16 30  91  4 47  57 18 83   6  1 23  92  8 88   2  5 72  49 15 76  21  2  4 107  3 10  97  7 89   0 19 75  35 12 75  38 11 24 75 14 63  45 13 76  31  9 77  15 10 36  52  6 88   8
 4 80  33 17 68  39 13 65  54  2 15  74 15 36  81  7 34  86 10 94   9  1  7  94  9 99  10 16 44  31 11 72  60  6 12 114  8 33  63 18 77  23 12 24 77  0 57  56  3 68  26 14  1 123  5  3  87 19  6  86
 6 90   6 18  3  90  5 70  33  2  5  96  3 72  42 17 60  60 19 32  61  1 91   5 14 42  64  9 54  57 12 18  82  0 63  36 15 54  73 10 83  12  4 92 11 13 57  68 16 96   3 11 11 103  8 98  20  7 47  63
10 77  15 11 33  50 17 66  37  3 68  42  6 99  11  7 47  53  5 52  32 12 88  28 14  4  82  1 71  38  9 20  51 18 29  77 15 82  36  0 11 113 13 16 82 19 57  40  2  4  91  4 18  82 16 29  90  8 68  23