30 20
 6 59  37  5 77 28 15 73  6  8 46  53 13 99   7  2  7 107 10 11 104 17 75  24 11 27  73  0 22  58  9 33  60  1 70  37 19  9  83  4 17  83 16 33  71  3 17 107 12 40  50  7 75  27 18 15 89 14 80  25
 2 16  76 13 25 58 11  8 93  4 41  64 18 48  47 12 88  13 16 38  68 17 61  51 19 27  95 14 78  23  5 84  26  3  7 105  1 16 101  7 90   7  9 66  35  6 41  42 15  3  82  0 47  32  8 33 59 10 57  48
18 87  30 16 14 88 14 49 63 13 90  10  0 87  23  7 29  70  1 47  57 19 68  48  3 12 105 12 68  47 15 66  49  6 58  35  5 67  40  2 89  13  8 32  85  9 89   1  4  2 105 10 63  50 17 70 49 11 77  35
 9 10  68 10 74 19  5 56 32 14 88  21 18 77  45  2 79  41  8 69  30 11 42  74 12 12  99  3 76  24  4 78  39  1 74  38  6  1  90 19 16  88 13 34  98  7 60  61  0 66  28 16 71   5 15 77 13 17 84  15
 8 95  21  3 24 61  7 86  9  9 61  48  5 67  40  1  4 119 17 27  61  4  8  67 14 13  94 15 12  84 13 43  47 12 64  53 16  6 116 10 50  58 11 36  58  0 46  68 19 71  30  6 81  33  2 42 57 18  4 111
 6 82  10  8 99 14  9 34 57  2  4  97 13 89  23 14 84  35  1 77  41  3 51  45 15 12 108 19 72  22  4 37  62  0  4 113 18 18  75 10 91   9 12 99  20 17 16  92  5  6  83 16  4  73 11 77 49  7 97  18
16 37  65  7 44 53 12 81  2  2 72  36 13 13  65  6 66  50  5 52  18  8 68  24  3  4  81 18 14  93  9 31  49 15 91   5 17 71  40 11 86  25 14  4  73  0 55  46 19  7  68 10  8  74  1 89  0  4 80  39
 9 34  89  5 32 53  2 55 69  8 66  21 10 18  95 13 76  24  4 32  49  1 28  65 11  7 110 17 75  16 19 77   9  3 24  76 14 91   0 16  4  74  0 72   3  7 84  11 15 50  20 18 45  25 12 25 88  6  6 121
16  6  67  4 97 21 15 68 26  1 22  70 11 82  13  8 74  22  3 12  94  6 80  11  9 79  36 17 15  83  0 48  43 18 91  30 10 51  61  2 19  80 12 74  25 13 48  44 19 68  27  5 43  86 14 13 94  7 31  48
 3 82  25 14 19 85 15 80  4 17 13  93  8 35  71 10 98  23  6 68  21 19 12  84  0  1  84 18 15  98  9 58  82  1 94   4 16 54  28  5 74  23  4  9  91 13 50  60 11 82   8 12 68  15  7 23 96  2 76  25
 2 79  29 15 20 94  4 74 20 16 43  72  7 88  39  8 99   8  1 46  47  6 75  13 18 67  39 19 81  11 10 94  17 14  6  96  5 60  49  3 93  12 17 88  14 13 39  62  0 32  66 11 88  20 12 80 37  9 30  75
13 74  35 11 53 55  5 31 57  9  1 100 17 19  64  6 18  93  7 38  64 16 79  11  0 46  36  8 74  28 15 82  27 10 84  20 18 27  79  1 46  84  2 11 113 19 37  74  4 97  12  3 88  19 14 25 85 12 51  74
16 59  54  7 59 45 13 55 40 12 20  90  2 92   5 19  1  67 10 31  66 14 61  28 15 87   8 17 10 104  5 40  65  1 35  89  4 15 103 11 86  16  0 20  99 18 43  70  3 39  41  9  9  90  6 38 34  8 28  74
 2 26  73  0  2 93 19 81 21  8 64  26 18  9 107 10 47  79 17 28  44  3 78  39 13 64  39  6 77  33 14 16 101 16 69  47 12 50  45  7 81  38  4 31  60  1 87   9 11 42  54 15 23  97  5 46 67  9 45  40
 5 61  48  1  7 81 14 75 29  9 72  25  8 83  15  3  8  71 11 63  46 10 27  53  0 81   2  7 76  49 13 57  57 12  7 126  2 88   9 16 62  27 19  5 125 17 32  71  4 25  76 15 53  47 18 43 44  6 75  19
17 12  81 16 48 31  4 71 28  0 54  50 15 49  24  5 47  64  3 37  71 14 72  27 12 39  58  2 77  32 10 94   9 18 82  28  8 49  37  6 42  57  1 87  21 19  2  88 11 10 100 13 58  60  9 81 12  7 41  64
10 84   7  4 36 69  3 98  9  1 10  84 17 22  91  0 53  22  5 51  68  8 95   3  7 62  43 12 82  13 19 48  31 13 10 105 15 29  82  9 68  39 14 60  27  2  5  97 16 41  69 11 15 102  6 84 38 18 45  76
 3  9  71 16 40 78 15 20 72  5 39  65 13 83  17 11 28  85 19 94   3 12 68   7  8 19  98  6 25  54 18 13  82  7 63  42 17 69  39 10 17  93  0 74  27  1 95  23 14 91   8  2 89  11  4 16 68  9 35  42
14 69  49  0 80 25 11 20 76  5 99   5  4 23  85 12  8  82 18 43  66  8 34  72 10 35  56 13 83  29 16 41  67  7  5  88  6 86  16  1 16 101  3 29  69  9 92   8 15 44  40 17 54  22  2 21 82 19 81  27
 7 82  11  4 97 24 11  5 79  2 36  63 15 40  64 14 58  47  5  8 102 19 59  63 16 78   8  1 18  71  9 32  71 13 34  49  3 66  31  8 25  47 10 10  89 12 36  64  0 88   9  6 50  58 17 82  5 18 35  52
 8 74  17  6 42 33 10 86  4 15 22  62  5 39  36  3 45  55 18 26  71  1 63  42 17 65  61  9 70  20 19 33  73  4 39  66 16 74  15 13 75   7  0  8  99  7 26  45 11 25  55 14 13  97  2 72 31 12 98  30
10 25  82 17 46 60  6 61 46  8 74  39  7 40  24 19 25  58  2 42  67  0  5 103  3  2  99  5 65  46  4  1  94  1 77  28 14 13 112 16 42  79  9 31  76 18 45  74 12  7  90 11 20  75 15 95 31 13 75  26
 7 50  41  0 78 25 14 72 27  9 53  46  1 67  55  6 46  47 11 95   4 10 29  47  2  3  91 17 31  70 15  8  83  5 26  70 19 60  34  8 52  72 18 35  77 12 57  59  4 57  44 13 91   8 16 91  0  3 35  74
18 26  71 15 80 20 16 71 42 10 64  54 12 57  47  6 43  53  2 72  23  1 99  12 17 87  10  5 81  36 13 15  91  4 23  72  7 73   4  8  7 126  9 70  36 19 98  29 11 66   9  3 47  32  0 10 88 14 73  33
 0 20  58  6 55 73 12 87 14  4 10  77  8 16 100  1 59  34  5 91   8 17 82  35 15 53  43  2 67  37  7 60  35  9 34  70 11 78  11 13 66  56 16 98  16  3 39  59 10 14  83 18 65  23 14 52 75 19 54  45
18  3 101  9 26 65  6  8 88  4 42  87 11 70  25 19 17  72  8 56  25 10 31  50  3 29  66  0 88  10 13 60  19 15 81   9 12 23  59  2 23  81 16 43  40  5 29  61 17 74  13  7 29  63  1 30 57 14 63  60
 5 67   4 10 66 35  1 88 13 14 78  31 11 79  24 18 37  76 16  6  86  7 35  71  9 61  41 13  3 101 17 67  35 15 51  37  2 64  18 12 69  30  6 65  18  3 90  13  8 95  18  4 11  93  0 28 57 19 50  59
 5 54  61  6 52 60  8 16 92  3 39  46 15 56  27 19 51  49  4 49  61  2 70  20 16 59  55 14 66   2 13 57  67 10 74  39  1 86  28  7 83   8 18 82  21  9 65  19  0 40  39 11 89  15 12 53 63 17  3 106
18 68  34  8 44 55  1 62 53 14 25  61  4 69   0  6 48  55 15 68  58 10 70  17  7 61  52 13 51  37 17 74   6  5 24  75 11 54  33 16 69  16  3 69  14 12 33  69  2 61  39  0 18  69  9 36 58 19 78  53
 6  7  83 13 26 92  5 79 23  8 65  37  2 16  77 18  3 105 17 71  27 19 62  46 14 42  40 10 44  51  7 73  33 15 79  31  0  9  89  9 61  29 11 63  41  4 12  77  1 47  72  3 67  54 16 34 61 12  5 124