30 20
 2 96   9  8 26  67  6 33  82  0 19  84  4 43  36 15 17 99 16 26  68 13 66  33  5 84  39 12 56  34 10 83 23  7 66  23 14 74  43 19 24  82  1 85  23  3 47  46 18 88   1 17 97  27  9 41  71 11 77  2
 0 70  49 10 46  55 13 90   0  3 61  73  2 24  83  7 63 40  1 95  38 16 34  65  9 47  46 17 50  56 18 62 34 15 10  88 11 66  38  8 52  54 19 49  49  5  4 101  4 94   9 12 38  82 14 93  21  6 84 18
 0 48  49 19 60  47 11 15  92  9 25  66 15 21  91  3 99  9 13 56  37 18 32  71  1 31 109  5 36  34  7 74 29  6 72  28 10 91   8  4 29  58 14 34  69  8 50  71 12 21  76  2 36  72 16  1 130 17 30 78
 7 50  61 19 84  35 10 74  20 11 35  61  9 86  12 14 42 58  6 31  63 12 62   8 16 82  19 13 66  32  5 39 68 15 48  42  4 98  19  3 99  29 17 48  47  8 77  22  1 31  69 18 51  34  2 44  53  0 41 76
 0 90  24  6 27  91 11 30  71  1 68  46  3 25  51 16 94 28 19 66  30 12 48  68 10 47  69  7 16 108  5 90  2  2 23  73 15  5 101  4  3 102 18 10  94 14 37  63  9 74  53  8 28  50 13 25  80 17 86 23
17 32  38  8 76  17 19 29  85 16 60  45  0 60  33 12 21 87 13  2 114 14 65  29  3 22  87  2 36  83  1 80 44 10 61  68  7 55  35  9 84  25 15 99   1  4 25  92  6 68  28 11 80  24 18 67  43  5 50 36
18 90   6  1  9  94  9 28  45 11 38  44 17 36  70  0 19 83  2  4  88  6 46  77 16 84   2 10 71  52  4 60 57 14 23  80 19 63  32 12 77  19 15 72  41  7  2  93  3 63  47  5 24  74  8 60  61 13 99 27
14 96  10  9 78  37 11 79  28  8 90  21  2 63  58 16 80 18  4 10 116  1  2 104 19 67  41  6 96  19  0 69 11  7 13  84 15 42  61 18 54  46 12 76  49 17 32  91 13 75  30  3 52  58  5 98  28 10 16 95
 3 31  79 14 80   3  9 77  47  0 56  40 11 85  29 10 95  9  4 59  49 12 46  56  5  4 106 16 85  32  2 42 75  1 14  90 13  4 107  7 40  55 17 40  83 19 48  53  6 90  11 18 82  45  8  4  90 15 87 29
13  3 109  7 53  56  9 33  59  0 93  22  3 62  46  8 17 89 11 65  29  4 23  66  5 10  84 14 44  56 15 49 70  6  2 101  2 54  47 17 25  84  1 42  35 10 57  45 19 23  50 18 16  56 16 76  19 12 12 98
 4 68  73 17 54  62  2 75  20  8 29  56 11 29  85 19 98 20 18 17  94 13  4  84 12 10 101  3 71  24  1 26 82 10  3  89  5 51  37 15 79  27 14 30  56  9 58  52 16 76  25  6 81  25  7 63  25  0 60 34
 6 98   3  0  6 113 12 66  34 18 53  60  1 60  25 14 93 23 19 52  26 16 68  21 10 81  33  8 51  39 17 85 20 11 74  17  2 12  87 13 23  92  7 43  54  4 98   1  5 26  61 15 51  75  3 22  89  9 26 72
 2 90  31  7 35  95 13 76  18  0  7 106 19 67  37  4 10 87  9 41  61 11 41  48 16 18  53  3 41  60  5 35 78  6 13  79 14 30  81 18 28 101 12 32  77 15 95   0 10 92  19  1 71  32 17 76  63  8 78 12
14 31  68  3 64  25  6 21 105  7 72  32  8 78  29 12 88 15 15  4  98  5 74  29 16 26  82  4 11  86  0 41 78 17 93   0  1 32  38 18 74  27  2 18 100 19 37  79 10 28  91 11 47  53  9 98  16 13 65  6
18 10  95 11 37  60  2 99   7  3 28  60  5 84   5  4 92 32 15 12  81 13 72  15 19 84  22  6 90   4  1 35 46 14 40  59  0 63  53 12 29  64  8 89   3  9 16  76 16  4 101  7 38  85 10 22  89 17 84 21
10 41  48 13 38  54 16 71  28  8 65  40 17 86   8 11 30 84  7 57  28  5 71  32 14 24  79 15 10  82  6 78 15  3 74   7  0 16  84 19 25  85 18  6 103  2 75  31  4 68  45 12 67  48  1 69  30  9 56 61
 2 46  58 10 79  50 19 36  84  7 13  74 18  3 120  4 57 50  6 79  37  5 53  36  0 11  87 11 45  71 13 39 48  1 87   8  9 25  78 12 62  54  8 32  93 16 13  99 14 22  68  3 93  10 15 90  17 17 90  6
 1 64  55 13 70  35 11  9  98  2 92   4  3 15 101 18 32 71 17  6  92  9 96  11 16 51  33  6 87   2 12 49 76 15 75  19  0 84  14  4  1 104  7 10  85 14 39  76  8  3  78  5 89  26 10 13  96 19 21 98
18 45  63 10 40  54 12 14  84 16 69  19  1 45  52 11 98 13  8 90  17 19 19  82  9 40  60 17  2  92  5 47 62  2 70  26 13 46  69 14 70  15  7 93  12  6 70  41 15 93  15  0 33  76  3  9  47  4 85  2
 7 13 102  8 85   3 14 32  62 11 30  61 10 70  18 13 61 24  6 42  77 16 41  55 19 92  31  2 87   5 18 36 45  3 58  42  5 66  22  4 70  29  1 21  78 12 22  84 15 41  77  0 88  22  9 91   5 17 94  7
11 19  83  6 51  76 17  8  84  8 94  14  4 72  35 12 99  6  1 18  97  0 39  69 19 30  82  9 61  28 16 19 92 18 74  38  2  2 116  3 77  36 10 66  50 15 28  79 14 23  96  7 14 126  5 92   0 13 90  9
16 96   9 19 92  37  4 34  70  5 10  54  3 68  43 18 94  6 15 62  57  8 83   8 13 26  64  0 87  20 10 29 93 14 95   7 11 30  62  1 49  66 12 43  55  2 85  14  9  1  95  6 60  75 17 80  27  7 48 60
 3 42  59  4 14  79  2 55  33  9 97  14  7 65  33 16 63 15  0 74  19  5 63  39 13 67  41 11 48  40  8 63 55 14 81  31 18  8 101 10  7 110 17 22 100  6 43  71 12 53  49 15 22  62  1 93   4 19 89 24
 7 14  83  2  2  80 14  8 103  5 22  75  6 93   5  9 59 69 10 15  87 15  9  76  3 10  88 16 81  35 18 85 22 12 62  37 11 70  21 17 64   7  0 93   1  8 26  52  4 30  50 13  6  88 19 86  25  1 27 74
17 10  87 11 39  53 18 56  48  7 23  48 12 44  66  4 93  0 10 90   7  3 99  19  8 80  31 13 47  44  2 38 61  9 15 109 15 41  75 19 26  99  6 48  69  1 52  56 16 75  51 14 65  39  5  4 125  0 57 56
 1 46  76  4 78  30 10 10  89  7 13  87  0 32  77  9 63 10 14 71  28  5 66  40  2 40  64 18 13  91  6 50 64  3 97  21 19 41  65 16 95  16 11 58  41 12 57  26 15 63  40 17 42  59 13 56  30  8 31 65
10 88  21 14  2  97 12 34  83  6 19  92 18 86  15  2 90 19 13 84  26  8 40  44  9 52  81 19 66  45 11 76 45 15 62  41 17 27  64  7 28  76  0  5 113  5 72  25 16 54  52  3 46  44  1 57  29  4 66 42
14 98  11 13 44  59  1 33  86  5 20  53 17 74  16  2 30 75  4  4  86 18 88  24  3 19  60 12 85   3 19 81 12  0 29  96 10 72   8  9 79  30 11 54  41  8 37  78  7 95   6 15 11 101 16 11  97  6  2 88
 5 48  58 11 34  71 16 25  65 12 26  95 15 53  66 10 97  1  0 26 102  2 23 104 14 36  51  4 17 103  8 65 29  1 97  10 18  5 100  9 13  80 17 71  21  7 32  65 19 26  59  6  6  93  3 47  59 13 57 63
19 22  81 14 87   5  4 89   8  8 41  78  0 70  41  1 35 78 15 95  14  9 62  33  3 57  57 12 52  32  6 18 93 13 94   8 17 60  29  7 34  53 11 87   3 16 22  87  5 96  13  2 59  50 18 81  10 10 90  9