50 15
 9 14  82 10 79   0  3  6  86  8 35  63  5 42  57  7 64  23  4 51  60  0 67  40 12 13  83  1  9 108 13 46  44  6 84  15 11 60  55  2 10  74 14 34  28
 1 45  41  7 42  67  8 95  12  2 97  15  9 43  65 14 40  84 12 25  45  4 22  98  3 57  50 11 15  99 13 59  36  0 33  66  5 83  26 10 72   3  6 27  77
 2 15  60 13 92  12 11 82  34  4 76  29 14 87  15  8 93   1 10 30  66  3 96   9  6 21  71  5 76  26  7 61  21  1 62  25  9  7  78 12 21  76  0 38  72
10 36  86 12 96  12  7 77  25  1 97   7  5 26  94 14 13  62  4 90  33  9 60  34  2 91   1  3 86  22  8 74  12  0 64  37 11 42  53 13 93  12  6  1 104
 5 27  69  3 61  40  7 87  16  0  2 131  9 30  67  6 47  39 11 58  20 10  5  83 12 83  21  4 72   8 14 71  37  2 52  60  1 48  56  8 54  60 13 27  85
 3 44  68  0 66  28  6  1 123  2 12  81  4 21  49  1 24  71  5 19  76 14  6  94 10 31  49 13 50  35 11 84  16  9 34  66  7 59  36  8 64  52 12 53  53
13 51  68 10 48  53  9 39  50  8 75  24  1 13  69  6 94   4 14  5 105  0 73  32 12 38  61 11 28  66  7 77   2  2 40  74  3 45  32  5 89   5  4 89  27
14  5 117 11 35  73 10 87  21 13 48  28 12 25  86  6  4 103  4 76  21  0 22  80  7 92  10  5 77  21  2 86  28  1 35  77  3 43  64  8 75  22  9 61  20
 7 49  64  2 41  31  8 80   2 10 26  83  1 18  79 14 30  66  5 43  44  4 50  68  0 26  74 12 23  80  3 22  43  9 70  23  6 44  63 13 53  42 11 41  59
12 41  38  5  3  95  4  5  96  7 30  62  3 93  19  1 76  43 11 86  25  8 20  96 14 72  48  6 66  37  9 81   3  2 37  60 10 37  57  0 48  46 13 14  72
 9 27  87 11  8  91  8 68  35  5  1  77  4 76  30  6 11 115  2 45  67 12 80  43 14 24 113  1 87  26 10 48  50  7 45  41  0 84   4  3 34  73 13  7 116
 3 80  28  9  4  84  7 84   8  5  5 101  4 52  23 10 75  37  2  4  98  8 93  20 14 33  70 11 34  63 12 77  21  6 55  63 13 47  51  0 83  35  1 61  44
 8 63  63  4 67  28 12 28  64  3 94  23  2 58  39  9 55  31 10 24  92  6 98   7  0 91  26 13 91  20 14 17  83  1 37  87  5 40  40  7 11  83 11 18  75
14 43  67  3  7  90  8  3  88 11 67  29  5 35  70  7 39  35 12 81  43 10 99  10  2 70  44  0 28  61 13 78   6  6 88  33  1 80  42  9 41  53  4 68  55
 1 47  42  4 17  89 14 90  48  3 47  43 10  6 119  6 86  24  5 24  75  2 57  59 11 18  94  0 74  18  8 64  66  7  6  99  9  5  86 13 96  15 12 52  40
 4 54  36  8 49  62 11 67  35  2 51  36 13 19 102  0 66  21  7 51  64 12 53  56  6  4  99  3 95  13  9 28  73  1 45  53  5 27  51 10  2  90 14 68  24
10 46  35 12 50  47  1 74  18  4 65  51  8 64  50  7 15  66 14 74  15  9 90   0  2 17  76  0 98   2 13 28  69  6 18  70 11 56  39  5 80   2  3 52  28
13 51  71 11 36  64  9 98   3 12  8 119  0 80  17  1 77  13 10 61  32  4 95   7  6 69  30 14 13 100  7 34  63  8 44  72  3 17  77  2  1  98  5 37  66
10 75  39  2  6  84 14 16  82  1 61  47  7 45  54 13 57  53  4 25  93  9 14  71  5 31  89  3 12  92  8  2  80  0 44  82 11 98  16  6 47  42 12  7  86
 0 49  26 11 71   6  2 34  50 10  5 101  6 90   8  3 51  47  4 18 106  5 66  35 12 56  46  8 49  35  7 38  51 14 44  56  9 21  54  1 74  34 13 47  48
 1 81   4  4  4  78  8 29  81  2 96   4  3 78  46  7 80   9 12 65  43 13 61  49  9 84  26 14 26  85  0 36  50  5 67  28 11 60  34  6 16  85 10 67  10
 7 33  79 12 53  68  9 51  32  5  6  98  1 95   8  2 91  12 14 11  88 10 21  66  6 76  35  4 32  64  8 56  38  3 77  52  0 41  72 13 82  22 11 18 102
 2 47  33  0 18  83 10 80  27  7 82  25  3 21 103 14 24  68 11 67  25  1 68  43  5 81  29 12 49  45  8 39  62  6 29  60  4 20  85  9 79  11 13 38  71
 9 82  12  4 70  28 14 56  53  1 66  13  3 16  90  2 62  57  8 27  41  0  6 102  6  1  99 10 88  12  7 45  53  5 27  54 11  8  96 12 87  18 13 41  52
 0 78  13  8 21  69  2 87   3 10 88  16 13 33  57  3 15  73 12 68  32  1 37  63  7 33  73  4 30  59  9 48  48  5 29  85  6 16  83 14 41  57 11 30  69
13 73  30 14 86  22  7 19  86  6 99  32 11 78  26 12 76  39  0  8  96  1 45  52 10 96  14  8 43  43  4 47  71  3  8 104  9 25  57  5 57  24  2 91  10
 7  6  98 11 89  11  0 51  70  6 53  53  2 86  25  8 64  29 14 56  43  5 81   7  4  6 100 12 53  64 13 62  21  1 52  39  9 51  51  3 66  26 10 22  73
 9 87  32  7 96   5  6 25  69  5 66  33 10 92   6  1 44  37 14 68  36 11 50  44 12 23  92  0 45  62  4 72  33  3 93  18  8  9 101  2 13  83 13 87  15
 2 95  22  3 16 100  8 64  43  1 72  20 12 32  43 13  4  86  7 51  52 11 52  33  5 35  70  0 77  28  9 39  58 10 72  29  4 65  23 14 46  55  6 67  38
 8 62  45  4 30  65 12 99   2 11 67  58  3 77  22  7  9 118  0 56  44 10 74  31  6 86  25  1 63  20 14 81  42  2 82  15  5 71  44  9 62  19 13 56  69
 8  6  95  1 98  18  4 48  71  6  3  96  7 45  48 14 85  11  3 31  64 10 43  46  5 14  89 12 70  23  0 16  49 13 87  12 11 25  77  9 62  23  2 86  10
 7 92  14 13 98   0  0 91  11  8 30  74  9 35  88  1 29  82 10 80   8 12 99   4  5 25  57  3 53  62  4 49  78 11 97  14  2 34  50  6 98   9 14 13  77
10 34  52  8 66  49 14 83  35  2 78  16 12 10  94  0 95   5  3 64  27  5 43  61  1 65  21  9 37  67 11 73  19  7 33  89 13 45  71  4  5  74  6 18  80
 1 11  81  2 21  74  5 42  42  9 70  16  7 43  79  4 48  39  0 58  28  3 54  59 14  9 103 12 17  83 13 73  17 10 42  81  6 18  92 11 76   2  8 29  70
11 92  31  2 89   7  4 28  54 14  8  91  6 13  88  5 92   7  7 13  67 12 45  76  9 47  67  3 36  69  8 44  41  0 67  32 10 25  92 13 77  41  1 43  68
14 88   3  8 36  63  5 13  91  7 65  55 10  9  67 13 45  47  1 89  17  0 79  26  9 99   5  4 94   9  3 37  86  2 76  27  6 99   7 12 38  41 11 79  38
13 32  73  7 65  40 12 86  18 11 44  44  8  2  90  3 55  17  9 66  34  2 50  34  1 31  40  5 66  61 14 88  36  6 10  93  0 46  75 10 56  20  4 36  66
 0 55  69 14 78   8  5 55  40  2 62   5  4 65  36 10 97   9  9  9  85  6 47  68  3 56  49 11 92  16 12 21  72  8 66  26 13 40  58  7 20  66  1 97  24
 9 81  12  7 43  59  0 72  33  6 71  23  4  5 101  8 56  43  1 84  17  3 53  42 12 98   4 10 76   6  5 15  87 13 84  14 11 48  69 14 65  37  2 19  71
14 99  17 10 23  72  6 14  99  5  3 121  0 25  78  4 95   1  8 53  34 12 22  81  9 31  77  2  3  90  7 86  11  1 40  55 11 66  36  3 80   6 13 19  97
 3  8  85 11 37  81  4 90  11 14 98  20  5 17  91  8 88  22  6 35  73  2 52  62  9  1 103 10 99  32  7 36  61 13 29  62  1 77  20  0 18  75 12 55  23
 3 76  25  0 33  79 10 37  73  2 81   4 12 71  32  7 57  54  4 88  12  8 29  75  6 41  59 14  7  95 11 43  55  9  7 108  1 32  72 13 15 107  5 16  72
14 22 102  2 38  66  6 21  61  5 25  51  1  9  77  3 50  40 11 51  44 13 83  39  8 73  15 12 85  20  9 53  46  4 21  75 10 12  76  0 10 110  7 34  74
10 89   2  6 84  20 14 94  10 11 82  38  7 42  65 13 26  41  1 16  95  9 40  58  8 55  53  0 15  75  4 31  72 12 73  19  2 95  14  3 39  85  5 11 110
 5 52  68  2 71  22 12 75  17  7 11  75  9 77   5 11 75  17  0 68  35  1 55  53  3 90   2 10 21  59  6 62  62  8 23  75  4 95  25 14  8 107 13 66  43
 9 91   0 11 45  47  1 44  55  7 23  67  0 47  52 14 60  60  8 36  74  5 81   2 10 24  76  6 60  57  2 62  56 13 13  78  3 88  36  4 38  51 12 46  57
 7 90  15 10 87  24  9 49  60  3 77   4 13 32  78  4 28  71 12 80  17  5 61  49  8 75  26 14 23  70  1  5 103  6 43  78  2 31  61  0 80   4 11 68  42
 4 92   1 11 67  39 13 78  12 14 39  86  5 74  26  7 47  49  2 56  43  9 81  41 12 51  39  1 85   4  0 12  87 10 25  60  3 64  40  8 70  31  6 49  56
11 73  27 10 73  37  8 59  30  3 47  70  6 36  64  9 81  36 12 58  23  7 38  71  4 33  93  1 19  74  0 15  62  2 97  26  5 25  66 13 67  24 14 89  17
 9  9  83  6 58  50  4 64   2  2 46  53 14  2 102  3 24  86  8 68  36 11  4  87 10 55  41 13 95  17  5 98   9  7 57  41  1 63  42  0 31  74 12 31  71