50 15
 1 17 100 12 55  67  2 62  26  6 74  71 10 38  65  0 44  52 11 29  66  9 47 58  4 94   7  7 38  83  5 64  40 13 75   0 14 60  55  3 78  39  8 10  81
 7 18  78  1 59  15  0 87   5 11 40  57  4 53  61  9 38  64 10 44  46  2 38 57  5  7 103  6  9  81 13 96  33 12 67  15  8 58  47  3 28  67 14 64  34
 9 42  51  3 11 108  5 93   8 10 72  47  8 58  25  6 49  40 12 46  65  4 21 79  7 93   4  0 51  88 13 13  98 14 72  24 11 78  23  2 43  67  1 55  52
10 93   5  7 47  47  3 82  32 12 64  20  8 38  37  0 24  71  5 17  66  6  7 72 11 49  63  1  4  97 14 69  37  9 39  52  2 25  61  4 85   3 13 52  64
11 48  61  0 80   7  9 48  56  3  3 125  7  7  82 13 69  31  8 53  29  6 46 36  5  1 111  1 52  54  2 37  64 12 25  89 14 84  15 10 85   3  4 14  92
 2 49  82  4 42  54 14 62  62  7 86  13  1 14  62  8 25  54  0 62  44  6 63 26  5 86   7 10  7  96 13 83  32  3 84  45  9 54  40 12 23  78 11 16  92
 4 56  56  3 79  47  7 97  11 10 34  68  9  3 112  8 83   1  2 39  35 13 44 79 14 43  59 11 98   8  1 99   1  6  2  93  5 47  39  0 97  18 12  8  90
13 61  47 14 84  23  2 96  12 12 64  51  5 58  51  8 64  15 10 14  99  4 40 54  0 94   8  3 13  83  7 24  93 11 64  25  1 63  64  9 58  22  6 74  37
14 93   8  6  4  89  1 28 100  3 43  40  0 92  20  7 55  68  4 87  10  9 19 85 10 23  64  8 23  80 12 99  10  2 89  17 11 42  63 13 71  14  5 96   3
 4 56  54  3 31  88  7 72  30  6 88  27  0  6  90  8 50  18 10 66  45  1 93 15 11 26  73 12 17  78 13 62  49  9  4 118  5 13  99 14 46  58  2 35  64
 1  7 102  3 81   0 14 97   0  8 52  30  2 93   6  5 28  79  9 74  14  6 17 90 12 48  62  0 45  48  7 51  56 10 65  25 11 74   4  4  2  99 13 10  66
12 85  16  2 85  17  4 93   3  6 35  69 11 51  21  9  6  88  3 91  33  7 99  5  8  9 105  5 38  55 10  3  98 14 15 107  1 39  82 13 55  51  0 35  89
 6 14  74 14 28  89  2 49  47 11 53  42  0 94  19  3  7 102 12 14 121  5 29 86  1 30  68  8 47  37 13 50  48  9 54  47  7 25  76 10 90   3  4 84   6
 5 16  61 11 43  35  4 82   8  0  2  88  9 86  24 10 70  49 14 49  69 12 26 79  3 63  41  7 34  66  1 86  25  8  1 102  2 26  87 13  8  94  6 11  69
 8 90   8  3 19  82 14 54  49 12 27  88  9 38  60 10 57  52  4 68   8  5 70 65 13 76  18  7 30  48  2 55  38 11 98  16  1  9  64  6 57  40  0 81  41
11 24  58  4 95  19 13 91   9  0 57  27 14 71  51  5 71  49  9 84  21 10 49 41 12 94  14  6 74  14  3 18  91  2 22  89  8 33  80  1 73   6  7 81  27
14 86   2  0  5  94  5 94   5  4  1 115 10 68  24  1 50  39  8 53  45  9 14 70 12 82   5 11 80  25  3 42  67 13  1  99  7 72  27  6 48  67  2 64  47
14 19  91 13 45  72  1 50  66  9 14  87  8  3  85 12 82   9  6  4 114 10 55 22  0 94  18 11 76  17  7 64  32  4 69  45  3 32  56  2 20  81  5 48  56
10 53  66  0 33  79 12 90   2  4 13  94  7 73  20  1 48  52  6 52  43  5 57 26  3 71  31  2 13  74  9 55  48  8 95  16 11 49  68 13 32  62 14  8  79
 2 72   0  8  1  86 10  8  93  0 63  62 11  7  86 14  5  94  6 30  73  1 71 47  4 74   1  7 79  42 13 36  77 12 71  35  5 31  61  3 79  25  9 43  39
 3 93   7 14 96   8 11 93  10  7 88   8  0  4 122  9 12  95 12 34  39 13 11 91  4 17  61  8 20 101  1 74  24 10 70  24  5 13  62  6 52  48  2 83  17
 9 87   9  8 39  61  7 84   9  1 69  33  0 65  62  3 19  89  6 82  14 14 48 67  2 87  32  4 87   3  5  1  68 10 58  78 13 90  21 11 22  79 12 81   7
10 57  23 14 17  71  6 58  54  9 27  62 13 48  54  5 38  78  7 77   0  0 92 30 12 11  84 11 21  64  8 70  46  2 69  30  3 47  36  1 91   5  4 70  26
12 92   4  2 17  97  0  6  64  5 58  32 13 47  80  9 90   7  6 33  80 14 25 66  1 22  52  8 97  13  3 40  59  7 63  58  4 95  12 10 17  44 11 20  89
 4 87   2  1 80   1 14  3 104  7 97   2  6 53  46  2 38  58 10 28  77  0 31 65 11 47  42  5  4 101 13 46  54  3 11  76  8 70  20 12 54  69  9 44  58
 0 82  27 14 50  36 11 60  46  4 15  67  6 66  16  1 55  28 10 25 107  8 44 46  3 94   2 13 73  20  9 78  11 12 96   3  7 22  87  2 18  93  5  4  75
 4 91  12  3 10  94  0 87  12 10 65  35  6 12  94  9 73   5  5 17 106 14  6 93  7 85   8  1 29  75 12 54  49  2 72   6 11 43  42 13 48  58  8 29  36
 7 48  79  9 41  46  2 44  52  4 99  13 14 14  69 10  9  76  8 21  60  1 70 39  3 87   0 13 66  53 11 37  46  0 82  11  5 29  61 12 56  64  6 10  93
 6 28  81 10 64  13 11 87  23 14 51  62  9 52  35  0 85  23  1 85  21  2 59 33  7 44  61  8 80  32  5 51  68  3 11  99 12 63  45  4 68  43 13 85   9
 8 32  70 12 38  44 14 90   0  7 18  78 11  9  72  0 33  65 10 43  69 13 59 42  2 52  60  6 91  22  3 57  63  9 38  63  5 15  84  4 18  53  1 79  13
 9 14  59  5 31  74 12 96  19  7 95   7 14 83  14  1 68  22  0  7  71  6 91 26  3 49  53  4 32  68  2 93  19  8 88  12 13 11 100 10  2  92 11  2 110
 4 22  72  5 39  81 10 25  81  1 25  85  0 84   8  2 49  50  8 68  47  9 18 65 14 20  66 12  7  61  6 93  25 13 93   1 11 64  17  3 56  24  7 61  38
 9 96   7  7 13  98  0 58  44 10 20  70 13  5  94 14 26  79  8 26  67 12  6 93  1 20  72  2  4  78  4 60  17  6 37  39 11  2 109  3 45  48  5 52  37
 1 49  17  8 36  67  0 25  54 12 28  84  5 46  67 11 23  80  2 35  42  4  8 73  7 67  20 14 45  61  9 46  68  6 13  81 10  4  79  3 16  74 13  6  87
14 12  74  8 84  26  5 62  56  9 79  26  6 98   4  0 44  42 13 25  67  3 25 84  2 29  74 12 17 101  7 12 107  4 39  69  1 58  79 11 25  67 10 57  18
 5  3 105 12 43  56  8  4  98 14 87  14  0 64  32  1 36  48 10 80   5  3 22 80  9 20  34  4 59  53  7 26  68  2 45  39 13 39  57  6 99   9 11 72  42
 4 39  55  0 48  50 11 55  40 14 75  34  5 64  39  1 22  80  6 43  42  7 91 16  9  7 110 12 66  29  8 22  57  3 43  58 10 59  39  2 38  47 13 80  28
 7 50  56  2 75  34 10 50  61 14 68  35  6 33  61  3 99  15  8 32  65  0 46 71  1 10  96 13 81  18  4 93   5 12 29  60  5 13  86 11 98  15  9 13 110
 8 60  47  6 14 112  5 54  33  2 11  76  7 98   4  3  4 115  0 56  64 13 17 93 14 18  76  9 28  69  1 85   9 10 57  22 12 82   5 11 99   2  4  4  90
 2 79  26 11 91  29 14 23  93  0 21  59  6 91  29  7 52  32 13 48  70  5  1 95 12 23  76  8 88   2 10  6  83  1 73  36  4 12  89  9  1 113  3  3 112
 9 36  76 12 40  91  7 39  77  8 14  49 11 80   5 14 24 108  5 49  50 10 27 80 13 89  22  1  4  89  2 68   1  0 77  22  4 98  17  6 14  67  3 74  32
12 61  80 10 48  29  0 56  65 13  8  85  4 76  30  8 25  93  3 43  51  1 67 16  7 10  93  9 92   6  6 67  42 14 33  69 11 51  46  2 45  57  5 98  26
14 45  36  7 38  49  8 79  25  4 35  48  6 24  98 13  1 113  5 51  48  9 88 13  3 94   3  0 91  17  1 48  61  2  2  88 12 49  28 10  8 107 11 86   4
14 44  40  6  6 101  3 31  86 11 49  36  1 11 102  2 44  42 10 98   3  5 81 33  8 42  69  9 98   6 12 77  40  7  9  83  4 55  50 13 29  86  0  9  74
12 47  81  3 87   4  0 50  72 11 40  67  4 85  24  2 86  19  7 18  87  1 48 38  6 91  19 10 94  17  8 98   6  5 86   2 13 56  42 14 75  21  9 46  38
 2 44  69  7 53  51  0 99  19  4 95  38  5 32  73 10 33  65 13 68  44  1 22 86 11 49  40  3 96  20  9  8  98 12 87  22  8 78   8 14  6 109  6 62  36
 6 86   3  3 97  40  0 16  67  8 33  62 10 47  75  9 93  23  4 11  73  7 82  8  2  7 129 13 18  81 14 29  61 11 17  80  1 56  53 12 80   4  5 82  10
 8 17  80  2  9 108  5 17 107 10 65  24  6 88  18  7 37  49  0 53  55 11 40 59  1 35  45  9 24  71  4 71  27 14 52  60  3 30  83 13 81   2 12  2  79
 5 65  52 11 90   8  3 38  55 12 97   1  7 96   5  6 14  63  2 85   7  0 73 67 13 95  23  9 87  13 14 10  96  1 18  98  4 17  78 10  4 100  8 58  40
 3 69  67 11 64  29  5 77  36  6  3 115  1 75  25  2 99  23 10 74  10  8 56 38 13 29  75 14 96  38 12 83   8  9 64  13  4 19 118  0 18  76  7 38  50