50 15
14 68  18  2 21  65  5  7  84  1 19  67  3 83   2  7 74  42 10 12  93  4 69 39 11 39  65  8  9  94  0 63  23  9 67  48  6 58  33 13 37 51 12 15  75
 1 62  30  0 83  11  5 32  72  2 56  34  4 61  27  7 67  44  3  9  86 10 50 53 13 88  10 14 99  18 12 50  50 11 86  22  6 42  60  8 70 50  9 30  40
13 20  84 14 40  56  1 28  41  4 51  68  8 23  78  7 34  75  0 10  90  6 71 26  9 41  72  2 14  78 10 62  30 12 41  49  5 14  85  3 72 30 11 48  42
 9 47  60 10 32  62  3 99   0  4 51  55 12 85   5  6 49  80  1 32  75 14 89  1  0 75  17  7 24  62 13  8  88 11 49  25  5 86  26  2 97  5  8 86   7
 1 12  85  2 65  17  0  3 121  3 89   7  8 26  81 13 67  49  4 24  71  7 24 77 14  4 100 12 43  53 11 33  16 10 52  39  9 40  50  5 84 24  6 99   9
 8 77  25  9  1  86  2 81  15  1 61  58  7 51  47  3 14  87 14 78  27 10 69 22 11 95  30  5 18  99 12 15  97  0 66  51  4 74  15 13 84  5  6  1  88
10 23  91 14 58  45  7 33  74 11 52  61  4 26  87  3 12  88  2 97   4 13 78 12  5 51  68  8 82  16  9  5 130  0 74  41  1 12  93  6 25 73 12 40  61
12 68  25 14 66  23 10 14  97  2 95  26  1 19  70  9 97  11  6 58  25 11 54 50 13 74  14  0  5  61  5 83   2  7 92   8  3  8  91  4 96  1  8 80  21
 3 89   3 12 76   3 11 74  16  8 77  40  7 59  45  0 39  82 13 36  77  2 39 69  4 45  63  9 34  40  1 48  81 10 72  11  6 70  42 14 75 26  5 42  54
10 38  63  4 43  59  6  9  82 13 29  79  8 82  20  0  4  83 14 42  54  2 71 29  9 92  23  3 27  56  1 44  65 12 77  12  7 55  47 11 92 12  5 90   0
13  7  94  4 57  44  7 20  58  5 39  63  8 61  35  3 10  84  6 93  20  2 34 72  9 85  19 11 62  61  0 29  73 12  4  86  1 51  28 10 62 36 14 47  47
 4 65  28  2 57  59  6 76  36  5 89   6  1  9  86 13 61  43  3 64  36  0  2 98 14 85  16  8 84  12 10 27  87  9 70  36 12  5 113  7 59 36 11 69  33
 0 36  87 13 33  86  4 79   2 11  8  99  5 85   7 12 76  25 10 92  30  3  5 95  9 23  73  6 70  43  2 24  80 14  1  74  7 39  35  8  1 81  1 71  28
 0 44  55 13 48  46  3 59  42  1 56  38  8 77  23  6 12 100 12 87   6  2 41 61 14 89  13  5 24  89 11 24  64  4 58  36  9 56  52 10 17 69  7 33  49
11 52  52  0 20  63  3 57  48  8 96  15  9 12  54  5 40  66  1 60  51  4  7 94  7 34  81 13 91   3  6 21  92  2 44  56 14 79   2 12 54 27 10 35  58
11 12 115  9 24  73  3 15 116 10 66  53  5 62  14  7  4 125  2 37  60 12 33 38  0 77  21  8 67  25 13 76   5  4 41  74  6 77  21  1 51 58 14 81  10
 5 63  49  0 60  59  7 49  45  6 76  13  2 75  31 12 65  41 13 26  73 11 74 19  9 11 115  3 44  68  1 67  18  8 94  27 10 90  13  4 62 45 14 86  28
 5 31  64  7  6 116 12 62  35  6 81  26  8 72  18  0 20  73  1 18  81 14 78 52  2  3 132  4 98  18 13 94  14  9 22  49 10  4 108 11 65 31  3 72  30
 4 21  60  8 44  42  2 87   1 11 31  68  9 91  30  3 31  77  5 81  19  7 10 94 13 31  62 10 24  84 12 38  65  1 90  20  6 18 102 14  2 70  0  1  95
10 31  71 12 76  22  3 62  45  5  1 127  1 66  26 11 36  42  6 36  63  8 55 41 14 22  94  4 86   9  7 74  39  2  8  82  9 59  35  0 37 46 13 37  46
11  4 107 13 71  26  1 39  90  6 16  89  4 33  45 10 26  80  9 45  58  7 87 14  5 42  71 12 11  81  3 18  48  2 11 132  0 17  74  8 76 39 14 51  58
 7 34  38  9 38  68 14 74  14  0 54  52  5 60  36  3 91  11 13 81   1 12 92  6  1 45  58  6 51  57  2 20  64  4 71  30  8 14  95 10 13 89 11 58  62
12 66  17  0 13  86 14 21  83  1 92   8  7  3 114  9  3  91  8 78  27  2 47 46  4 46  60  5 52  49  6 87  24 10 87  16 13 62  61  3 70 24 11 90  29
 8 85  25  9 17  43 11 86  20  5 96  29 10 55  43 12 74  44 13 18  87  7 81 16  1 56  43  0  3 104  2 31  50  4 15  77  3 92  12  6 47 57 14  3  87
 6 93  13 14 33  50 12 74  24  1 90   2  0 52  33  7 37  70 11 42  51 10 28 72  8 83  18 13 82  21  2 72  40  5 13  64  3  9  81  9 52 52  4 21  74
 9 11  92  5 61  26 13 47  62 12 11 111  8 41  54  1  7  78  3 31  88  2 51 51 14  2  87  0 81   8 11 45  59 10 27  64  6 52  37  7 88 24  4 61   5
 0 98  14  6 52  46  3 41  54 10  5  84  5 20  80  4 97   8  9 48  42 12 23 72  1 34  83 14 28  79  7 75   6  2 21  88 11 60  45 13 86 10  8 34  49
 5 55  36  9 99   1 12 49  54 14 44  64 10 28  85  2 37  68  7 12  91  0 69 65  6 86  10  4 74  43  1 45  54 13 95  21 11 97  16  3 78  1  8  1  90
 4 93   4  0 42  47  5 25  49 11 34  77 10 59  32 12 10  85  9 44  44  7 38 59 13 80   5  3 29  57  8 68  42  2 71  39 14 27  33  1 24 69  6 46  24
13 29  44 12 16  82  3 78  37 10 32  59  2 30  48  4 72  47  7 91  15  5 77 23 14  5  86  0 90  17  8 24  86 11  6  99  1 70  23  6 54 50  9 52  47
11 38  70 14 68  27  5 52  50  7 79  16 12  5  94  6 47  40 10 42  62 13  4 91  9 66  15  2 47  60  8 71   5  1 79  16  3 17  77  0 64 27  4 53  56
 1 51  54  6 90  17  5 62  44  0 97   4 11 77  29 12 30  42  2 17  74  9 13 83  4 65  23 10 60  23  7 90  19 14 13  65 13 78  35  8 82 44  3 77  15
 5 22  59  9 38  78  6 94   4 14 10  95  4 64  44  0 22 103  3 91  13 11 70 39  1 22  84 13 54  45  2 82  29  7 49  50  8 30  62 12 62 25 10 66  17
 6 88  11  3 79  18 13  9  90  2 18  61  4 54  61 14 20  90  0 59  29 12 24 75 10 52  40  5 70  59  1 16  91  9 32  73 11 60  22  7 79 32  8 92   7
13 44  40  9  7  84 11 78  26  4 85   5  3 13  55  0  3  74  7 58  28  1 62 15  2 59  30 14 79  25  5 31  75  8 44  59  6 12  81 10 79 29 12  6  77
 8 72  27  3 70  36  5 97   7  6 25  72  2  8  83 12 99   8  4 65  38 10  2 82  7 92   0  1  3  90 13 61  36 14 95  25  0 42  51 11 82 27  9 60  36
 2 15  80  8 85   8  7  2  86  4  4 116  3 69  57  6 42  42 12 73  27  5 73 22 13 28  69 10 16 126 14 37  70  9 59  34  1 46  54  0 64 28 11 41  40
10 55  35 14 88   3 13 69   6  6 56  66 11 48  58  0 17  80  1  2 126  3 66 29 12 70  41  8 57  38  7 67  42  2 38  43  4 45  66  9 14 95  5 94  17
 1 59  25  8 99   9 13 97   6 12 14  90 11  3 108  7 26  38  0  6  83  2 47 43  6 35  84  3 71   6  4 49  52  9 91   7  5 38  57 10 74 30 14 42  65
 7 41  56  2 40  56  0 98  12  8 50  46  5 54  56 11 14  83  6 64  48  9 54 48 12 84  25 10 26  83  1 56  41 13 69  23 14 96  30  4  6 85  3 42  43
 4 88   4  1 43  49 14 40  30  6 48  38 13 46  26  9 70  43  8  8 101 12 36 71  3 16  96  5 85  24  0 82  34 10 50  71 11 74  24  2 28 70  7 87  35
13  6 101  5 48  49  6 70  37  9 98  12  0 19  92 10 24  93  4 37  39  8 38 69 12 85  14 11 99   5  1 20  89 14 76  13  7 94   3  3 90  3  2 14  85
 4 56  46  7 14  80  3 61  40  5 34  54  1 25  43 10 70  32  2 50  52  9 15 90  8  6  96 13 77  45  6 37  36 12  8  95 11 63  60 14 37 71  0 25 107
 9 95  19  1 34  68 10 65  48 12 88   1  8 43  71 13 42  61  0 30  82  3 62 57  2 86   7 11 52  63 14 61  28  4 16  73  5 48  41  6 62 44  7 53  51
 0 44  37  2 92   6 12  4 108 10 59  54 14  3 106  3 34  63  8  8 101  9 78 25  1 22  48  4 98   1  7  9  95  5 63  47 13 84   6  6 54 58 11 53  53
10 91  19  7 14  92 14 88  19 13 54  30  4 29  73  1 66  54 12 48  47  0 58 42 11 42  56  6 26  67  2  8  90  5  7 126  3 99   8  8 23 61  9 74  44
14 67  27  7 77   6  0 32  44 13 97  17 10 71  36 11 47  61  5 67  54  1 98 26  8 43  59  3 62  55  2 84  12  6 44  56  4  2 102 12 60 28  9 46  46
 9 27  96  7 72  18  8 62  49 13  7 114 10 76  36  2  3 109  3 30  75  6 37 60  4  9  81 12 13  88  0 72  19  5 99   6  1 16  85 11 17 77 14 40  47
12 52  50  7 97   5  8 25  67 14 92  22 10 54  24  0 55  55 13 51  31  4 92 15  6 40  50  9 52  80 11 62  41  5 42  57  1  1  62  2 56 31  3  9  99
13 64  42 14 83  39  6 31 103  9 47  45  0 19  92  3 62  54  8 11  80  5 44 55 11 55  29 12 60  10 10 84  19  2 64  43  7 83  24  1  7 86  4 10  93