50 15
11 23  67 14 58  41  9 60 46  1 43 34  5 17  78 13 68  45  6 42  63  8 53  60 10 18  79  7 42  48  4 96   0 12 19  66  0 50  51  2 62  30  3 97  11
12 29  71 11 62  22 10 56 32  4 33 47  6 72  36 14 80  32  2 64  30  0 80  15  5  4  98  3 40  57  1 88  23 13 78  10  9 95   4  8 30  77  7 21  81
 4 34  45  0 60  25 13 78 25 14 55 37  7 41  64  9  3 112 12 99  21 11 32  59 10 86   1  2 26  83  6 89  12  1  4  95  5 49  23  3 42  62  8 78  19
 4 87  14 12  3 105 14 27 78  3 69 53  8  8  65  9 28  80  0 40  39  6 73   6  1  2 103  7 71  26 11 50  36 13 95  11  2 14  82 10 65  21  5 63  65
10 46  71  4 40  80  5 43 35 14 48 38  9 28  81 12 15  79  6 59  41 13 58  45  0 34  58  3 57  29  8 29  79  2 45  82 11 44  37  1 27  56  7 60  35
 8 67  24  0 31  43 12  8 73  1 21 80  7 18  91  4 46  54  5 64  17  3 27  52  2 37  76 14 95  17 10 75  25  9 19  68 13 38  47  6 91   1 11 24  89
 9 33  94  4 46  76 13 59 73  2 71 29 14 19  72 10 76  13 12 61  64  6 32  59  1 29  90 11 26  92  5 31  73  8 27  63  7 71  36  0 45  36  3 42  70
 9 65  35  4 27  73 12 62 27 11 74  4  6  2 110  7 73  27  0 40  68  2 36  47 10 98   3  3  6  81 14 49  82 13 69  43  1 50  37  8 58  75  5 52  27
 8 94  12 12 72  10  3 48 49  5 23 77  7 97   2 14 87  19  1 73  34 11 25 117 10  4  88  4 40  64  0 60  28  9 11  85  6 13  90 13 66  42  2 30  46
 8 69  54 11 54  58  9 14 73 13 61 22  3 12  57 12 75  29  5 25 102  7 41  74 10 96   1  2 23  84  1 26  85 14 68  19  6 92   2  4 75  30  0 13 101
 4 56  30  9 43  52  2 10 85 10 67 62 12 99  15  6 50  37  8 87   9  0  4 105 13 28  48  5 28  81 11  4  99 14 56  42  7 55  56  1 83  19  3 59  50
10 46  77  6 74  18  5 12 98  4 96 17 12 75  18  3 16 106  9 90  16 13 88   8 14 12  94  8 81   9  2  8 116  7 28  84 11 90  27  1 20  70  0 40  63
 5 36  63  9 87  10  0 96  3 12 22 99  8 91  19 10 38  61 13 92   1 11 16  88  3 28  83  7 46  64 14 74  23  6 35  35  1 15  73  4 61  29  2 50  29
 4 70  33  5 52  56 12  5 75  2 48 71  6 58  29 14 51  60  0 32  99  7 59  50  1 89  23 11 71  10 13 59  25 10 11  71  8 79  19  9 31  57  3  6  80
14 94  12 10 37  56  8 50 41  5 88  6  4 87  11  9 64  22  7  8 110 13 17  45  3 90   2  1 14  55  2 56  18  6 25  93 11 42  76 12 18 102  0  5 121
 8 66  13 12 61  24 11 72 20  7 25 64 10 32  67  2 46  48  3 39  81  6 92  15  4 33  80  1 54  38  9 58  33  5 28  59 13 78   4 14 61  47  0 79  33
 1 97   1  4 34  65  5 47 49  6 71 44  9 84   0 13 78  10  3 62  65  7 98  11  2 64  37 14 89   2 11 55  30  0 93  11 10 86  26 12 92   0  8 94   7
12 72  26  8 40  63  3 56 22 10 31 67  9  9  99  1 13  92  7 62  40  6 62  50  2 55  37  4  2  75  0 29  54 13 67   8  5 92  18 14 31  56 11 51  41
 5 35  56 12 40  66  1 32 66  2 41 60  3 64  40  0 91  11  7  2  99 13  9  78  6 48  39 11 76   9  4 45  78  8 12  88 10 78   5  9  8  88 14 89   2
12 53  28  1 93  10  8 79  1 11 95 15  2 19 105  7 29  80  6 86  17 10 64  41  4  4  87 13 65  12 14 80  30  9 41  52  5 91   6  3 38  56  0 54  50
 3 75  16  9 74  39  8 38 58  0 99  0 11 44  60  1 58  47 14 88  15 10 33  59  4  7  65 13 43  59  5 57  38  2 43  68 12  6  77  7 15  87  6 22  70
11 85  28  1 45  61  9  3 99  4 15 67  3 50  26  8 26  91 12 92   2  0 62  42  6  5 102  7 77  32 14 96   0 10 59  23 13 48  48  2 12  90  5 43  50
 1 25  59  7 14  86  6 34 68  5 33 79  9 18  82 14 89  13  2 49  63  4 73  16  3 89  34  0 68  21 13 72  49 12 99   3 11 49  49  8 73  30 10 62  32
 2  9  96 14 39  70  9 62 33 13 78  6  7 10 106  8 99   5  6 54  55  5 54  34  4 28  76  0 22  67 12 90  10 11  8  78  3 52  68  1 50  52 10 10 116
 9 88  29  4 90   2 12 66 24  1 10 96  6 76  48 10 69   2  8 94   0  7 57  31  2 31  73 11  2 113 13 59  43 14 18  91  3  1 104  0 69  30  5 98   2
 4 83  44  1 25  66  9 37 58  0 24 86  8 48  49  2 55  33 14 66  27  3 34  58  5 37  47  6 80  29  7 20  89 13 77  39 11 26  64 12 72  27 10 31  82
 7 22  78  8 31  95  6 45 93  4 12 95 13 87  12  1 17  73  5 62  32 14 14  99  2 91   2 10  7  79 12 83   4  0 58  29  3 87  17  9 30  55 11 97  17
 5 36  35 12 68  48 10 10 88  9 16 70  1 69  34  4 78  14 13 46  62 11 31  64 14 70  40  2 93   9  7 96  29  0 33  41  3 45  64  8 81  15  6 78   1
 1 13  72 13 21  98  0 14 74  5 75 13  4 88  27  6 14 110  8 28  56 11 81  14 14 16  72 12 82   7  9 94   5 10 55  59  7 64  40  3 78  33  2 23  54
 3 92   7  6 12  84 10 46 24  5  2 77  7  5  95  8 55  58  9 76  14  0  4  97 14  5  89  1 44  62 12 40  26  2 96   6 11 62  14 13 36  88  4 25  79
 4 17  70  8 86   7  6 36 53  9 10 63  3 94  34  2 65  23  0  4  88  5 40  71 13  3  55  7 12 107  1 74  32 12 99  39 10  5  89 14 68   3 11 38  77
 4 52  43  0 44  70 12 72 33  6 24 83  1 92  17  3 88  22 14  7  76 11 93   8  7 12  98  2 63  38  5 71  26  8 88  27 10 75  32 13 18  73  9 38  50
 7 37  67 10 64  34  1 75 55 14 40 68  6 14  82 11 50  65  8 20  71  4 23  68 12 32  74  5 18  85  0 29  81 13 63  51  2 91   8  9 64  49  3 30  67
12 69  22 13 15  74  1 39 71 10 23 53  7 51  31  2 64  45  9 54  36 14 29  31  4 91  27 11 16 109  5 95  16  3 15  73  6 20  97  0 24  46  8  6  86
 0 10 106  2 48  28 10 63 11  1 82 26 12 47  45  4 56  43  5  8  55 11 56  27  9 27  31  3 82  34  8 11  96  7 10  78  6 67  44 13 89   7 14 18  83
 0 49  47 10 11 101 13 50 56 12 25 94  6 35  66  1 76  36  8 76  10  2  1  76  3 35  52 14 69  38  9 19  94  4  4  75  7 26  79  5 47  47 11 11  89
12 10  91  2 15  77 10 82  5  4 50 44  9 49  50  6 56  62  0 62   3  1 57  29  7 85  34 13 26  91 11 17  81  8 36  61  3 84  39 14  8  90  5 68  36
 3 25  68  1 19  90 12 67 40  5 28 48  6 88   0  2 68   3  8 29  89 14 63  44  0  8 111 11  5  78  7  5  84 10 47  64 13  6 109  9  2  96  4 97   7
11 29  61  6 62  18 14 20 70  5 56 46  4 64  60  3 82  24  1 20  62  0 11  90  7 65  26 12 66  40  2 45  42 13 58  30  8 84  11 10 73  27  9 70  49
 3 52  72  2 66  22 10  9 83  9 83  7  1 22  65  5 77  26 13 60  21  8 28  47  7 31  56  4 12  74  6 87  35  0 85  42 11  8 100 12 88  11 14 74  30
 6 38  33  2 35  51  9 29 65  7 67 27 13 83  11  8 57  47  1 60  38 11  4  75 12 13  95  5 51  52 10 18 124  3 87  18 14 18  83  4 87   1  0 37  71
 2 60  18  4 21  72  7 98  7 14 77 32 11 66  19  8 81  27  9  8  89 13 54  34  0 62  42  1 41  59  5 36  67 12 73  22 10 50  81  3  1  86  6  3 108
10 17  82 12 23  89  7 44 67 11 62 17  0 43  39 14 50  38  2 52  55  1 18  98  4 27  65  6 16  41 13 93   7  5 97  15  8 46  61  3 80  17  9 90  11
 0 94   7  9 40  38 11 46 72  1 18 72 14 39  74  4 55  40  3 52  55  7 18 101  2 46  46  5  5 116 12 26  70 10 39  37  8 49  34 13 94  16  6 93   7
10 56  12  0 44  36 12 91 25  9 63 37  5 52  39  4 54  45  7 31  86  2 99   5  8 42  45 13  6  86  1  1  89  6 94   9 11 32  82 14 93   7  3 97  11
 2 35  84  8 27  69  6 54 29  5 67 20  7 72  43 11 97  11  3 79  20 14 13  88 10 17  67  1 56  34  0 63  19  4 98   9  9 15  79 13 18 119 12  3 102
 2 20  71  5 47  64  3 76  5 13 58 41  0 42  56 10 76  33 12 38  41 14  7  98  6  4 110  7 25  71  1 61  45  8  3 101  9 62  39  4  8  76 11 99   1
 2 71  31  5 94   8 14 24 90  1 74 30  7 77  16 13 90  16 12 69  18 10 46  52  3 63  56  6 81  11  9 33  64  8 70  28 11 40  70  4 91   1  0 22  62
12 25  93  1 60  46  8 40 57  3 82 13 10  1 119  4 89  33  5  1  84 11 13  85  6 62  46 14 96  30  7 10  85  9 83  13  2 32 101 13 55  29  0 87  27
 5 31  74  2 67  34 14 58 28 10 47 56 11 37  56  3 52  67  6 89  13  1 16  90  9 36  43  8 80  24 12 80   1  7 87   2  0 24  65 13 40  80  4 94  11