50 15
 5 25  79  0 10  90  2 40  85 14 50  47 12 45  59  4 91  31  7  6 102 13 40  62  1 19 100 10 88   4 11 87  14  6 67  15  9 34 72  3  1  96  8 26  62
 7 53  44  2 83   5  1 52  41  8 92   8 12 92  22  9  8 105  3 75   8 11 56  60 13 40  48 14  7  95  0 20  97  6 84  28  4 64 36 10  7 100  5 23  69
 4 99   9  6 51  31  5 86  29 13 53  26  0 86   3  7 30  57 14 87  18 11  8  86  9 53  89 10 39  67 12 22 105  3 55  63  8 64 64  1 32  75  2 64  47
 9 68  35 13 19  62  3 13  60 11 10 108 14 64  12 12 50  41  6  4  92  1 28  49  0 69  27  4 68  29 10 37  80  5 78   3  2 41 69  7 51  63  8 34  76
11 23  69  8 50  32  1 25  58  9 37  62  2 93   3  5 74  27  6 47  57 12 50  48  7 40  57 13 82   1  3 29  55 10 91   5  0 79 30 14 40  56  4 19  67
 9 77  26  3 19  79  4 44  25  7 79  17 11 79  15  2 33  81 13 12  76  5 12  79  8 15  89 12 32  82  6 64   6 10 26  69 14 90  9  0 49  53  1 67  40
 1 28  44  2 84  12  3 95  14  5 28  72 13 93  14 10 67  23  6 75  23  0  8  91  8 56  37  4 79  20 12 27  77 11 18  70  7 45 65  9 20  77 14 44  45
 1  2  97 14 60  47 10 12 107 12 35  56  4 45  62  8 40  55  7 24  95 13 90  14  6  1  88  2 21  73  9 75  27  3 79   9  5 91 35 11 32  59  0 41  42
 6 61  49 13 30  52  2 81  26  4 70  16 12 82  36 14 25  69  3  9 112  5 29  81 10 27  80  9 29  87 11 68  24  0 64  26  1 23 55  7 51  42  8 51  51
11 87  12 13 94   1  0 91   2 10 14  97  6 15  88  9 38  43  1 86   5  2 16  85 14 44  57  3 63  54  5 62  28  8 87   1  7 77 30  4 31  86 12 19 109
 9 64  29 10 80  26  5 92  16 12 99  16  7  1  97  0 30  71 14 21  61  6 76  16  1 65  34  2 13  77 11 36  81  4  2 106  8 77  8 13 13  89  3 68  40
12 28  70  5 53  49  1 64  21 13 24  61  2 51  57  8 82  27  6 99   6  4 21  68  7 68  34 10 41  61  0 14 108  3  9  59 14 91  8 11 57  40  9  5 104
 4 51  48  1 93   3  8 77  23 10 61  38  5 22  69 12 77  13  6 55  34 13 96   7  7 76  33  3 27  48  9 12  90  0 63  68 14 84 12  2 46  45 11 14  75
13 51  47 12 35  83  2 64  14  5 79   8 11 15 104  7 82  12  9 58  38 14 72   6  6 60  57  0 99  12  8 47  29 10 44  61  1 19 87  3 99  23  4 86   8
11 49  74  7 21  66 14 37  64  2 24  82 12 96  12  6 32  94  4 94   4  0 37  60  9 28  62 10 30  66  1 41  44 13 66  46  5 12 88  3 78  51  8 82  31
14 27  86  5 63  52  9 35  73 11 52  46  3 71  18  0 62  41 12 20  78  1 16  80  4 64  33  6 80  28 10 57  26  8 34  84  7 74  7 13 13  78  2 80   1
 0 72   9  9 98  16  2 50  93  5 45  60 13 73  25  4 82  38  1  3  89 14 53  62  6  4 110  3 86   1 10 54  47 12 76  21  8 55 58  7 38  48 11 53  21
11 22  55  6 30  66  0 17  82  5 53  35 10 50  49 12 86   1  2 18  82 14  1 104 13 35  59  1 93   9  7 90   2  8  5  64  9 88 28  3 11  96  4 65  49
 7 28  51 10  4  92  4 11  98  0 87  17 12 62  62 14 59  36 11 36  55  9 57  63  5 34  70  3  5  93  2 76  23 13 83   5  1 91  4  8 46  46  6 64  32
 4 67  30  9 20 100 12 95   4 10 52  42 14 37  61  3 88   9  7 66  45 11 87   3  2 77  41  0 38  70  8 56  42  1 78  24  6 55 40 13 28  68  5 55  50
 3  6  56 10 19  92 14 65  43  5  5  90  6 68  30  7 26  57  1 93  20  2 46  57  4 49  23 13 23  57 12 83  25  9 61  27  8 88  3 11 68  17  0 62  47
10 52  53 12 25  76 13 33  61  2 14  83  1 29  87  0 61  26  5 17  97  6 82  18 11 19  85  8 37  62  9 77   4  3 41  48  7 47 44 14 45  40  4 51  50
 5 68  22  2 23 102  0 18  94 13 65  47  1 89   3  6 10  90  4 98   7  9 61  38  8 38  60 11 64  52 10 91  27  3 36  68 14 66 44  7 32  70 12 24  56
11 86  35  4 90  19  6 44  63 10 60  41 12 22  65  8 83  17  2 94  20  7 14  74  9 80  20 14 46  56  1 20  69  0 13  80 13 39 75  3 67  37  5 17  73
11  4 106 14 21  79  9 59  21 13 50  40  2 75  54  0 41  56  4 79  33  1 36  61  8 54  28 10 72   7 12 94  29  6 46  47  5 18 85  7 81   8  3 45  45
14 77   6  0 97  16  8 61  27  1 61  49 11 93   3 12 97   7 13 86   1  2 15  88  9 73  14  4 28  65  7  1 104  6 80  34  3 89 13 10 52  50  5 30  86
 3 15  96  1 27  80 12 35  53 11 47  75  4 79   8  7 26  82  6 72  40 10 89  15  9 35  62  2 52   9 13 17  61  5 92  23 14  5 65  8 20  90  0 49  42
12  3 104 14 93  19 10 56  33  0 82  17  5 58  52 13 65  55  1 82  44 11  5 102  4  5  95  3 92   2  6 30  70  8 35  89  2 17 80  9  4 104  7 78  26
 4 30  85 10 55  43 13 85  24  6 50  55  0 29  74 11 77   8  7 67  48  9 55  47 14 45  35 12  6 112  8 48  52  1 46  49  3  9 60  2 31  58  5 41  49
 3 23  56  5 67  42  2 33  56  9 27  91 13 78  14 11 64  28 12  5  80  6 16  79 10  6  84  4 44  55  8 43  46  0 49  51 14 12 88  1 17  90  7 85  12
 1 50  26  6 56  39  7 80  18  5 54  46 11  8  83  3 70  41 12 83  14  9 18  78  2 31  72 10  4 128 13 90   4  4 87  34 14  1 96  0  5  88  8 61  27
 5 22  60  4 15  78 10  4  94  9 40  70  0 69  64  6 98   4  3 44  65  1 77  37  7 23  64 13 14 102 12 96  22 11 90  28 14 90  7  8 78  23  2 71  21
11 94  20 13 30  60  6 51  23  5 86  16  1 69  39  8 52  54 14 11  79  0 29  73  3 37  63 12 70   0  4 34  45  9 13  74  7 10 84 10 61  10  2 48  51
11  7 111  9 74  27  2 14  78  1 65  31 12 19  87  0 17  73  8  4  80 13  5 101 10 27  56  5 93   9 14 91   2  6  9  48  4 69 24  7 35  59  3  5  95
12 40  28  8 89  19  6 73  12  4 92   0 14 58  55 13 68  39  0 97  19  9 94   6  1 77  28  3 43  61  7 52  32  5  8  93 10 41 62 11 21  86  2 56  36
 0 71  37  4 43  86 12 11 103  6 65  52 14 11  88 10 15  71  5 46  60  7 78  26  3  3  74 13 27  93  1 33  68  2 87  20  9 97 32  8 59  28 11 37  77
 6 68  43 11 96   0 13 30  46  5 84  11  2  2 102 12 81  15  0 57  35  4  7  77  1 70   3 10 39  66  8 62  32  3 94  13  7 96  5  9 38  65 14 46  52
 5 96  11  6 34  60 11 71   4  0 88  25  2 10 102 12 99  18  4 48  44  8 57  28  7 31  57  9 93  15 13 33  69 10 84  13 14 28 90  3 32  53  1 72  34
 2 96  13  6 15  67 13 31  73  7 93  10  5 21  83  0 40  65  9 99  20  4 60  27 14 63   5 10 95   1  1 45  39 12 33  61  8 83  5 11 11  82  3 75  43
 7 47  55  2 71  11  8 37  71  9 59  44  0 72  19  6 64  31  4 61  33  1 52  44 11 20  88 14 13  83 10 11 105  3 26  49  5 28 91 13 91  24 12 27  77
 7 31  60 11 76  24 14  4  86 12 35  59  4 18 106 13 50  27  5 16 110  8 52  51  2 85  11 10 43  57  3 44  50  9 21  81  1 72 40  6 24  93  0 12 110
 9 71  27  7 30  69 12 58  34  4 71   8 10 87   3  1 74  35  8 33  34 13 26  81 14  3 104  3 75  26  0 87   7  2 14  90 11 33 57  6 52  44  5 38  47
 8 42  52 14 39  69  9  8  77 10 26  84  7 26  88  6  9 100  4  1  97 12 83  23  1 85   5  2 11  85 11 81  11  0 72  29  3 87  4  5 41  69 13 44  50
14 73  26  7 59   3  9  4  96  5 25  79 10 68  49  6  3  72  4 72  26 12 69  22  2 50  38 13 62  47  8 22  66  0 77  32  1  1 81 11  4 106  3 94  18
14 59  47  8 45  60 13 39  46  4 64   3  9 35  98  7 42  41 10 16  69  0 88  10 12  9  94  1 88  22  5 85   1  2 54  41  3 63 43  6 21  90 11 76  13
 8 66   8 11 23  53  1 28  60  4 12  73  9 22  58 14 65  20  0  9 104  3 27  78  5 25  59 12 75  17 10 85  10  7 19  67  6 41 72  2 20  85 13 25  75
10 28  57 11 96  15 13 37  71  3 58  69  9 94  15  4 40  77  2 42  44 12 41  63  6 20  91 14 80  15  5 29  62  8 12  80  1 81 12  7  8  91  0 28  66
14 83  18 12 17  93  6 26  91 10 78   3  4 95   7  1 45  57 13 16  59 11 53  77  2 12  73  5 50  39  7  6 108  8 87  31  3 44 37  0  5  86  9 63  23
 0 13  67 14 85  21  9 49  70  1 73  47  4 48  64 11 44  18  3 84  26 13 85  13  6  1  86  2 12  93 10  3  84  8 39  58 12 75 36  7 73  14  5 45  48
11  3  94  3 15  67  0 40  91 13 77  29  8 43  47 14 91   5  2 51  52  7 17 111 10 71  32 12 33  48  5 83  18  6 61  36  9 68 42  4 14  82  1 97  17