50 15
 7 34  49  8 91  21  0 93  43 14 88   9 11 59  36  6 66  17  5 50  43  9 53  64 13 45  44  1  1  95  2 68  46 12 77  30  4 37  37 10 61  33  3 17  86
14 19  70  0 73  56  6 15 116 10 72  22  1 38  66 11 52  28  2 14  85  9 69  45  8 19  97  3 29  95  4  3  86  5 48  69 12 11  96  7 54  43 13 28  56
10 59  16  6 29  52  3 84  21 11  4 116  0 19  94  5 35 104  4 22  89  1 50  54 13 68   9  2 28  93 12 96  11 14 23  70  9 74  32  7 90  14  8 51  46
11 14  84 14 86  39  3  8  97  0 85   2 12 49  39  9 56  56 10 87   9  7  2  89  5 85   6  6 60  40  2 97   6  8 51  36  4 39  67 13 34  65  1 89  18
 5 99  21  7  5 105  0 39  80  3 39  68 10  3  95  1 73  45  9 16 101 11 62  38  8 29  79 12 68  18 13 14 103 14 38  60  2 90   5  6 56  64  4 32  54
 6 23  77 13 84  15  1 34  35  7 77  21 10 25  69  0 44  31 11 45  48  8 14  50  9 79  40  5 90   8 12 78  32 14 56  47  4 37  65  3 61  29  2 96  20
14 24  64  8 15  89  3 99   2  9 49  39  5 66  25  0 99   1  1 87  30  6 11  99  2 45  85  7 84  53 12 20  64 10  9  95  4 71  28 13 50  59 11 54  56
 8 67  12 13 11  95  0 97   6  3 63  44 10 64  61  1 33  58  2 66  41 14  4 104 11 89   7  7 60  69  5 51  38  6 13  98 12 33  53  9 48  67  4 70  34
 6 56  67 10 66  54  1  8 105 11 92  17  5 81  17  4 94   8 12  5  84  9 21  79  2 69  28  8 61  14 13 50  67 14 99   3  7 49  62  0 26  83  3 83  46
 4 14  86  9 38  64  6 82  33 10 99   7  8 77  23  1 17  64  7  9  95 14 21  87 13 15  91  5 43  89  2 39  90 11 39  79 12 80  34  0 19  90  3 43  57
 4 76  17  1 94  19  3 34  71  7 45  41 13  7  77  5 83  30  8 88  39 10 47  77 12 22  80  0 90   7  6 11  90 14  6 116 11 22  71  2 40  51  9 51  74
 9 72  20  7 65  20 10  2  98  2 38  81  6 96   9 12 10  89  8 58  70 13 65  27 14 17  73  5 75  33  1 65  48  0 79  34  3 83  36 11 45  56  4 52  40
 3 23  75  2 35  72 12 24  83  4 67  27 11 65  54  7 18  81  5  7  93  1 68  25 14 19  98 10 63  27  8 18 104  9 80  17 13 19  96  6 23  64  0 39  50
13 47  57 14 70   8  1 38  74  3 14  86  2 46  64 11 48  40  9 14  84  8 45  52  6 31  90  0 35  93 12 95  23 10 75   8  7 61  63  5 44  78  4 71  27
10 26  82  3 14  72  2 46  52 11  1  79  5 23  89  9 50  35  0 27  78 12 82  16  8 26  77 13  7  64  4 55  41  7 22  82 14 21  88  1 85  17  6 66  25
 2 11 113 13 84  12 14 48  51 11 49  27  1 19  78  5 98  27  3 92   9  4 42  72  8 67  41 12 57  60 10 40  73  0 78  21  6 19  70  9 52  41  7 14  82
 6 12  99 11 71  48  3 17  89 10 67  38  4 20  78  2 41  41  0 74  14 14 96  15  7 87  35 13 20  70  1 84  15 12 77  32  9 72  58  8 91  20  5 37  74
 6 12  80  8 12  87 10 66  31 14  2  92  1 17  74  5 33  58  3 30  99  0 10  87  9 72  32  4  6 108 12  6  95 11 41  41 13 39  57  7 71  54  2  4 105
10  3 115  1 89  19  2  9  96  5 24  77  7 80   0 12  7 109 13 42  83 11 85   1  0 84  12  9 89  40  3 40  67  8 42  37  4 92   5 14 91  13  6 77  32
12 98   8  4 83  26 11 65  30 13 94  38  9  6 130  8 96  18  7 34  54 10  7 104  0 49  77  2 25  71  3 47  67  6  8  90  5 93  10 14 67  23  1 50  69
11 52  44  6 57  37  0 73  30 12 45  55 14 55  44  7 63  58 10 99  24  5 20  78  2 59  14  4 90   7  8 31  47 13 23  87  3 99  14  9 92   4  1 53  71
14 64  45  7  4 100  9 25  66  1 52  53  4 72  44 13 41  74  5 11 109  0 99  14  2 35  89 12 77   2 10 89  11 11 98  12  6 63  56  8 59  31  3 99  23
 9 80  17  5 93  18  1 64  30 14 13 121  2 48  79  3 47  54  0 78  21 11 59  36 12 58  64 10 73  21  4  3  77  8 28  90  7 13 125 13 72  28  6  9  86
 9 24  66 10 95  10  3 93   6  8 48  58  0 78   8  5 64  44  6 26  59  4 86  23 12 83  28  2 41  73 14 62  37  1 53  45  7 35  42 13 84  35 11 45  49
14 91  23  8 86  36  9 79  53  5  5 122 11 85   1  0 29  45 12 73  17 13  9 108  4 74  31  7 69  39 10 23  89  1 80   5  6 82  18  3 34  52  2 88   8
 6 76  43 10 77  42  7  2  96 13 28  81 12 27  58  3 27 100  2 87   4 11 33  81  5 41  75  4 99  19  1  2 103  0 44  67  8 16  70 14 83   6  9 91   6
10 96  15 11 27  79  9 61  42 13 42  91  3 99  15  7 76  56  6 87   7 12 36  49  0 24 102 14 21  54  1 88   6  4 43  33  8 89  20  5 78  33  2 53  54
 5 86   6  7 72  18  3  3 109 14 91  15 13 33  74 10  1 103  8 37  69  9 39  67  1 30  65 12 78  27  2 52  57  0 52  56  4 64  34 11 88  12  6 75  21
 9 98  22 10 52  69  4 99   6 14 11  93  8 57  21  6 40  56  1 52  56  2 75  36 11 23  88 12 49  22 13 65  33  0  1  76  3 57  26  7 56  43  5 92  14
10 82   0  1 33  72  4 80   9  2 23  97  3  7 109 12 49  80  5 24  70  0 50  47  9 29  69 14 38  82  8 47  54  7  3 102  6 53  16 13 89  11 11 70  35
 3 32  79  9 62  23 11  9  84  5 88  10  4 58  42  2 70  39 14  9 105  0 66  27 12 18  74  1 40  55 10 33  65 13 54  62  8 60  41  7 92   4  6 88   8
 6  2 106  2  5 111 12 35  54 13 65  27  4 67  46  0 58  33 10 61  41  1 72  28  5 60  39  9 84  31 14 88  34  7 23  45  8 17  87 11 71  40  3 13  87
 0 65  29 14 56  58 11  5  87  5 94  32  6 82   9  7 76  28  1 29  65  3  1  99  4 93  35  9 66  40 13 47  62 10 32  79  8 42  54  2 75  43 12 13  96
13 14  89  6 86   8  4 65  26 11 41  60  9  3  67  5 10 103  2 49  81 12 26  83 14 10  85 10 86  26  0  1  97  3 32 101  7 38  66  8 48  53  1 93  28
 0 98  13  1 21  70 13 61  42  2 61  55  4 54  66  7 71   8 12 98  36  3 39  69 10 14  73  8 38  56 11 74  54  6  2  91  9 12  76  5 93   3 14 85  20
 7 93   4  2  1 106  4 26  88  3 57  53  6 38  65  9 80  13 11 43  45 13 64  34 10 23 104  8 88  30  1 74  25 14  5  80  5 16  72 12 50  64  0  1 120
 1 23  82 12 55  39  2 72  15  5 57  64  0 46  41  7 17  77 13 80  31 10 44  27 14 80  12  4 55  34 11 75   5  6 69  46  9 34  67  8 44  58  3 30  69
14 64  13  4 93   1  9 55  58 12 78   4  2  9 100 13 24  74  7 59  31  1 72  27  5 30  72  8 50  39 11 81   8  0  7 108  3 53  67  6 69  20 10  3  79
 7 63  24 10 40  44  2 81  20 13 33  38  8 52  71  0 86  41  9  2 100 12 43  63  3 57  51  6 36  62 11 53  62  4 18  87 14 22  81  5 92  19  1 40  78
 5 60  55 14 79  38  4 43  53  2 83  14  9 76  22  0 79  37  7 53  46  6 72  12 12 40  74  3 37  64 13 66  54  1  3 125 10 52  53  8 33  93 11  9 102
 1 28  79 13 70  44  0  7  93 14 51  59  2 33  65 12 57  37  7 89  24  9 60  35  8 64  13  4 36  54 11 75  24 10 49  52  5 13  86  6 36  78  3 65  37
11 74  31  1 97   2  0 88  12  7 27  83  6 95  13 14 99  30 12 17  93  2 31  90  5 87  30 13 34  80  8 28  78 10 16 114  4 16  87  9 94   8  3 14  77
10 63  30  8 47  57 11  6  98  9 43  46  4 48  57  5 65  39  0 83  11 12 98   6  1 58  41 14 60  71 13 12  76  2 48  27  7 93  15  3 77  26  6 32  62
12 32  59 13 94  20  9 71  25  5  3  90  1 20  54  6 45  76  3 10  97  2 45  60  0  6  63 11 57  66  8 35  64  4 76  33  7 46  69 10 87  23 14 25  97
14 45  47  8 63  55  9 82  34 13 23  72 11  1 112 10 13  82  7 50  51  3 64  19  4 82  26  2 55  24  5 42  65  0 14  72  6 35  70 12 15  90  1 47  41
 9  6  96  6  6  85 12 28  69 10 96  11  2  2  93  7 85   6  1 97  11  4 90  26  0 83  21  5 76  16 11 65  66  3 46  55 13 71  51  8 42  47 14 61  52
12 95  15  2 54  14  1 46  30  9 33  74  6 13  75 14 71  33  5 37  81  8 60  21  3 50  46 13 30  60 11 56  45  0 10 108  7 62  38 10 76  26  4 57  47
10 96  27  2 64  63 11  6  84  5 90   2  9  1 110  0 99  26  4 86  18 13 27  64  7 18 101  8 56  36 14 19  94  3 73  45  1 76  19  6 82  18 12 78  27
 6 98  12  5 69  33 10 68  20  9 45  70  4 17  80 12 29 104  3 15  83 14 81  41  0 31  49  2 79  37 13 54  73  8 50  51  7 73  37 11  2 111  1 86  13
 8 44  66  0 78  26 14 31  85  6  8  75  4  8 104  5 15  87 10 95  17 12 83  29  9  3  99  7 30  58 13 39  68  3 92   2 11 47  71  2 49  48  1 45  61