50 15
11 30  55  3 16  72 12 71  79  0 30 75 14 78  36  9 46  50  1 18  89  6 32  50  2 34  47 13 88  24  7 94  19  4 85  34  5 83   8  8 30  86 10 73  43
 2 14  90  8 51  47 14  6 109  1 33 69  0 17  59 10 22 107  6 63  54 12 71  42  7 14  76  9 87  31  3 58  54  4 37  69 11 55  33 13 73  30  5 78  41
13 39  74  0 26  51  5 79   4  6 10 74 14 48  39 11 48  20  4 97  13  3 22  65  7 89  14  9  1 103 12  3  94  8 44  52  2  9 126 10 77  39  1 40  62
13 79   1  4 66  21  9 39  71 11 61 58  1 57  20  6 96   8 12 98   1  2 54  66 10 88  29  3 21  94  0 92   0  7  3  95 14 39  53  8 21  80  5 73  45
 9  5 101  3 65  59  4 93  25  7 90  2 11 64  62  0 30  37  8 93  26 10 88  11  6 91   7  5 47  86 14 26  78 12 79  27  1  3  85  2 77  45 13 39  60
 2  6 104  0 61  38  5 92  10  3 22 64 12 18  97  1 52  27  4 82  42  6 48  56  9 32  74  7 73  20  8 49  64 10 16 102 14 76  25 13 55  65 11 38  39
 6 16  93  1 29  60  9 93  17  2 89 26  7 61  40 10 47  64  4 25  88 11 38  70  0 28  89 13 46  57 14 93   1 12 68  35  3 99   2  5 41  65  8 59  34
 2 50  46 13 77  11 14 11  88  4 79 44  3 98  24 10 66  64  7 23  87  9 15  98  6 24 109  5 41  71  1  8  63 11 57  38 12 68  34  0 52  64  8 30  47
 7 26 102 14 36  69 12 79  18  2 92  3 13 93  27  8 11  96  6 18  79  0 71  25  1 26  69  5 95  24 11 14 101  9 86  28  4 41  56  3  3 103 10 47  61
10 14 106  5 16  98  7 56  68  3 74 24 12 92  10  6 33  68  2 93  40  0 68  29 13 70  17  8 38  76 14 64  41  9 79  22 11  8 101  4 69  38  1 74  19
13 87  20  4 74  17 14 84   4  6 78 15  3 49  41  2 45  67  5 44  65  8 53  57  9 83  28 12 28  75  7  3  89  0 48  42 11  6  96 10 52  52  1 53  50
 9 71  42 14  9  77  7 73  49  6 90 36 11 58  31 12 16  51  4 90  12  5 54  63 10 48  50 13 64  47  3 17  74  1 63  35  8 64  10  0 98   9  2 96  12
 8 58  38 10 47  42  7 95   3 11 34 88 13 14  63  1 11 116  2  2 129  3 52  58 14 29  85 12 65  44  9 86  44  4 60  39  5 13  81  6  5 113  0 16  85
 5 64  44 10 29  68  2 35  64  4  6 80  7 90  10  9 42  51 12 36  67  3 29  83 13 57  34  1 39  71 14 52  23  6 39  70  8 93  39  0 21  71 11 77  25
13 85   7  1 98  22 11 44  50  7 85 19  3 45  48  8 64  20  5 33  86  4 49  63  2 23  88  6 84   2  0 53  69 14 17  73  9 48  52 12 31  62 10 11 120
 3 33  63  4 89  18  7 48  68  9 20 66  8 95  20  5 57  55 11  8 119 14 19  84 12 21  78  2 36  70  6 65  40 10 37  63  0 93   8 13  4 119  1  2 114
10 51  58  3 57  38  9 69  23 14 74 29  0 95   6  7 79  12 13 37  49 12 82  34  6 75  32 11 20  85  4 49  50  8 38  27  1 78  11  2 97   6  5 73  30
 9 68  55 12 91  18 13  5 103 14 50 39  6 32  70  2 48  67  4 39  49  7 81  30  0 32  71  8 68  18 11 92  12  3 74  49 10 27  44  5 60  44  1 59  48
 7 82   8  3 63  40  6 18  91 12 32 84 13 69  23 14 82  34  0 76   8  5 39  50  8 72   7  1 90  29 11  4 113  2 54  59 10 79   1  9 81  10  4 72   4
 3 98  18 11 97  24 12 37  90  4 95 31  6 93  18  0 56  75 13 46  66  8 85  46  5  7 112  9 78  26  7 71  55  1 69  49 10 47  53 14 41  46  2 64  53
 4 65  50  2 64  53  1 28  79  3 46 72 13 27  44 10 53  61 12  6  78  8 71  36 14 12  95  5 15  71  7 61  27  6 89  24 11 56  67  0 35  51  9  9  69
 7 86  43  8 86  17  5 72   8  3 13 92 13 69   7  0 39  58 10 98   5 12 28  55 11 32  80  6 64  41  2 21  91  1 86   9  4 50  52  9  8 106 14 90   3
 8 96  16 13 82  18 14  2  78  5  4 98 12 27  74 11 43  80 10 35  84  9 73  35  2 97  22  3 21  73  7 78  20  0 95  24  6 76  17  1 73  33  4 89   3
 0 19  95  9 17  87  1 55  63  8 53 43  6 89   8 12 40  42  5  3  80  7  3 119  4 14  87  3 40  43  2 69  25 13 50  43 10 20  90 14 41  67 11 30  63
 8  9  87  5 75  59  7 67  22  2  4 95  6  8  61 11 70  57 13 38  74  4  1 121  9 99   8  0 49  63  1 43  54 14 74  35 12 31  60 10  9 101  3  1 137
10 85  46 11 90  23  3 94  16  8 15 54  2 73  44  7 50  83 14 81  11  4 26  81  1 91   6  5 10  84  0 58  31  6 32  77  9 78  28 13  1  86 12  7  91
11 58  32  0 95  24  5 31  95  8 99 38  9 89   8  4 92  12  1 18  78  6 42  67  2 95   8  3  7  69 14 81  36 10 47  58 13 53  31 12 94   1  7 52  48
11 13  90  0 57  59  8 45  53  2 71 24  1 16 105  6 90  10 13 25  80  9 52  45 14 72  51 12 11  75 10 21  82  4 27  44  5 34  93  3 89  13  7 27  64
 2 40  67 12 44  85  7 17 108  4 94  5 13 39  48  8 49  46  0 52  58  9 17  88  5 79  15 11 44  48  1 70  34  3  1 102 10 67  57  6  1  90 14  8 112
 8 98   4  3 38  72  6 53  42  1 98 10 12 41  64  7 63  47 11  2 101  4 68  21  9 28  74  2 75  42 10 14  93 14 21  99 13  8  68  5 65  44  0  1 103
 2  5 117  6 40  48  7 27  44 13 93  2  8 65  60  3 93   3  1  7  78 10 39  89 14 42  75 11  8 111  9 29  68  5 27  90 12 57  56  4 17  72  0 77  30
13 39  72  5 18  81  2 17  60 12 93 25  1  8  74  6 57  46  4 66  28  0 76  16  3 28  94  8 21  66  7  2 106  9 82  43 11 66  40 10 77   5 14 94   5
 0 75   9 13 13  81  4 48  68 10 13 77 14 39  68  7 16  77  8 69  28  1 39  63  3 35  87  9 75  20  6 85  20  5 55  60 11 45  63 12 55  51  2 85  15
 4 85   6 13 82  29 10 13  95  5 89  3  8 34  76  2 10  84  1 95  17  3 38  51  6  4  97 14 10  99 12 84  27  7 88  28 11 65  45  9 25  69  0 50  67
 9 75  55 13 74  13  3 84   7  5 71 25 12 54  67 14 53  29  6 86  11  1 11 105  4 72  29 10 27  79  2 89  31  7 60  52  8 25  98 11 17  68  0 86  46
12 16  93  6 66  19 11 24  66  4  6 88  1 81  40  9 26  96  8 68  69  5 41  42  0  2 108 13 87   1  2 86  28 14 71  42 10 32  58  3 34  91  7 69  12
 3 22  88 10 16  99  4 45  54 13 56 21  9  8  69  7 62  42 14 20  81 12 84  28 11 87  25  8 59  28  2 53  57  1 81  16  0 43  41  5  3  81  6 22  72
13 28  92 12 23  75  1 66  40  2 27 70  8 49  77  0 46  72  7 49  34  4 64  29 10 43  63  6 12  88  9 95  16  5 38  52  3 31  60 11 49  51 14 18  69
13 20  83  8 22  80  2 90  22  7 84 25 11 14  92 12 36  69 10  5  96  9 80   8  6 99  17  4 93  23  1 67  26  0 58  45  3 37  46  5 13 105 14 55  20
 6 98   0 11 88   7  3 38  88  4 95 15  8 87  22  2 69  44 10 99   1 13 85  26  7 75  39  5 39  50  9 77  28  1 57  43 14 82  31  0 96  14 12 52  50
 8  9  82  2 89  26  7 82  21 13 81 16  9 16  86  3 40  71 14 74  58 12 27  92  0 33  86  1 33  67 10 15  90  6 78  33  5 58  52 11 79  12  4 28  72
 6 64  18  4 92   6  8  8 113  9 48 63  2 75  32  5 29  76 13 69   5  1 33  98 12 83  12 11 19  59 14 97   1  0 74  17  7 98  10 10  3  92  3 39  58
13 68  25  9 87  28 12 88   5  3 72 35 14 84  13  5 26  87  8 11  96  7 95   3 10 94   5  4 90  10 11  8  98  0 17  82  1 53  54  2 92  11  6  6  84
 7 97   9  3 96  18 10 29  76  1 68 32  8 96   3  5 69  39  0 95  17 11 90  11  9 67  31 13 53  67  2 23  72  4 18 108 14 54  34  6 49  62 12 18  80
11 78  25 13 44  73  8 69  69  1 25 55 12 48  38  4 77  41  2  1  74 10 70  19  6 14 109  9 25  83  3 95  22 14 25  54  0 53  66  7 64  60  5 39  45
 1  3 117 11 80  38 10 70  21  7 59 43  5 43  80  3 54  46 14 54  40  2 59  40 13 29  54  6 62  26  4 89  15  9  3 117  0 59  63 12 79  44  8  8  54
14 38  92 11 15 108  1 18 102  8 76  8  5 21  79 13 82  30  0 84   5  9 53  49  4 18  98 12 74  23  6 59  36 10 61  31  3 11  94  2 58  50  7 10 105
10 22  96  5  7  93  7 89  11  2 39 56 11 44  53  4 41  67  3 41  57 14 83  11  9 54  55  0 87  24 12 86  20  6  7 106  1 70  44 13 55  40  8 73  43
14  5 106 12 59  36 10 22  63  6 59 37  4 68  49 13 99   0  8 41  80  7 27  81  2 62  54 11 80  17  5 30  84  3 37  62  1 60  45  0 76  33  9  4  86
12 24  83  2 95   2 10 67  33  3 85 14  4  8  87  0 15  97 13 73  16 14 52  63  7 12  99  5 39  80  6 16  87  8 62  37  1 61  32 11  9  97  9 53  43