50 15
11 86  15  1 13 109  2 65  40  8 20  88  5 76  42 13 82   3 10 42  73 14 10  93  4 50  50 12 29  89  9 30  57  6 53  45  3 52  38  7 19  82  0 24  92
 1 19  85  0 76  25  3 77  10  9 73  23  5 76  26  4 87  32 10 61  39 13 51  45  2 61  25  6 99  17  7 38  75 12 98  11  8 34  82 11 34  69 14 44  61
 9 29  94  7 80   4  4 63  40  0 15  96  2 75  45  1 27  65  8 98   5 10 38  49  3 57  22  5 80  36 12 56  39 14 54  70 11 55  47  6 35  94 13 15  86
 0 72  17 12 73  33  3 67  55 11 58  44 10 14  82  2 59  60 13  6  86  7 70  28 14 88  37  6 66  32  8 65  60  4 96   8  9 95  16  5 56  54  1 16  77
 3 21  81  1 78  40  9  3 102  5 76   7 10 10  86  8 46  45  2 98  11  0 12  78 13 55  40  7 92  12  4 42  59  6 68  53 14 67  29 11 75  54 12 97  23
 5 30  97  4 20  81 10 80  26  8 16  73  3 76  28 13 45  67  1 97  11  9 70  42  6 54  60  2 38  86 11 76  28 14 84  30  0 55  59 12 93   1  7 67  47
11 81  24  3 53  41  9 37 106  2 84  32  4 33 110 13 69   7  7 52  64  6 11  97 10  2  99  0  7  92 14 79  37 12 36  62  8 78  13  1 92  30  5 19  68
 7 28  63  9 78  45  0 62  35 12 17  84 13 38  80  1 66  31  3 68  52 14  6 103  4 60  34  5 93  13 11 47  57  6 63  59  2 26  70 10 58  52  8 46  53
14 19  95 11  4  94  2 66  13 12 51  86 13 61  39  4 16  79  5 72   6  9 20 108  7 85  26  6 95  25 10 37  47  0 21  61  8 94   3  1 64  35  3  8  91
12 45  63  1 84  27 14 52  90 10 50  43 11 77  26  2 38  49  8 60  39  3  2  87 13 50  39  9 65  54  7 71  23  0 67  27  5 95   8  6 71  23  4 24  89
 5 32  50 14  6 101  2 42  81 12 74  39  7 56  46  3 38  88  6 55  60 10 84  33  1 96  50 11 86   9  9 47  30  4 38  70  8  4 141 13 72  49  0 91   8
 7 81  28 11 49  63  1 40  58  4 57  48  6 16  93  2  7 128  8 13  81  9 18  94 13 96  21 10 84  22  5 53  66 14 70  29  0 94   5 12 74  22  3 89  17
 8 71  32  1 66  72  3 45  79 10 27  73 11 79  38  7 75  37  6 71  45  0 88  13 13 14  68  2 36  50 14 88   2  4 23  76 12 52  53  5 74  39  9 78  23
11 46  66  6 69  53 12 24  58 13 20  85  4 37  72  1 53  64  0 82  19  9 34  59  8 54  66  5 47  70 10 13 109  2 28  77  3 78  12  7 42  53 14 86   9
 8 46  63  4 88  13  3 37  48 13 75  17  1 56  38  2 77  31 12 21 111  6  8 112  9 52  64  0 53  21 14 12 104  5 81  26 11 72  40  7 79  53 10 98   5
 8 12  90  2 10  81  5 98  15  3 15  85  4 55  42 12 48  41 14 91   8  1 11 115  9 28  91 10 42  82  6 13  99 13 85   1  0 15  84  7 21  69 11 24  91
 0 44  74 10 46  63  4 79   2  7 13 113  6 48  67 14 78  41 11 67  44  9 72  14  2 87  35  5 64  31  1 21  94 13 58  38 12 75  27  8 86  14  3 10  67
 1 32  79  8 73  32  6 70  67  2 30  71  9 91  18  4 63  68 13 33  63 11 38  51 10 42  66  3 82  19 14 71  28  7 70  47  5 78  57  0 15 107 12 80  16
12  6  94  5 27  89 11 79  23  2 59  69  7 77  15  3 99  20 14 27  84  1 26 102  8 61  56  4 11  90 13 20  89  9 66  42  6 96   2 10 55  35  0 48  74
14 57  28  8 47  64  4 84  28  5 84  12  0 92  37  2  4  93 11 62  22  9 23  65  1 56  54  6 99  13 13 68  32 10  5 101  3 31  62  7 83  41 12 31  58
 3 24  92  4 43  66 13 48  48 11 79  31  7 40  76 12 57  66  6 90   9  9 83  12 14  8 110  5 99   3  8 29  75  1  8  89  0 40  35 10 64  72  2 57  32
 7 77  35  8 53  66 14  1 104  5 99  10  2 39  86  0 81  15  1 58  66  9 94  19 10 41  80 12 93  29  6 61  46  4 24  38 13 32  50  3 31  50 11 48  59
 6 42  45 11 39  53 14 60  41  7 41  51 12 40  54  9 45  77  8 14 101  0 27  75  1  8  95  2 29  95  4 89  12 13 92   3  3 74  14 10 97   1  5 16  90
 9 14  79  2 28 102  3 10  94 14  6 107  8 27  84  1 57  50 10 54  55  4 62  11 13 57  28 11 98   6  6 32  88  5 32  71  7 21 100 12 61  43  0 66  46
 2  6  94 11 13  95  1 33  79  9 88   7  0 92  11  4 20  80 12 79  17  5 63  57  8 29  64  6 97   2  7 66  39 13 59  67  3  2 108 10 83   3 14 20  91
 1 36  70 11 35  86  8 70  37  0 34  57 12 60  56  3 63  41 10 90  22 14 94  11  7 56  56 13 27  49  2 49  46  4 93   6  6 27  71  5 39  55  9 44  68
 5 19  81  3 13 107 11 54  42 12 69  18 14 56  46  2 32  56 10 80  15  8 30  75 13 49  59  6 74  23  9 79  19  0 25  75  4 69  20  1  9 126  7 51  40
 7 37  72  8 92  19  2 59  36  5 11  89 13 41  65  4 68  44  9  3  81  6  6 101 14  3 105 10 54  53 12 98   0  0 82  16  3 21  67 11 61  22  1 95  16
 2 79  55  0 15  79 11 44  75  5 91  13  7 93  22 12 38  87 10 90  21 13 21  50  9 42  38  6 40  76  1 15  92  8 24  75  4 97  11  3 34  76 14 27  86
 7 74  45 11 69  43  9 81  35  0  7  80  6 71  27  8  6  86  4 32  50 12 15 114  2 28  77  3  6  76 14 53  43  5 73  16  1 65  49 13 29  78 10 37  60
14 45  55  2 87  16  8 27  91 10 76  28  7 64  39  4 35  39  3  4 122  1 57  49  9 43  54  0 98   4 11 62  41  5 49  52 13 44  46 12 75  53  6 38  64
 6 93  13  8 78  40  7 92  23 11 44  51  4 20  94  2 83  48  3 51  50  1 68  47 10 91  19 13  7 104  9 97   1  5 69  77  0 97   2 14 94   8 12 58  29
13 80  43  2 80  14  1 22  63 14 51  62  6 71  32  0 25  86 12 13  86 11  7  99  4 88  38 10 26  87  5 83   8  7 73  26  3 73  26  9 39  54  8 58  26
 0 77   7  3 19  72 14  9 106  7 60  54  9 19  62  2 87  20 10 60  60  4 48  49 11 86  12  6 50  46  8  7  86  1 19  76  5 14 119 12 52  55 13 97  21
 4  4 119  3 86  25 11 56  72 13 86  31  7 49  47  5 16  86  0 46  76  8 93  13  6 87  14 12 39  82  2 22  85  1  1 107 14 71  43 10  4 112  9 84  17
 7 39  59 13 84  23  4 98  14  8 95  12 12 22 104 14 48  51 10 28  58 11 27  92  0 21  74  5 55  30  2 80   6  9 10 112  1 89   5  3 87  16  6 76  31
12 69  30 10 80  30  4 59  37  1 98   2  8 76  23  5 12  89  9  4  87  2 58  42 11 24  89  0 86  20 14 45  62  6 89  35  3 17 105  7 30  89 13 81   1
 0 22  88  5  5  96  4 28  73 14 18  72 13 46  44  1 88  16  2 10  97 10 90  11  9 80  14  8 53  41 12 41  39  6 98   1 11 28  66  7 12  88  3 25  78
 2 93  35 11 19  71  9 83  14  1 58  50  7 61  28 14  7  91  0 88   1  5 17  95 12 81  51  3 69  66  6 76   2 13 12 113  4 71  25  8 61  50 10 28  70
12 21 104  3 20  72 10 89  24  6 38  56  9 91   6  0 49  28  2 42  88 11 26  73  7 89   5 14 80  16  8 10  99  4 15  98  1 49  39 13 45  54  5 59  36
 5 86  21 10  2 119 12 20  81  0 17 114  8 48  51  7 46  61  6  6  79  9 43  52 11 16  91  1 51  34  2 74  42  4 81  20 14 74  55  3 64  33 13 15  95
 6 47  43 13 98  18  7 32  72  9 35  53  3 81  43  1 96  14 14 42  48  4 15  73 11 35  71 12 92  17  2 55  40 10 98   7  5 61  21  8 74   8  0 30  70
 4 44  58  8  8 116  9 53  58  7 45  38  6 71  35  2 65  51  5 87  36 13  4 112  3 35  99 11  9 105 10 30  71  0 56  37 14 67  40 12 68  27  1 90  33
 1 62  18  7 31  39  8 14  55  2 43  40 12 21  87  9 58  69 11 82  60  4 85  13 14 88  21 10 33  91  3 39  55  6 70  29  5 63  50  0 82  10 13 57  43
 7 71  34  4 99  17  8 78  48 10 83  20  3 88  17 13  9  78  2 50  65 12 38  72  0 76  21  1 85  54  9 97  33 14 19  75  5 68  50  6 51  51 11 25 108
 2  3  86 14 57  35 12 75  49  7 95  18  4  6  74 13 31  53  5 79  47  9 86   4  0 95  26  3 87   9  1 66  44  8 35  70 10 68  40  6 17  91 11 18  87
 7 68  20  2 71  11 11 84   4 13 64  34  8 53  60 10 67  36  4 44  59 12  1 114  9 63  44  0 27  70  3 10  74  5 21  96 14 50  56  1 13  81  6 76  23
 9 56  61 14 77  39  1 40  68  2 82  25 12 75  41 11 92  13  4 17 100  7 72  31  5 10 105 10 12  65  0 48  45  3  5 119  6  3 113 13 13  91  8 33  57
12 25  68  0 86  23 10 32  88  4 31  98  8 14  92  9 58  29  7 31  75 11 62  22  3 41  64  2 55  75  5 44  74  1 13  70 14 53  48  6 33  69 13 63  44
11  8 105  3 95   5  5 44  54 10 38  48  1  6 109  6 95  19 14 87  22 13 47  51 12 42  57  0 72  10  4 93  24  2 92  17  8 38  72  9 98   6  7 55  52