50 15
 2 76  34 10 34  54 12 28  75  8  8  91  9 10  97  0 74  32 14 92  6 13 30  57  6 10  91  7 82  29  4 45 48 11 74  32  3 24  75  5 87  22  1 38  56
 3 90  19  1 55  42 10 16  92 12 77   2  0 86   3  2 83  41  9 26 67  8 92  43 13 23  69 11 50  84  6 74 31 14 81  33  5 15  73  4 14  86  7 31  67
 8 35  63  0 56  62  2 32  54  1 64  38  3 70  43  7 78  14 13 23 59  6 46  51  4  8  72 10 75  45 12 45 43 11  5  76  5  7  85  9 62  53 14 73  49
10 74  23  4 13  91  1 78  27  6 88   1 12 32  89  3 26  74  5  8 92 11  2 115 14 27  70  2 29  82 13 62 23  9 48  63  8 25  77  0 78  41  7  8  93
 2 95  13  1 68  14 14 65  32  8 93   7 11 68  33 13 75  37 12 54 45  6  2  96  5 60  44  3 99  10  7 13 75  4  3 104  9 66   6  0 57  54 10 60  52
11 43  81 12 84  17  9  7 108  7 70  32 14 43  15  6 37  58  2 42 56  1 92   9  4 70  36  0 91   4  3 30 64  8  5  98 10 57  42 13 70  48  5 80  32
 0 83  33  8 97  13 12 12  74  1 19  66  5 50  37  4 18  74  7 41 39 14 66  26 10 24  68  2 98   2 11 11 87  9 21  94 13 29  85  3  6  98  6 86  17
 3 86  28  7  4 106 13 94  19  9 52  36 12 22  78  8 76  30 10 81  3 11 47  47  4 92   9  2 95   3  0 15 93  5 33  71  1 85  23  6 38  45 14 54  34
13 80  17 12 56  45  9 54  56  6 87  37  3 22  77 14 93  18  2 36 38  8 83  29 10 99   4 11 27  68  4 15 95  1  7  98  5 69  40  7 77   9  0 50  46
 9 43  61 10 49  67  8 13  82 12 27  74 13 94   5 11 91  23  1 79  6  5 80  20  2 13  70  7 81   1 14 34 43  6 19  77  3 67  40  0  3 115  4 67  22
 7 63  46  3 56  71  2 77  44  8 17  83  6 17  90 10 51  36  5  3 88  1  9  79 13  7  96  0 63  25 12 87  8 11 66  27 14 92   7  4 64  21  9 60  33
 8 33  49 12 86  10  1 35  85  2 69  21 14 32  56  4 86  49 10 26 55  5 98  19  6 95   6  9 31  57  0 11 85 13 82  11 11 85   1  7 71  34  3 61  32
 9 81  15 13 86  21  3  1  98 14 18  92  5 16 114  2 94  14 11 84 42  0 11  99  6 18  81  8 41  71  4 72 44 12 15  75 10 50  48  7 79   8  1 77  24
12 67  29  3 41  67  5 99  10  8 29  74  7 62  19 13 80  37  6 39 50  1  1  76 14 21  89  0 38  79 11 68 57  2 88  17  4 88  18 10 95   4  9  2 102
 6 76  21  4 80   9  1 42  67  5 65  54  3  4 122  9 62  34  0 50 43  7 93  10 14 74  10 11 76   3 10 10 95  8 76  14 13 55  33 12 95  61  2 94   2
 1 76  40  8 40  68  0 96  15  9 89   4 10 22  77 13  1  67  7 22 74  5 49  52  4 12  95  6 27  94 14 17 73 11 34  83 12 48  70  3 28  58  2 32  56
 7 90   3 13 50  69  1 33  35  9 53  32  6 21 107 10 35  57  2 11 67  8 53  15 12 44  53  4 58  33 11 76 35 14 32  65  5 62  19  3 60  31  0 23  69
13 96   6  3 14  89  2 67   7  4 37  37  0  7  97  8 23  75 12 76 28 11 82  18  7 51  52  6 68  41 10 58 40  1 66  39 14 13 105  9 40  67  5 43  76
 4 32  62  9 95  10  1 70  13  6 27  72  0 79  17  5 37  65 13 98  4  2 86  11 12 85  40  3 53  15 10 25 84 14 88  21  7 32  68  8 31  65 11 26  59
 0 18  87  3 31  85  2 97  18 13 94  24 12 74  26 10 73  24  5 40 72 14 34  81  1 88   5  6 52  22 11 48 25  8 72  21  9 50  62  4 20  66  7  6 106
 4 85  16  1 90  28 13 87   3  9 57  47 10 87  35  0 11 105  7 96  0  8 69  37 14 77   6  6 95  27  3 60 66 11 37  79  5 87   1 12 83  31  2 40  65
12 76  34  6  1  90 10 46  52  0 31  73  5 21  79  3 57  36 13 69 45  1 96   4 11 85   6  8 40  42 14 30 65  9  4 105  2 61  45  7 44  51  4 29  59
 9 33  75  6 48  35  3 71   9  0 27  72 12 67  42  2 11 111  5 23 72  7 97  15  8 71  44 13 23  80 14 54 52  4 91   8 10 55  53 11 12 105  1 62  59
 0 65  42  3 19  79  8  6 114 13 45  69 11 94  23 12  4  76 14 46 65  7 52  65  9 93  29  6 14  82 10 49 34  1 70  39  2  1  96  4  3  98  5 23 101
 2 14  78  5  3  95  0 34  73 12 13  80 13 46  50  9 79  61  3 82 31 11 76   6 10 14  66  8  6 117  4 27 81  7 34  41  6 65  35  1 51  65 14 85   5
13  8  91  2 41  57  4 74   2  6  9  91 12 42  62  9 98   6  7 65 46  1 94   4 11 24  82  3 83  15  8 21 89 14 75  28  5 26  77 10 30  89  0 67  27
 0 86  20 11 96   3  8 60  41  4  6  77  7 78  47  6 87  10 13  5 65  1 26  98  5 48  38  3 81   1  9 64 38 10 20  83  2 44  66 14 91   5 12 12 123
10 75  28  5 24 100  0 27  83  9 14  80  1 33  45 13 17  91  3 93 21  7  5 114  4  5 100  6 89  13 12 53 41  8 66  43 14 85  17 11 51  55  2 96  35
 1 31  76  8 63  38  4 21 111 10 37  63 13 68  32  3 78   2 12 48 40  0 66  24 14 86   6  9 18  77  6 77 20 11 22  77  7 31  79  2 87  34  5 18 108
 8 23  69 13 25  70  6 22  88  3 40  72  1  5  74  7  9 106  9 29 90  0 51  66 12 61  24 14 84  26  2 50 61  4  4  94 10 87  28  5 36  52 11 31  57
 4 16  71  3 81  19 12 18  91  1 73  13 13 26  78  0 19 120  6 54 69  8 44  52 14 92  10  2  8 115  7  6 90  9 89  15 11  2  60 10 46  62  5 21  70
 0 57  66  8 48  72  1 31  48  7 57  54 14 11  78  5 79   2  4 68 25 10 99   4  9 44  79 12 71  43  6 59 45  2 13  92 13 10 105  3 48  69 11 32  68
 3 42  58  6 34  40 12 93   8 11 63  33  0 13  83  2 38  46  5 93  5  1 34  80 14 66  38  8 62  42 13 39 60  4 68  51  9 43  57 10 72  12  7 37  59
 5 86  22  4 11  73 14 33  78  7 85  12  0  9 114  8 33  88 13 80 21  2 92   8 12 59   6  9 21  73  1 65 56  6 19  72 11 96   4 10 17  95  3 33  89
 6 44  50  9 43  49 12 78  13 11 36  60  2  8  99  1 12 105  8  4 85  5  8  77 14  2  97 10 78  22  4 43 74  7 27  73 13  9 111  3 16  83  0 17 104
10 81  23  2 32  66  4 38  71  0 83  16 14 32  63 12 74  12 13 76 31  1  6  63  8 17  76  5 28  70  9 76 30  6 66  44  7 19 101 11 27  83  3 77  35
11 49  54  4 74  16  8 35  54  6 11  69  2 81  20  7 72   9 14 76 27 12 49  44  5 67  37  3 29  46  0 52 39  1 33  65  9 72  32 13 54  43 10 19  94
14 96  15  7 73  31  2 39  57 11 69  31  0 42  50  4 77  34  9 95 10  8  5  82  5 37  68  6 56  19 10 21 90  3 65  67 13  5 106 12 40  75  1  8  79
 0 11  80 14 44  29 11 32  45  4 43  46  2 10  95  6  5  92  5 62 35 13 15  97 12 92  15  1 79  32 10 30 74  7 29  55  8 21  85  9 58  43  3 29  85
 2 22  65  5 83  18 13 55  54  8 95  16 11 42  51 12 42  74  6 62 38  4 12 115  9 82  31 10 52  31 14 41 49  7 40  46  0 86  24  1 28  97  3 48  50
 1 64  38  9 68   1  4 14  64  5 70   5  2 63  30  0 33  84 13 82  6  7 55  38  6 17  83 11 51  56  3 96 22 12 27  65  8 79   4 10 63  38 14 28  66
 6 89   4  4 80  34 11 98  17  8 54  46 10 75  43  7 97   0  5 40 76 13 62  42  3 98   5  1 38  58 12 70 41  2 39  58  9 23  80 14 12  87  0 94   6
12 21  66  2  8 104  6 80  71  5  2 106 14 66  32 10 33  59  8 22 79  0 21  58  9 70  20  7 14  95  1 32 58  4 70  26 11 78  30 13 46  24  3 38  63
14 17  92  9 22  71  5 57  66  1 60  49  0 68  29  3 86  25  6 31 58  7 16  93  2 75  35 13 65  27 12 46 65 10 56  66 11 75  50  4 99   8  8  6  94
 9  4 104  4 75   1  1  8  51 14 35  85  7 67  23  6 88  31  0 40 63 10 90  10 12  9  81  5 99  20 13 93 13  8 39  68 11 59  39  3 90  12  2 69  34
 2 34  64  5 61  25  8 88  40 12 54  39  0 95  13 10 22  65  6 47 63  9 91  10  4 53  52  3  7  76  1 94 31  7 14  88 14 70   2 13 40  73 11 31  74
10 28  73  3 90  25  9  5 112 14 85  17 13 83   2  5  6 124  2 69 36  0  6  96  4 57  55  6 87  37 12 93  3  7 75  12 11 70  26  8 86  29  1 68  24
 7 25  75 10 44  50  9 54  35 14 94  14  5 35  96 12 62  35  8 63 29 11 51  57  3 59  33  2 68  20 13 85 11  0 48  61  6 64  22  4 40  82  1 75  22
 7 29  48  0 42  69  2 56  27  3 94  20 11  9  85 14 31  93  5 80  8 12 52  31  4 53  37  9 82   1  1  8 87 13 32  66  8 94   8 10 94  30  6 32  56
 9 39  82  2 12  99  6 34  81  8 24  71  7 41  78 12 85  27  0 74 24  3 46  60 14 30  74 13 89   3 10  2 89 11 87  18  1 57  87  5 84  11  4 34  82