50 20
 8 48  62 19 40  51 17 54 31 15 71  35  1 52  52  2 70  36 10 41  38  7 76  19 13 52  64 18 24  61  5  5 125  6 43  56  3 68  40  4 10  87 14 49  58 11  9  92 16 81  26  0 30  60  9 93  35 12 17  62
12 85  16 11 18 109  3 54 56 16 42  61  1 41  50  2 71  34  9 68  47  8 82  20 18 54  38  4 49  52  0 21  84 19  1 118 17 58  46 15  1 108  5 69  20 10 58  53 13 40  40 14 59  23  6 66  41  7 29  77
 8 33  81  6 34  62 15 77  9 14 42  37  3 95  20  7  2 102 19 71   9 18 73  26  1 19  62 11 25  71  4 45  49 12 88   9 17 19  84 13 40  76  0 42  60  2 17  91  9 81  35 10 72  28 16 70  22  5 67  35
12 51  53  9 41  56  5 74 22 16 97   4  0 26  67  2  4  82 13 25  70 18 12 102  6 17  65 11 76  15  1  6 100 19 79  35  8 49  54 14 39  74  7  1 103  4 27  79 15 44  95 10 75  26  3  1 108 17 18  81
 1 22 102  3 99   2 13  7 82  4  7  93 18 72  14  5 24  71  6 19  59  9 81  25  7 23  82  8 72  46 15 50  44  0 95   8 14 31  71 10 67  43 12 67  41 19 22  67 16 12  76 17 28  75  2 68  32 11 88   2
16 52  58  3 51  64  4 44 50 14 38  84  1 64  35  2 11 111 10 62  41  9 20  78  5 54  43  0 15  99 18 83  35 19 79   6  8 55  45 17 48  69 12 38  59 15 37  56 13 42  59  6 81   6  7 89  10 11 60  35
19 82  49  4 43  56 15 57 49  0  1  82 12 89   8 13 11  98  1 41  66  7 50  44 18 68  45  5  2 104  9  4 110  3 65  43 16 20  68  8 56  69 11 46  68  2 36  60  6 33  76 14 56  42 10 13  83 17 50  67
 9 45  51 10 11  98  8 63 49  4 59  65 14 69  37  5 39  54 15 44  82  7 61  78 18 67  50  6 72  20 13 74  38 19 59  88 17 16  95  2 26  84 16 90   5 11 66  24  0 56  32 12 47  30  3 95   1  1 39  69
 9 92   2 13  2  99 15 88 14  7 90   5 18 45  42  2 88  11 11 90  14 19 94  22  1 34  48  8  1  85  0 81  29  4 64  27  3 70  27 12 55  47  6  7 105 16 33  60 14 21  75 17 35  80 10 62  40  5 61  23
 6 89  56 11 21  61 17 61 60  8 18  75 16 77  35  7 20  87  0 42  51 14 59  26  4 79  10 15 12 105  2 56  43 13 14  87 18 21 108  1 43  63  9 89   1 19 31  58 10 71  44  5 92   7  3 47  70 12 71  17
13 61  28  4 84  27  7  3 94  6 73  43 15 35  69 11 36  63 10 79  18  9 88  16  3 54  54 17 96  23 16 22  87  5 70  29 12 10 105  1  4  80  8 76  41 18 40  67 14 85  20  0 84  13 19 93  27  2 65  13
 3 68  58 10 72  22 14 74 27  0 97   1  7 63  31 12 33  64  9 96   3 19  4  84 11 63  51  5 31  85 18  1  86  1 98  19 13 39  50 17 65  34  2 72  22  6 20  78  4  7  99 16 63  14 15 33  83  8 26  80
 0 41  65 10 65  50  2 34 85 18 71  19 14 19  74 12 49  58 13 87  24  1 61  50  3 79  26  9 61  67 17 29  73 15 22  63 19 74   6  4 68  36  5 60  56  8 23  56 16 82  33  6 33  71  7 94   4 11 42  51
 6 17  70 11 40  92  9 40 75  8 28  64 15  6 107 17 62  38  0 83  40  4 95   9 14 44  44 10 91   1 12 79  23  2 39  67 13 68  34 18 79  21  5  1  97  1 20  53 16 96   8 19 62  37  3 62  38  7 70  46
 1 39  48  9 89   4 16 37 45 17  7 109 15 84  21  2 60  15  5 61  39 10 73  13  8 64  46 14 73  15  7  3 115 11 75  43 13  3  96  0 48  64 19 74  24  3 67  41  4 39  51 18 32  75 12 69  22  6 25  76
11  9  98 17 83   6  5 30 98  1  3 121 12 31  81 18 93   1 10 86  12  9 49  66  2 34  74 15 91  16 16 56  54  6 80  40  7 33  85  8 77  16 14 35  60  4 63  54  0 72  11 19 46  62 13 22  91  3 73  14
 3 21  71  5 46  67 13 33 44 16 54  26 14 22  97 11 64  67 17 20  83 12 76   7  7 77   4 18 97   3 15 28  71  8 54  29  2 81   0  0 95   4  9 81  17 10 72  12  4 80  34  6 75  12 19 18  68  1 81   1
16 52  39 13 30  57  8 38 73 17 70  55  5 22  87 10 15 100 18 66  52 12 26  43  1 55  37  4 34  89 14 13  87  9 65  11  6 87  17 11 38  73  3 85   1  7 89  15 15 77  15  2 22  90  0 67  21 19 44  53
 4 63  18 14 95  14 15 18 81 19 94   2 17 73  40 18 51  44  1 35  76  9 57  72  8 38  63  7 65  25  6 69  27  5 60  19  0 90  10  3 68  41 16 32  77 11 40  46 10 11 105 12 75  25 13 97   7  2 51  45
 9 68  57 15 37  73 13 39 58  4 13  88 14 76  19  8 77  19  3  6 112  2  6  92  5 53  35 18 41  82  7 72  62 16 71   2  6 46  53 11 24  82 10 46  54  0 50  33 17 12  80 12 39  68 19 92  23  1 54  37
18 93   2  2 95   3 17  8 86 16 27  71 10 53  47  8 75  28 12  3  95 19 42  49 14  5  98  1 24  75  6 73  22  5 88   1  0 57  54  7 20  82 11 99  10  3 39  50  4 74  24 15 75  33 13 44  62  9 24  76
 8 83  17 17 14  79 11 66 41 15 96  12  3 11  86  6 36  71 16 20  79 13  5 100 12 72  24  2 38  72 19 79  27  9 10  78 14 27  62  4 27  68 18 90   4  1  8  75  7 83  30 10 10  96  5 61  59  0 69  51
11 22  89 17 56  11 10 54 35 19 50  33 12 51  55 18  9  99 16 15  99  5 36  64 15 20  87  4 79  19  1 51  61 13 84  12  2 40  93  7 59  43  0 48  39  6 27  72 14 65  58  9 44  63  3 40  56  8 83   7
18  5  92  7 75  52 15 43 53  9 17  78  3 10  85 19 92   0 16 22  74 11 36  76  5  7  87 13 71  22 17 77  33 10 70  57 12 10 106  0 24  77  1 78  25 14 77  17  2 56  26  4 42  38  6 16 100  8 48  35
 4 37  63 17 96  11  6 81 23  2 12 121 18 92   1  5 86  14 12 63  40  7 88  11  0 28  89 14 57  66 11 58  51 15 23 113  1  4  92 19 95   7 16 80   1  8 12 108  3 82  29  9 53  50 13  5  77 10 75  53
 6 58  21  1 59  25 15 65 58  2 78  24 18 68  33 11 50  39  7 38  60 14 97   4 10 72  17  4 94   9  0 59  41  3 42  51  9  5  99 13 19  80 12 27  74 19 54  42 17 69  44  8  2  75  5 56  43 16 51  61
15  4  95  6  7 103 18 36 77 17 35  61  0 80  12 19 95   3  1 51  72 14 59  17 16 93   9  9  5  89 13 61  39  4  4 112  5 43  58  8 30  81  2 93   6 12 76  31 11 42  78  3 99  17  7 30  84 10 46  67
 9 88  17 17 75  31 10 81  1  6 40  40  3 61  39  0 94  38 12 78  24 18 24  78 16 19  89  7 44  61 14 96   0  4 23  65 13 90  10  1 94  21  8 80   7 19 97  16 11 24  89  5 44  32  2 54  52 15 52  51
13  5  80  4 99  19 17 60 35 14 87   2  5 64  24 11 36  57  8 78   0  0 32  63  9  4  85 18 18  98 12 26  76 16 87   9  2 74  28  6 26  88 15 90   3  3 45  63 10 35  78  1 54  51 19 27  71  7 23  65
 2 93  33  4 95   1 10 11 71 12 14 104 17 99   4  5 86   9  7 41  54 11 26  48 16 50  17 15 74  52  3 21  75  9  6  96  0 67  34 18 87   4 19 46  73  6 84  31  1 11 107 13 89  43  8 89   4 14 66  48
 9 50  32  2 71  15 15 71 30  7  5  67 11 60  67 17 29  57 14 17 124  6 29  77 12 98   8  3 61  37 19 87  13  0 58  55 10  6 131  1 60  43 13 84  13  8 92   1 16 23  91  5 25  79  4 23  54 18 57  65
17 75  30  4 60   5 19 77 14 15 48  29  0 87  13  3 52  45  6 98  16  2  8  88 12 55  29 13 97   2  1 55  26  8 68  18 16 59  52  7 90  22  5 50  44 10 98   3 14 57  45 18 43  58  9 72  27 11 35  75
13 46  74  6 22  70  4 11 79 12 49  71  5 34  69 10 30  57 11 79  42  8 72  37  2 77  22 18 47  63  9 55  30  3 63  21 14 58  33  0 89   4 17 71  16  1 94   4 15 95  27 16 13  83 19 97  19  7 46  45
15 25  86  2 98  29  3 71 49  7 68  45 13  8  72 16 72  62 12 57  34 14 39  59  8 83  16  4 17 106  5 90   1  0 31  77 17 81  30 10  6  94  6 97   2 18 98  37  9 82  47 11 82  26 19 52  48  1 82  37
15 42  59  8 77  13 10 71 16  1 19  81 18 80   9 11 31  82  0 66  33 17 90  35  4 18 110 12 15  59  3 76  14 19 58  44  5 92   8  2 34  45 14 66   0  9  8  91 16 65  27  7 67  32  6 84  15 13 42  68
 4 41  70 12 42  57  3 69 30 18 81   3 10 95  15 19 16  80 17 45  61  6 52  50  2 48  52  1 35  65  0 72  44  5 80  18  7 81  19  8  4 105 11  3 101 14  4 100  9 96   6 16 53  28 13 14  55 15 80  31
16  6  77 17  6 102  9 12 94 19 86   9  7 26  96  1 52  55  6 70  34  8 93   4  3 81   4 13 31  73 15 89  32 12 99   5 11 99  15  2 71  59 14 74  34  5  7  94 18 43  47  4 86  43  0  1 110 10 93   1
12 44  80  2 54  52  0 36 77 13 40  55  4 68  47 16 49  52  7 45  38  3 58  46 18 44  63 15 65  42  5 72  61  9 65  38  6 53  59 10 48  62 11 90   1  1 98   5 19 60  29 14 71  19 17 27  70  8 48  59
15  9  90  1 16 109  2 56 32 16 27  72 12 50  58 19 57  28  0 55  63  8 87  10  9 44  95  5 47  45  7 29  82 11 82  12 18 80   4  4 43  73 10 75  12  3 10  84 13 70  25 14 38  69  6 28  95 17  2 114
 7 29  77  0 91  30 12 85 19 10 51  46  1 86  24 18 34  62  8 73  41  5 12  85 19 14  67  3 51  42 11  1 112 15 38  42  2 74   1 16 92  42 13 60  57  6 43  73 17 36  46  4 23  52  9 82  10 14 30  71
11 21  77  2 97  22 10  4 95 17 85  11  7 21  59  4 55  31  6 34  74 19 62  25 16 78  28  8 11  95  9 34  69  0 17  79  1  3 114  5 43  73 12 38  50 15 44  55 13 45  47 18 17  73 14  3 102  3 83  13
15 29  58  8  6 105  7 45 46  5 15  90 19 60  31 17 29  73 18 97  30 14 91   7  6 13  92 16  8  85  3 50  55  2 46  65 10 72  40  9 86  28 13  7  91 12 30  31  0 28  70 11 13 115  4 27  75  1 42  78
 4 38  42  3 10  79 12 93  0 19  6  61  7 72  28 11 38  57 15 73  65  0 88  18 14 44  32  9 66  40 10 79  31 18 47  72 13 61  32  5  6  97  2 64  32  6 18  90  8  2 100 17  6  75 16 91  48  1 37  49
 2 21  64  7 20  95  4 51 60 18 96   2 17 51  35  1 42  81  5 52  71  8 37  63 13 85  17  9 18  70 15 44  53  3 60  60 12 68  45  6  3 114 11  6 110 16 20  92  0 81   8 19 96   4 14 30  49 10  9  97
13 16 100 14 54  82  1 53 20  2 57  55 16 46  68  0 84  22 11  1  95 19 76  17  6 26  87  7  7  97  5 69  20 10 88   9 15 29  63 12 73  50 17 32  54  9 51  39  4  4  69 18 74  31  3 75  32  8 75  44
 0 27  70 16 54  45  3 90 23  7 25  60  2 97   9 17 68  11 19 14  76  4 54  63 12 29  61  8 14  73  5  8  84  6  1 115 14 60  61  9 13  86 18 16 104 10 41  53 13 81  22  1 35  52 11 18  99 15 79   1
 6 56  59 13  7 104 12 31 52  9 55  31  2 85   5 19 35  60 14 82   1 18 63  30  4 35  68  5 54  30 10 52  65  7 77  30 15 82  49  8 94  17  3 81  29  1 25  72  0 24  85 11 56  51 16 23  53 17 79  25
 8 33  57 14 50  76  7 22 68 10 70  43  9 59  40  6 51  48  0 80  32  2 84  32 16 47  40 12 88  39 13 27  82  5 18  80 19 34  46 17 47  36  4  4 118 15 41  55  3 56  61 11 42  41 18 26 111  1 66  46
 3 31  51 10 83  11  7  9 87  0 34  58  1 62  29 13 83  20 18 61  39 17 41  70  8 58  41 14 96  12 16 87  28 15 18  97 11 56  10 19  2  96  5 95  19 12 21  80  4 51  56  9 13  69  6 31  91  2 96  31
15 62  26  5 95  14 18  8 88 19  3  73 17 27  64  9 19  87 12 36  53 14 97  27  1 87  15 11 62  31  2 86  16  7 21  78 10 37  52  0 11 102  4 11  88  6 67  51 16 84  38  8 34  74  3 48  61 13 97  10