50 20
18 54  62 12 96   6 17 96  10  4 62  55  5 71  48 11 42  52 10 62  29  8 93  23  9 98  12 13 10 77 15 54  65  1 13  78 16 37  51  7 61  45 14 92  11 19 90  29  0 59  46  6 64  24  3 96  13  2 64  24
13 84  31  7 93  18  2 22  94  6  7  88  5 83  26  8 56  60 12 94  11  0 52  19  9  6  97 15 85  5  1 38  50 19 82  16 18  3  86 10 94  22  4 32  74 11 17  89 14 66  30 16 79   8 17  9  79  3 34  57
10 67  29  7 69  23  1  5  87 15 14  98 18 53  46  2 12  69 14 17  99  9 93  28 11 28  63  5 57 36 19  9  91  3 78  13  8 19  53 13 62  56  6 50  65 16 85   0 17  3 117  4 57  39 12 95  15  0 75  11
10 99  17 12 16  72 18 84   7  2 51  81  9 84  18 13 18  83  8 21  67  5 54  32  4  8  89 19 38 52  3 80  28  6  4 104  0 81  14 14 26  70 16 48  39 15 51  46  1 93  11  7 76   5 11 32  74 17 50  38
 2  9 105  7  5 117 14  2 114 19 71  47  1 60  36  5 98  11  0  3  86 15 26  98  6 60  54  4 57 48 16 55  42 17 47  59  8 45  55  3 47  36 11 79  34 13 58  17 18 99   1 10 90  15 12 21  89  9 78  10
 6 90  28 19 92  30 17 96   2 10 44  54  3 88  32 15 79   6  2 78  14 13  3 120 11 17  69  1 11 86 18 34  65  0 15  91  8 46  42 16 47  57  9 90  12  5 58  66 12 95   6  7 33  90 14 57  15  4 91  12
 0 25  79  2 99  30  4 17  84 10 64  12  3 83  25  7 62  39 13 46  64 15 21  81 12 98   2 18 50 51 17 56  44 14 57  29 11  4 116  8 66  42 19 55  56 16  3 121  1 14 101  6 10  86  9 24  78  5 93   8
16 94  22  0 18  85 10 70  57  6 92  14  4 34  61  7 29  98  9 65  59 13 19  68 19 85  35  5 55 36  2 44  46 17 87  32 12 59  35 18 34  82 11 86   7  3 72  37  8 28  86 14 62  15  1 22  85 15 35  86
19 88  13  8 10 129  4 40  58  9 96   2 18 46  78  7 48  53 10 74  23  6 82  17 11 91  13  1 45 44  2 85  32 15 53  60 16 76  17  5 33  79  0 67   3  3 63  33 17 44  51 12 82  19 14 51  68 13 47  47
 1 45  70 17 16 107  3 63  24  5 16  80 11 86  33  4 74  25  9 58  38 18 39  36 19 50  25 16 28 75 14 50  30  6 68  45  8 39  28  0  6  97 10 35  73 15  6  89 12 13 122  7 26 102  2 15  95 13 56  56
19 24  86  3 83  17 18 53  53  7 60  65 13 67  22 16 78  32 10 19  74 11 51  48  0 14  71  1 48 41 12 57  47 15 52  71  8 92  21  6 49  44  9 74  34  4 82  16  2 32  80 14 63  47 17 91  19  5 68  32
12  7 107  4 77  42  8 97  22  1 98   7 11 20  87 16 56  35  5 66  39 13 57  73  0 54  49  9 58 33 19 20 103 10 30  50 15 77  26 17 68  32  2 63  30 18  6  99  6 63  41 14 67  40  7 23  55  3 26  82
18 76  34  6 81  13  3 33  85  4 35  75 14 85  34  0 29  50 11 10 112  5 52  39 10 11  89  1 21 94 12  1 104  9 96  10 13 45  45 15 31  71 17 43  62  2 11  94 19 47  55  8 41  52 16 69  26  7 53  84
10  3 111  7 52  56  1  3 105 19 85  45  9 34  80  0 26  94  6 75  18  3 92   1 16 83   9 12  8 98 14 79  25  4 69  25  5 58  34 15 67  40 17  1 141 18 79  34 13 64  31  8 49  56  2 57  49 11  4  97
 2 30  76 15 19  71  1 31  65 19 44  64  9  2 100 10 17  71 16 82   9  7 14  70  3 82  37 12 95 38  8 25  80 18 67  12 11 75  42  0 41  86 14 92  11  4  3 105 13  6  95 17 22  64  6 34  52  5 20  73
 1 16  95  9 62  38  4 49  67 16  9  94  2 45  62 11 41  91  7 23  94  3 43  44  0 35  59  5 42 81 15 88  20  8 19  93 14  3  86 10  8  80  6 96  10 17 27  58 13 30  76 18 37  46 12 19  86 19 28  56
10 19  77  2 64  67  1 75  22 17 20  82  8 99  17  0 85  34  9 56  43 16 98   5 14 35  71  4 70 42 12 44  40  7 16  88  6 25  61 11  6  90 15 10  95  5 23  93 18  8  93 13 98   9 19 25  67  3 99  17
 8  1  87 11 24  84 19 43  39 12  5  93 15 31  56  9 54  37 10  1 114 14 47  46  2 67  50 18 62 53 17 24  66 16 36  72  7 94   1  6 16  82 13  8  92  4 56  52  1 16  75  3 18  73  0 49  44  5 69  20
10 97   8 19 89   7 18 71  27  5 87  22 14 78  22  0 85  21  1 18  62 11 19  65 13 20  72 15 96 24  9 50  50 16 66  19  4 53  42 12 70  32  6 48  25  7 20  95  3 41  55  8 93  18 17 91   1  2 51  44
 6 90  33 10 29 105  5 25  42  9 68  38 11 18  97  7 47  85 13 82  14  1 35  70 17 28  96  4  9 97 15 45  59 12 60  53 14 64  31 18 32  86  2 16  89 16 26  73 19 47  29  0 33  74  8 89  21  3 39  71
10 79  17 15 62  39 12 25  94  7 47  80  2  4 109 11 14 105  8 41  71  5  8  84 14 91   6  1 70 62  9 27  88 18 90   9 16 73  16 19 59  33  3 21  94  4 67  57  6 77  28 13 55  54  0 54  35 17 41  73
19 39  55 13 64  65  9 55  21  2 81  23  6  6 133  7 73  29 15 17  75 10 44  42 11 27  77  8 57 67 17 15  73  4 33  85  1 16  80 18 38  69  3  1  86 14 61  34  0 11 112  5 56  78 12 65  37 16 47  72
12 48  52  8 56  54 18  7  99  2 34  62  1 59  30 11 65  53  6  1 110 19 65  39  7  8  92 16 19 99  3 31  88 14 57  35  4 67  49  9 57  50 17 94  11 13 32  64  5 49  38 15 31  67 10 72  47  0 68   9
18 65  24  5 11 100 10 82  43 14 50  69  2 39  67  4 56  22  9 58  53 17 59  38  8  5 113 19 33 70 12 81   8  6 93   3  1 46  40 11 23  85  3 80  24 16 24  91  0 13 120 13 10  82  7 36  69 15 43  83
11 60  60 19 32  69 15 37  70 17 13 106  3 56  55 16  6  81  0 74  45  7 83   2 10 50  71  1 60 41  6 12 111 13 90  22 18 59  48  2 32  65 14 72  24  5 76  18  8 87  27 12 25  50  9 23  68  4 64  47
 4 24  71  1 78  23 12 44  63  7  5  83 10 87  25 11 60  32  9 53  42 19 18  68  6 91  16  2 67 54 18 59  22 17 81  21 14  8 105  0 16  82  5 94  28 16 94   9  8 47  77 13 26  82  3 73  33 15 69  38
18  8  83  2 74  32  8 93   8  3  9  86 11 82  29  0 87  15 14 40  45 12  6  97  4 70  38  9 83  5 17 86  33  5 90  15  6 77  22 10 13  88 19 65  43 13 21  72  7 83  21 15 58  29 16 95  38  1 48  55
16  7 109 17 93  10 13 75  49  1 82  19  5 34  61  7 28  97 14  8  81 10 32  72  0 63  51 19  5 97  6 27  65  2 90  37  8 32  43  9 15  93 12 52  37 15 63  39 18 11  69  3 96  27 11 25  49  4 22  83
 4 73  20  1 73  31 10 33  67  6 73  20  8 19  63  9 48  66  2  7  98 12 74  34  7 77   3 17 48 46 11  5 107  0 47  57 14 38  68 13 73   7 19 83   8 16 24  76  3 80  30  5 80  17 15 41  75 18 26  83
 9 50  50 17 34  69  7 95  11  8 44  66  2 31  85 11 80   3 14 59  39 13 53  17  3 24  96 15 18 90 10 37  80 19 72  36 18 72  37  1 73   8  6  6 102  4 86  38 16 17  82 12 13  84  0 89   5  5 24  71
 2 95  19 12 99   3 11 35  48  8 55  38 18 67  14 17 54  70  7 15  90  6 25  91  5  2 112  1 60 58  9 35  83 13 14  88 19 14  65 14 37  76 16 82  34 10 37  50  3 47  33  0 28  60  4 37  48 15 21  92
16 24  93  4 23 113  1 68  47 17 13  88  7 98  20 11 67  44 18 58  29  0 81   4 14 62  61  9 11 72  8 99   4  6 75  14 10 41  56 13 23 102 15 13  99 12 35  79  5 73  36 19 35  51  2 71  37  3 28  51
17 87   7  7 39  40 14 66  33  9 67  51  4 91  15 13 71  20  2 48  55 10 17  99  8 12 111 15 95 29 11 86  27  6 71  12  3 19  96  5 49  46  0 63  43 12 66  59 16 69  29 18 73  30 19 87  21  1  8  83
 6 69  30  1  3 109 12 11  67 18 76  28  7 57  31 19 55  35  5 36  85 10 95   3 11 63  39 16 78 11  0 72  23  9 28  90 14 53  47 15 10 100 13 86   6  3 13  81  2 53  52  8 14  71  4  4  85 17 52  59
 5 67  24 18 59  68 19 84  18 17 50  48 14 91  19  4 93  13  0 53  58  8 56  57 10 30  91  2 98 11 12 53  48 16 74  41  9 60  20  6 46  48  7 57  76  1 23  98 13 27  61 11 49  39 15 54  55  3 47  34
15 99  14 14 82  22  9  3 102  8 61  25 16 92   8  2 67  55 18 66  37 17 81  30 19 62  48 12 41 73  7 77  27  3  9  96  1 56  58 11 80  24  4 90   1  0 68  28 10 81  10  6 58  48 13 86  42  5 59  34
16 76  13 15 77  29 19 23  73 14 29  79 18 25  50  3 44  59  2 15 103 10 17 100  5 96   7  8 64 34  7 71  18 13 22  62  6 87   2 17 73  25  0 72  47  4  8  89 12 67  58  1 92   5 11 61  26  9 97   8
 1 92  18  2 47  54 12 95  12 11 55  67 15 78   1 19 58  55  0 36  50 10  1 127 17 23  92 16 71 26 18 47  48  9 76   1  6 34  74  5 95   1  7 25  76  4  4  66  3 91  18  8 22  68 14 51  39 13 53  62
 9 57  47 19 61  47  2 39  69  6 22  77 11 60  54  3 90  12 15 54  53 16  2 107  4 83  34 13 73  3  7 36  56 12 68  21  8 99  17 14 68  43  0 61  56 18 76  40  1 88  18 10 15  74 17 96   8  5 80  16
12  6 106 16 59  31  3 99   8  5 30  69  0 73  15  9 56  39  2 39  57  1  9 103 11 80  34  8 87  8 10 74  10 18  6  86  4 55  56  6 39  74 14 39  58  7 42  59 15 78  36 13 37  56 19 66  37 17 37  68
11 11  88 19 83  39  3 83   7 17 87  34  7 34  57 18 45  42 14 78  31  5 13  70 16 59  58  4 93  3  8 16  91  6 85  18 12 76  30  9 54  42 13 91   1 15 93  14  2 13  95  1 56  33  0 10  87 10 99   8
 6 26  76  1 45  66  8 80   8 11 44  68 19  9  87  2 28  76  5 70  40 14 95  33  3 40  71 12 20 89  7 63  58  0 44  67  9 63  43  4 73   8 17 59  38 18 82  24 16 41  75 13 87  22 15 89  14 10 29  76
 7 64  27 12 89   8 17 62  55 19 30  69  6 13  99 11 64  58 15 42  68 10 39  67  9 89   9  3 89 11  5 57  63 18 62  66  8 99   7 13 55  70  2 40  61  1 94  11  0 25  75 16 34  80 14  4  90  4 65  43
16 58  48 11 99  14 14 16  71  8 46  31  4 72  27  5 40  57  3 48  61 15 15  71  2 14  91  0 15 82 17 39  63  9 17  84 18 52  39  6 43  51 19  9 103  1 73  36  7  6 123 13 65  54 10 58  55 12 13 100
16 19  89  3 72  37  9 80  12 17 48  83 14 79  42  0 71  50  6 29  55  5 14  80  8 19  84  4 27 81 19 92  44 12 97   9  2 99   1  1 74  19 13 69  37  7 20  63 10 40  67 18 41  28 15 95  17 11 39  76
11 63  35  3 25  43  8 74  31  9 40  84  2 14  71 14 98  21 17 26  71  0 55  64 18  9 139 15 92  3 10 67  66  7 99   2 19 48  43  6 20  93  4 87  21 12 55  56 16 65  40  1 66  39 13 10 101  5  4 129
 7  2  88  9 89  24  2 99   2 11 89  26 12 73  41  1 12 103  6 78  24  3 57  73 16 38  59 13 17 57 14 64  17 10 80  34 17 47  57 15 76  21  0 99  29  8 72  24 19 31  65  4 52  32 18 49  54  5 76  18
13 45  44 17 22  56  1 11 116  3 99   5  2 65  22 15 96  14 12 95  24  5 47  68 10  8  99 11 57 51  6 60  34 14 38  51 18 71  30  0 70  48  8 98  23  4 57  53 16  4 108 19 31  89  9 73  10  7 56  44
 5 28  87 10 26  75 16 47  55 15 77  40  9 89   4 11 82  22 12 94  25 17 41  57  7 89   8  1 74 15  8 95  47  4 44  36  0 60  45 14 88   6  3 61  66  2 99   4  6 36  56 13 49  64 19 41  76 18  1 120
 1 16  73  7 71  36  9 49  45 13 25  86  2 62  56 12 98   5  6 63  36  0 79  29 18 29  87 19 82 20 10 84   6  4 76  25 17 85  27 11 18 109  5 78  21  3 18  64  8 87  33 15 65  54 14 10 108 16 78  29