50 20
 0 35  81  1 73   9 11 56  54 17 28 108 10 81  17  7 82   4  5  5  84 13 48  42  3 36  56  4 37  59 19  9 108  9  8  71 12  9  74 14 20  78 15 78  10  2 77  25 16 31  68 18 44  62  8  9  78  6 40 59
 3 41  72 16 26  75  5 27  70  7 31  47 10 62  18 11 20  61 14 17  73 18 55  55 13 57  53  1 21  81  8 61  42  9 63  39 19 17  80 12 14 101  0 59   4  2 91   7 15 54  64  4 64  45 17 21  70  6 47 47
 6  4 117 11 92   5  7 75  26  2 21  84  4 21  86 12 98   6 14 32  66  5 41  49  0 29  66 13 42  62 10 71  13 18 90  10 19 69  30  1 87   1  8 71  41 15 18  74  9 41  58  3 78  36 16 60  19 17 85 22
13 72   7  6 21  57 19  8  84 16 55  73  2 86  14  3 17 111 10 98  34  9 71  40  7 18  83  1 86  32  0 84   4 14 88   3 12 97  20  5 75  44 18 70  22  4 67  53  8 36  45 17 11  90 15 97  10 11 55 70
 8 88  20  0 15  84 13 29  71  7 51  61 10 82   7  4 66  11 16 26  80  6 70  53  1  7  96 17 87  15 15 81  40  3 76   9  2 44  34  9 27  79 19 88  32 18 34  70  5 70  30 11 62  38 14 44  78 12 67 30
 7 26  58 12 24  53  0 87   7 17 48  44  3 55  46 15 68   4  4 54  60 13 83  23 14 17  63  6 50  49 16 87  22 19 18  76 10 83   7  1 32  45 18 71  53  9 72  27 11 95   9  5 39  66  8 37  53  2 21 71
15 80   2  7 31  13  1 20  62  0 51  50 18 32  91  5 21  59 19 12  97 10 79  25 12  1 106  6 93  17 17 80  30 14 60  33  3 17  67 11 78  30 13 87  17  4 64  26 16 47  49  2 66  23  9 64  18  8 47 47
19 59  29  2 10 110 16 80  11 14 46  61  5 62  45  6 40  70 15 68  44  9 26  50 17 54  42 11 50  62 10 61  18  3 77  10 12 40  72  4 94   7  0 36  52  1 67  42  7 59  30 13 55  56  8 15 100 18 71 39
13 36  71 15 72  41 12 53   3 19 91  14  4 65  48  0 98   1  3 60  36 18 60  36 10 62  57  1 52  61 17 39  46 14 13  79  5 44  58  7 69  33  6  3  86 11 97   8  8 65  33  2 16  87 16 57  15  9 65 35
 5  8  94  0 99   7  6 34  71 10 43  28  1 38  88  3 49  32  2 86  34 11 91  12 18 14  78  7 87  26  4 45  32 17 12  68  9 45  64 15 14  69 16 58  51  8 27  82 13 68   7 12  5 115 19 47  67 14 61 52
 4 79  10 11 51  49  9 41  61  3 51  32  1 41  91  2 44  45  5 50  72 16 17  68 10 26  63  8  2  99  7 16 117 13 25  64 18 38  51 15 17  88 17 89   2 14 83  35  6 59  49 12 45  48  0 37  60 19 23 72
11 97  24 13 90   4  1 92   6 10  3  85  0  2  81 12  9  92  3 70  10 15 15  77  5 38  43  9 48  60 19 12  78 17 10  79  4  9 106  8 76  20 14 27  71 16  8  79  6 44  58  7 81  33 18  7  96  2 80  9
 7 45  45 19 13  90 14 50  81  3 30  57 16 85   7  4 81  31 11 32  73 17 64  33  5 11  53 15 70  12 10  1 104  9 93   5  0 54  21 18 13  91  6 30  71 12 17  65  1 16  65  2  3 105 13  2  84  8 19 51
 9 57  49  8 81   6 10 19  85  2 46  60  7 40  58 12 39  76  5 63  26  4 92  15 17 60  44 14  8  68  3  7 122 16 39  59 18  9  94  1 54  57 15 68  54  6 21  69 19 66  27 13 52  58 11 54  17  0 21 78
14 66  47  0 66   9  1 48  44  8 81   6  2 30  69  6 81  35  3 46  52 12 95   7  9 22  80 16 85  11  4 57  60 19 83   2  5 48  46 15 94  13 13 11  82 18 61  35 11 92  10 10 49  59  7 83   2 17 91  9
16 28  88  9 14  91 19 65  22 12 17  76  6 97   7  0 57  53 17 33  46  2 96   4 13  3  99  4 32  81  7 70  43 18 78  20  5 30  90 11 68  11  8 92   1  1 48  52  3  9 104 14 75  35 15 31  64 10 75 10
15 25  55 10 32  67 11 11  66 18 22  72 14 72  15 17 88  43  5 50  19 19 19  50 12 34  65  6 87  10 16 80  43  1 12  72  7 26  68  8 78  14  3 63  49  2  3 112  4 97  12 13 27  69  9 25  77  0 21 58
 6  1  93  9 39  35 18 20  82 16 62  25 12 71  24  1 41  55  2 70  18  7  8  90 19 11  86 11 66  38  4 75   2  0 67  37  3 32  74  5 74  35 10  8  81 14 44  44 17 94  34  8 61  19 15 18  90 13 99 12
18 56  22  7 47  28 12 11 114 17 43  50 19 57  45 11 27  69  5  3 104 15 54  75  3 40  58  8 86  17  0 40  48  6 30  70 16 55  52 13 48  50  1 37  74  2 14  96  9 49  30  4 59  76 10 15  93 14 99 21
13 72  31 15 11  97 12 90   3 14 18  80  5 81  17 18 44  53 11 79  23  6 77  23  3 20  76  8 86  13  2 58  38 17 44  76  4 32  56 16 33  80  0 37  67  7 92  24 10 95  17  1 77  28  9 97  18 19  8 88
17  9  74  4 37  67  2  7  56  7 38  41  1 10 107  5  4  87 15 75   9 18 54  34  0  2  88 11 15  88 10 95  12  6  4  97 19 37  20  8 19 100 14 56  38 13 44  72  9 60  29  3 90   6 12 46  45 16  7 97
 8 33  80 13 58  32  1 88   4  9 49  45  2 50  66 10  3  88 14 44  64  0  8  85  3 82  29 12 72   0 16 99  11 18 50  28  5 57  30 17 19  94  7 12  81  4 84  22 19 69  17 11 14  68  6  8  75 15 10 95
16 37  56  5  9 113 11 91   5 12 92  15 17 17  99 18 68  33  8 34  78 19 81  12  3 26  87 10 99  22 13 72  23  1 15  91  4 93   9  2 24  74  9  2 102 15 73   2  6 34  58  7 42  65  0 12 101 14 99  1
13 78  18  1 98   7 11  9  84  0 15  87 16 97   3  3 86  25  7 88   3  5 22  83 14 31  81 17 59  29 19 70  29 18 42  29 10 42  68  4 65  38  6 18  77 15 50  42  9 28  88  2 57  67 12 87   7  8 57 45
19 51  52  2 34  73 14 97   5  7 83  34  3 15  74 17 68  24  6 87  25 10 78  21 15 57  74  9 37  67  0 61   7 16 51  20  1 93  12  5 35  57 18 57  52  4 49  72 13 42  53 11 12  97 12 76  17  8 17 72
11 33  50  9 65  38  5 62  35 18 11  88 16 36  82  1  4  96  2 97   8 17 22  80  8 76   7 12 17  67 10 82  24 19  6  90 15 96  28 14 37  81  3 26  65  7 89   9  0 41  66  6 57  52 13 23  58  4  9 84
13  6  86 15 89  43 11 61  55 14 16  80 12 42  63 18 20  83  1 30  60  4 57  54  9 66  18 10 83  21 16  7  87 17 21  77  3 96   1 19  7  88  7 31  45  6 99   6  0 14  81  2 85   7  5 57  45  8 15 81
 7 45  80 17 79  18 16 88  27  6 58  41 14  2  92 19 13  72 18 21 113  1  8 107  2 37  70  8 71  37  5 99   3  4 49  56 10 57  19 11 95   3  9 19  87  3 73  30 15 64  24 12 64  54  0 55  45 13 85 32
18 51  46 15 22  74 16 11  88  9 82  21  6 90  10  8 41  60 17 88   4 19 33  63  1 91   6  0 99   3 11 69   9  7  6 120 14 33  69  3 25  97 12 31  66 10  7 107  4 38  47 13 46  60  5 41  58  2  8 85
 9 20  65 12 96  12  4 88  14  8 49  58  6 24 110  3 89  29 11 24  81 14 66  24  7 69  30 15 42  54  1 92   9  2 62  31 10 48  57 13 95  11 17 28  48 19 43  67 16 71  39  5  9  91 18 53  74  0 31 60
15 44  58  1 99   9 17 49  61 11 47  36  7 60  37  3 12  86 18 22  62 19 49  66  4 40  69 10 24  71 13 51  40  2  2 111  5 63  20  8 99   6  6 75   6  0 52  52 12 59  58 16 16  77 14 24  79  9 55 45
14 67  16 19 73  38 17  3 106  9 72  49 18  8  86 11 70  16  1 73  18  4 59  37 16 91   4  8 69  30  5 46  43  7 31  92  0  6  95 10 35  49  2 37  20  3 93  19 13 42  76  6 89   7 15 34  78 12 25 80
 9 31  73 17 26  91 12  7  83  3 67  28 11 25  96  2 43  64 15 23  65 10 31  78  0 28  22 16 57  57 14 42  48  1 16  87  5 10 105  8 26  84 19 50  37  7 69  39  4 35  60  6 18  84 13 18  82 18 77 23
 5 95  10 16 10  89  2  7  68  0 88  12  8 78  48 12 62  26 11 93   0 19 23 102 15 94   2  4 22  60  6 85  10 14 73  12  7 59  11 18 12  66 17 58  25  9 93  10  1 47  62 10 73  46 13 90  29  3 18 49
14 82   3 15 93  26  3 10  93  7 46  63 11 13  93  0 57  22 12 30  58  6 20 121  1 71  20  8 41  71 13 35  54 19 35  81  2 52  64  4 90   5  5 18  86 18 80  11 17 29  71  9 17  75 10 74  38 16 90 18
13 39  66 17  7 107 18 15  97 14 49  51 10 34  66 15 50  52  5 48  66 16 77  13  1 26  81  3 27  63  9 78  50  7 38  71 11 76  17 12 40  57  0  2  91  2 40  65  4 92   8  6 73   9 19 86   6  8  6 82
17 47  47  2 28  69 19 21  82 15 80   6 18 46  46  5 63  37  9 76  28 16 20  72 13  5 101  0 57  33  1  9 105  7 71  31  3 34  71 14 27  69 12 87  12 10 24  67  6 63  46  4  6  98  8 66  44 11 65 60
11 52  43  4 25  52  5 67  15 12 53  41  3 97  26  2  8  89  6 23  84 16 84   9  0 74  31 10 75  25  1 18  94 15 53  35 19 31  65 18 66  30  8 49  68 13 51  50  7 29  74 17 52  57  9 34  89 14 44 51
19 39  69  6 17  73  4 48  69 17 93  13  2 97  18 18 79  25  3 87   3 13 40  62 12  2  79 15 97   9 14 47  30  7 47  37 10 45  39  8 65  57  9 29  79  5 96   4 11  8  89 16 42  40  1 74  17  0 18 72
 8 37  53 16 83  31 15 30  73 12 92  11 18 87   4 17 51  11  4 91  12  0 39  60 11 64  13 19 65  13 14 48  57  6 68  13  5 42  68  1 10  81 13 86  30  3 96  33  9 98  21 10 35  62  7 51  50  2 48 57
10 98  11 17  2 105 13 60  44 11 23  86  6 52  30  2 84  31  9 38  54 12  3 107 15  1 112  0 46  73  7 44  82  5 83   1 14 68  39 16  9  92 18 32  46 19 19  66  1 67  41  3 10 102  8 12  65  4 99  8
 0 68  10  3 38  57 14 90  20  1 38  74  9 58  25 18  9  74  5 88   0 11 63  20  8  9  97  7 35  47  6  4 105 15 13  70 16 54  54 12 94   0 17 89   9 10 79   6 19 74  38 13 31  64  2 70  41  4 97 13
 8 90  11 14 18  90 16 91   5  4 52  52 11 51  58 18 84  28 12 53  51 19  8  81  2 90   3  5 87  16  9 32  74 15 21  94  7 67  41  0 13  77  6 60  33 13 75  31 17 38  85  1 36  62 10 19  83  3 68 14
 6 46  53 15 67  15  7 80  26 16 62  62 14 43  27  9 65  10  3  9  90 18 31  70 11 66  40 17 42  68  0  6  78  2 43  36  1 47  58 19  9  90 10 30  63 13  6  86  5 73  31  4 20  85 12  1 107  8 12 91
 9 76  18 10 36  67 11 91  16  6 72  18  4 61  31  3  8 115 12 78  13 13 56  13  5 24 114  0 20  86 18 12  88 19 51  43 14 61  42 17 91  21  2 17 114  7 13  66 16 74   7 15 63  24  8  9  93  1 84  1
 5 71  31  7 11  74 17 72   2 18 40  62  8 73  36  1  9  88 12  7  78 16 88   7 19 19  84  4 15 112 10 45  28  3 54  25  0 86  11  9 38  82 15  9  96 14  7  87  2 74  13 11 80  18 13 75  37  6 80  4
13 38  70 15 91   8 10 72  11 18 44  53 14 31  82  9 89  16  7  4 119 19 83  12  5 57  46  3 63  31 16 70  31  4  3  95 17 12  87 12 44  41  8 83  21  1  7  80  2 32  93  0 36  71 11 26  70  6 49 60
 7 60  39 16 88  25  5  3  78  2  4 107  9 56  28  8  1  71 15 95  30  3 31  69 19 54  40 18 20  76 13 51  43 12 88  16  4 82  36 14 68  28 17 69  21 11 15  84  0 72  23  6  3 106  1 59  30 10 43 66
12 92   9  9 88  17  6 40  61 16 47  48  3 80  41  8 23  73 15  7  99  0 98  11 11  2 124  5 90  26 10 74   4 18 23  80 17 93   5 19 94  17 13 41  55  7 49  58 14  2  76  4  9  79  2 83  16  1 84  2
15 84  13  8 68  48  5 77  19  9 54  45 13 45  55  1 70  18  6 34  49 14 64  19 18 55  68 12 66  19  3 16  84 19 11  78 16  9  77  2 79  17 17 54  39  7 23  65  0 63  55 10  1  95 11 91  11  4 50 71