50 20
 9 62  39  6  3 110  3 77  30  2 45  57  7 42  56  1 77  39 15 42  63 17 78  22  0 20  65 18 81   5  4 39  49 11 91  44  5 13  77 13 53  54 19 30  61 10 95   0  8 82  17 16 70  21 12 37  47 14 55  49
 2 56   8  6 90   2 13 21  60 14 43  44  8 12  99 18 94  21  7 81   0 11 58  42  9 20  97 19 83  14  1 41  59 15 84   7 17 16  57  5  6  82 12 64  28 16 63  27  0 16  84  4 12  74 10 93  21  3 39  51
10 95   9 11 15  73  4 51  73 19 53  30  9 67  14 12 53  64 18 26  77 17 40  40  2 13  60 16 39  58  7 59  14  3 90  12 13 45  16  6 36  58 15 33  58  5 76   5 14 13  97  0 72   3  1 42  46  8 56  59
 9 51  42  0 82  15 13 63  36  2 66  35  3 21  78  7 66  49  4 72  29  6 35  79 16 74   8 10 60  33 17 92   3 15 28  70  8 89   7 12 58  29 19 38  53 18 14  75  5 89   9  1 17  54 11 88   1 14 14  83
11 25  64  9 38  80  5 10  66  6 71   9 10 80  33 19 41  88 17 76  15  1 92  21 15 86   7 16 33  87 14 42  48  4 90   4  2 18  61  0 17  62 12 91   8 18 24  61  7 96   5 13 82  24  3 77  15  8 83  15
 4 48  75  8 21  85  9 71  31  3 94  17 15 64  26 19 67  23 12 21  84 17  2  90  0 58  54 13 38  69  6 12  85 10 11  87  5 63  47 14 27  69 11 92   1  2 64  20 18  9  99  7 50  39 16 55  53  1 15  80
 4 33  73  2 99   7 10 49  41 19 66  33  1 77  41 16 88  17 15 42  63  8  8  56  0 64  36  5  2 111  7 86   8 18 72  18  9 26 102 17 86  14 12 51  17 14  1 121  3 40  65 13 33  50 11 74  35  6  6 100
10 45  55  9 83  32  2 54  25  7 19  65  5 70  23 11 16  98  3 74  62 18 27  57 12 84   1 13 13  95  8  6  98  4 97  13 19 47  34 16 87  18 15 31  72  6 34  55 14 37  53  1 76  16 17 31  62  0 37  59
16 62   3  4 96   5 14  7 111 18 84  51  6 70  27 19 31  65 11 35  49 15 37  83  8 99  11 17 64  33 12 53  42  0 39  53  1 67  25  9 20 103  2 15  98 10 53  54  3 83  48  7 25  49  5 65  17 13 78  30
12 96  19  6 24  88  2 88  17 11 61  60  3 10  85  5 77   6 15 46  37  7 49  80 10 91  17  1 41  46 18 37  43  8 69  27  0 37  69 19 85  26  4 14  70 17 34  45 16 83   2  9 30  96 14 37  51 13  4  95
 5 29  69 18 44  31 12 55  48 10 51  73 17 49  43 14 43  59  6  1  79  7 32  72  8 99   4 16 49  60  3 84  10  1 53  66 13 57  58  4 40  70  9 10  83 11 58  20 19 78  17  0 27  73  2 34  67 15 32  65
16  5 114 14 97   5  3 37  60  2 63  29  7 66  38 10 40  77  1 95   6 13 51  22 11  8  72 19 35  53  0 63  45  9 17  88  4 88   8  5 15  78  6 33  40 18 11  91 17 10 135  8 84  17 12 55  61 15 28  60
 6 20  74  0  7  85  9 23  89  5 24  66 14 11  76 18 38  67  3 56  51  8 73  25 11 22  73  2 29  74  4 12 105 16 86   7 12  1  93 19 23  69 13  6  86 15 45  37 17 70  31  7 25  65  1  1 108 10 79  29
 1 58  12 10 62  29 14 55  35  7 79   0  0 55  42  6 27  97  5 77  34 18 13  97 12 53  43  2 31  99 13 11  78 15 81  20 16  7  83 11 94   7  9 11  94 17 84  16  4  5  96 19 67  14  3 19  56  8 24  78
 8 74  20  3 26  76 19 90   7 13 73  39 18 28  63  5 16  81 16 30  78  6 69  35 11 43  74  7 48  34 10 67  12  2 91  23  0  3  98 12  1 113 17 93   1 14 52  39 15 41  59  4 31  81  1 54  30  9 57  46
 9 58  36  6  1  87  4 92  33  0 83   8 18 99   8 14 64  38  2  7  89 19 22  40  3 29  59  5 48  39 17 70  22  7 69  23 13 60  41  1 51  41 16 59  32 11 19  54  8 25  47 12 67  47 10 67  20 15 71  10
15  5  80 10 46  45  4 19  76 11 67  31  0 41  48 16  8  58  5 51  35  7 11  89  2 67  34 18 68  10 13 46  51 19 16  86  1 18  91  3 12  85 12 11  87 14 11  81  6 67  25  9  2 108  8  5 102 17 99  24
11 47  45  6 35  60  1 57  26  9 69  30 15 99   4  0 16  93 16 91   0 10 36  63  8 14  72  3 58  36 13 10 105  5 91  32  7 64  56 17 44  73 18 79  12 12 66  36  2 31  69  4 10  89 19 56  35 14  7  82
17 45  63 16  3  88  0 57  51 14 44  58  6 34  77 13 27  44 18 74  42  7 88   1  4 32  53 19  4  85  1 98   8  3 25  48  8  7 103 15 73  14 12 46  45 11 14 105  2 66  41  9 87  23  5 55  24 10  6 106
 5 66  24  3 28  37 18  4  89  0 69  10  7 44  61  2 58  56 11 86  26  6 64  38  8 16  76  4 19  77  1  9  81 14 25  68 16 26  67  9 64  43 12 45  56 15 10  96 10 95   4 17 99  11 19 46  45 13 79  25
19 30  59 13  9  80 12 37  31  2 85   1 11 69  12 18 22  78 17 23  72 15 97   9  6 50  70 16 36  67 10 12  81  9 10  69  7 43  75  1  1  99  3 33  67  4  7  76 14 15  78  8 45  35  0 28  85  5  3  88
14 44  53  6 59  55  7 92  13  1 31  84 13 69  50 11 53   6  2 63  31  3 94  10 12 74  30  4 53  32  0 67  68  8 24  73 16  9  83 17 31  58  5 84  12 10 50  44 19 19  79 18 78   0  9  3 118 15 39  75
15 46  59 12 11  86  5 59  20  9 27  65  1 79  21 13 86  28 14 51  49  7 47  30  4 22  83  6 16  88 11 24  61  0 80  18  3  5  85 16 57  46 17 79  28 19 42  40 10 46  46  2 99   1  8 49  68 18 54  41
14 18  94  3 37  54  0 18  51 18 76  21 19 30  80  8 88  10  4 69  23  9 19  71 13 29  65 11 41  45 12 58  25 10  8 105  6 37  67  1 17  75  7 23  88 15 94   3 17 92   1  2  1  93 16 79  14  5 34  61
18 29  64 16 85  17 10 91  15  1 43  38  4 65  35  2  6  91 19 69  24  9  4  83  8 94  31 12 72  23  0 76   8  5 83   6 13 21  70  6 45  65 17 10  81  7 84  10  3 50  33 11 74  20 15 39  60 14 55  36
 5 67  16 17 76  42 10 91   9  4 69  23  0 13 106  9 72  51 18 98  27  8 16  89 11 79  41  3 38  71 16 76   1 15 70  17 19 30  47  7 85  15 14 93  15 12 39  50 13  3 106  1 39  63  6 88   9  2 87  29
 9 90   1 18 78  19 19 61  37  4 61  43  0 34  81  8  4  72 17 52  73 12 59  27 13 20  42 10 29  71 16  6  73 14 60  47  1 93   3  6 95  22  2 55  31 11 12  81  3 92   9  7 22  60 15  2  93  5 91   0
16 63  34  0 85   7 12 76  12  8 72   1  1 40  39 13 42  66 10  4 107  3 66  47 19 63  42  6 81  19  9  8  86 18 61  30  4 33  53  2 98   4  7 94  44 15 98   1  5 35  60 17 90  20 14 59  31 11 27  96
 4 95   4 12  5 116 14 91  10  7  1 103 18 52  33 17 87  33  0 56  50  6 83  25  1 54  29  9 15  62  8 55  40 11 10  91 19 20  85  3 73  34 10 59  22 13 30  51  2 14 103 16  6 117  5 48  44 15 28  78
 4  3  97  3 93   8  8 12  97  1 66   8 17 19  44  9 85   8 14 66  29 11 96  19  5 74  21 15 73  30 10 21  76 16 62  58 18 91  35 13 97   5  2 61  48  0 62  41  6 95   2 19 13  64  7 33  86 12 62  25
 6 54  73  7 68  24 11 44  69 12  4  87  5 62  24 19 86   1  9 85   8 18 42  50 10 55  66  1 69  52  8 67  53 17 71  33  3 79  31  0 66  40 13  1 100 14 12  59  4 66  31  2 94  10 16 41  54 15 43  26
18 23  65 15 25  68 17 21  66 12 15  62 16 64  32 19  6  81 10 96   3  8 68  52 14 58  43  9 75  25  3 66  41  1 57  15  6 85  42 11 56  27  2 24  68  0 34  39  7 64  41  5  1 118 13 82  26  4 71  59
 3 42  43 16 97  16 19 65  41 13 51  27 11  1  96  9 16  70 12 74  23  4 54  56  5 87  29 15 38  53  2 48  54 10 54  42 14 44  15  8 51  57  0 48  59 17 74  13  6 82   4  7 59  59  1 46  61 18 60  63
 5 60  56  2 50  21 13 86   8 17  7 116 16 10  89 12 12 104 11 50  35  8 67  27  9 65  39  1 41  79  3 47  78 10 59  39 15 43  58 19  1  91 14 97   4 18 67  38  7 81   0  6 34  81  4 27  79  0 39  71
 2  7  75 14 52  60  7 81  19  0 58  37 11  4  95 18 53  51  6 86  20 10 32  83 16 54  34  4 38  52  9 71  19 19 43  56 12 58  49  1 56  61 15 63  33 13 73  27  8 54  49  3 56  51 17 34  82  5 35  52
 9 99  17 18 31  42 17 90   9 11 67  32 15 73  32 16 74   6  6 69   0 19 29  63  1 92  18  2 86  17 10 90  12  5 72   3 14  5 106 12 21 101 13 11  59  4  3  76  3  3  69  8 29  55  7 27  62  0 39  60
 4 75  16 14 71  46 18 89  11  7 31  70  6 39  57 13 70  35  5  5 102  9 60  27  0 13  93  3 32  82 11 22  82 12  1 114  2 56  62 17 53  19  1 84  22 10 47  68 15 91  13 19 85  23 16 14  87  8 10  95
 5 56  65  8 94  15 17 47  53  9 81   7 10 21  81 16 84  27 13 98   5  7  5  93  2 76  26  6  6 115 18 62  45 19 40  48 15 58  69  0 18  80 14 97  12  4 89  10 12 18  75 11 48  27  1 44  52  3 48  48
18 45  60  8 55  61  9 13  89  3 15  74 16 96   4 10 19  89 11 18  81  4  5  82 17 62  56  0 76   9 12 61  43  1 14  79  6 22  76 15 23  57  7  3  90 19 80  11  2 92  10 14 86  18 13 87   9  5 23  83
 1 10  92 11 70  25 15  5  95  7 38  73 16 42  55  4 64  25  3 99   9  0 28  73 13 30  96 10 82  35  6 92  12  9 64  20 14 36  42  5 56  63  2 11  99  8 78  34 17  2  97 12 18  99 19 32  69 18 54  46
11 88  13  6 82  18 13 27  49  9 53  27  7 42  61  0 53  85 15  6 102 16 80   6  8 55  32  4 95  22 12 83  18  5 66  44 14 11 109 10 69  18  1 89   5  2 79   5 18 50  35 17  7  75  3 31  65 19 46  45
13 30  82 15  6  81  3 64  32 18 33  47 14 41  61  1 35 103 11 92   8 16 65   5  8 54  20  7 68  40  9 52  52  0 13  68  4  6 104  6 36  68 12 75  33 17 59  39  2 41  51 10 97  14 19 24  47  5 77   2
12 70  29  3 46  48  9 32  85  5 34  52 13 67  24 19 10  98  4 32  51 17 32  74 18  5 100  6  4  99 14 41  52 11 13 109  1 24  58  8 13  83  7 14  75 16 85   7 15 36  45  2 18  83  0  1  60 10 23  48
 5 43  64  4 33  49 17 16 103  9 91  12  3 87  14 16  5  80 10 74  20  2 43  76  0 81   7 13 23  47 14 54   8 11 83  31 12  5 101  6 68   7  1 45  67  7 85  16 18  7  98 15 44  48  8 90   5 19 97   0
 8 64  28 18 98   2 16 47  38 19 16  44  4 76  15 10 50  27 13 61  12  3 62  39 14 88  11 15 37  69  2 89  20  5 18  72  6 38  70 17 10 100  1  1 118 11 36  53  9 10  68  0 41  60  7 52  45 12 55  30
14 78  26  1 89   1  5 76  16 17 50  50 15 89  26  6 68  15 12 48  56 10  1 100  3 77  13  7 99   1  9 46  53 18 50  49 11 81   7  4 18  69 13 60  31  8 65  46 16 37  39  0  8  91 19 47  50  2 31  78
15 56  54 10 65  49  9 15  72  3 13  78  2 40  40  8 46  45 12 74  30 19 34  68 17  1  90  0 56  51 13  2 102  4 96   5 16 12  97  6 17  77  1 20  70  5 19  62 14 46  43  7 97  19 18 75  23 11 73  25
10 11 103  1 86  35  3 80  25  7  8  76 14 72  35  0 15  98  5  8  77 11 77  28 15 24  45 12 78  18  4 53  35 17 29 101 16 13 102  6 66  29 13 64  38  9 58  39 19 19  80  8 18  76 18 45  47  2  5  97
12 97   8 17 73  23 18 13  98  2 34  47 11  5  96  9 84  25 10 60   1  0 22  74 15 40  61  5  3 111 19  8  92  7 64   3  8 23  74 16 66  58  6  3 100 13 35  48  3 61  45  1  7  91 14 32  83  4 44  38
 0 33  67  7 16  83  9 52  64 18 72  50 19 54  35 14 67  27  6 71   2  8 41  56  1 55  55  4 32  64 17 41  32 12 27  84 10 54  26 13 72   4 16  1  89  2 14  80  5  5 107 11 13  82  3 85   9 15 20 104