50 20
 7 32  55 15 13  93 11 32  74  5 51 37  9 74 26 16 73  36  0 48  47  8 13  90  1  6  82  4 59 39 14 33  72 18 18  87 13 85  47 10 13  67  3 57 36 19 82  24  6 71  17  2 32  76 17 75  16 12 50  73
15  6 111  0 64  19  2 34  51  5 60 36 12 49 45 17  3  91 10 59  34  4 47  60 11 15 105  1 77 27 18 24  96  3 78  18  9 71  19 14 19  99 19 65 36  8 88   7  6 23  67 16  2 121  7 32  73 13  5  89
15 69  23 11 26  86  8 30  67 17 90  6  3 43 61  7 17  99 12 23  53 13 62  47  2 17  88 16  4 44  4 18 101 19 70  12  9 19  70 14 15  84  0 17 81  5 84  24  1 54  27 18 17 106 10 55  16  6 81  14
 6 23  53 16  7  88  1 49  50  7 94 19 11 75 52  5 56  59 14 92   9  4 58  57 17 32  92  2 88  5 19 39  28  3 59  58 18 13  85 10 14 104  9 49 28  0 53  50 13 18 111 15 13  95  8 56  34 12 35  56
13 11  77  8 59  33  2 77  21  0 20 78 19 60 48 11 33  71  9 16  74 10 13  93  7 72  23  1 35 50 17 36  69 12 92  21  6 31  80 14 92   7 16 53 57  4 89   2 15 70  31 18 21  64  5 37  71  3 12  93
 9 69  22  5 55  34 14 23  67 17 81 23 12 43 53 11 62  53  3 17 107  0 95  13 13 39  88 10 29 72 18 21  96  1 95  14  8 62  18  7 41  78 16 74 16 15 75  39 19  7  99  6 99  20  2 58  43  4  8  93
15 11  91 12 84  15  4 17  96  2 87  7 14 45 47  5 68  51 16 10  73 18 10  86 11 14  96  8 86 17  7 90   1 10 94   3 13  9  99 17 76  23  0 75 22 19 62  34  1 61  40  6 23  78  3 96   2  9 99  17
10 88   4  0 84   1 18 41  50  1 81 25 16  4 81  7  6  79  8 72  18  3 98  21 13 70  52  6 27 81 15  9  94  9 45  50 19 51  49 11 84  26 14 92 14 12 41  50  2 20  94  4 19  75  5 62  16 17 29  40
 7 52  45 14 25  67  0  6  99  6 91 10 12 12 98  1 79   9 11 26  77 19 80  10  8  6 117  5 16 79  3 84  33 18 33  98  2 13 108 10 64  73 13 61 34 16 41  72  4 77  27  9 31  77 15 74   0 17 67  42
 0 60  43  7 95  17  5 20  54  8 99  9 14 30 97  1 48  57  4 11  95 15 55  48 12  7 117  2 55 44  3 17  98  9 79  38 10 18  59  6 59  33 18 22 74 11 26  66 16 35  96 19  1  86 13 25  75 17 40  54
 6 21  79 10 14  95 14 63  38  7 63 15 11 89 35  0 19  94 19 84   4 15 85   5  4 26  78  9 78 33  5 53  28 16 98  13  8 23  63  2 84  14  1 53 57  3 47  63 18  2 100 13 98   8 17 58  37 12 62   2
12 17  96  4 52  65  1 12  76 15 60 32 19 21 52 16 10  86 17 18  74 11 30  86  6 57  54  2 65 45 13 31  55  8 18 111 18 95  43  3 88   8  0 41 64  5 92  19 14 75  28  7 18 108 10 87  21  9 56  35
 1 36  53  5  6 110 10 93  11  4 57 65  9 28 59  2  9  97 16 93   3 19 18 104  7 38  79 14 53 40  3 88  46 11 99  25 17 11 113 12 86  56 13 75 19  8 87   3 15 16  67 18 29  80  0  9  88  6 53  59
18 70  36  2 59  39  7 33  77 17  8 73 14 80 32 15  8  90  4 58  30  3 97  10 11 96  12 19 47 61  9 36  46  5 29  61 12  1  84  6 13  84  8 17 69  1 34  71 16 34  64 10 34  60  0 65  13 13  7  97
 5 62  37 15 33  60 11 45  73 14  4 87 12 20 95 13 14  66 18 24  86  9 84  15 19 58  47  2 90 12 16 95   3  6 46  51  4 60  54  3 11  81  1 29 34  0 39  76  7 24  92  8 22  86 17 93   1 10 58  45
16 30  72 19 49  55  0 93   1 12 82 21 18 67 27 15 25  71  1 63  34  7 99  13 14  5 103  9 93 15 11 72  24 13 13 102  5 17  80  2 73   7  4  5 63 17 39  68  6 20  93  8 27  85 10 50  48  3 67  44
10 99  17 19 22  96 16 94  14  7 70  8  6 69 51  4 41  55 15 46  53  3 88  10 13 87  23 11 11 84  8 55  64 17 51  56 18 56  60  1 32  65 14 29 70  2  6  96  9 97  15  5 54  32  0 92   6 12 84  61
 1 92  18  3 29  64 17 58  53 18 91  4  5 18 84 11 15  78 14 22  54  9 79   1 16 18  75 12 95 19 19 14 106 13 66  28  2 47  62  4 70  23  0 90 15  6 60  17  8 79   5  7  6 116 10 60  40 15 57   6
 8  8  83 11 64  20 15 97  10  2 20 90  3 17 61 10  2  84 18 65  40  6 92   3  5 29  65 17 27 87 12 62  34 19 49  46  7 95   5 16  5 112  9 93  2  1 38  76  0 82   6  4 41  66 14 43  58 13 16  85
10 15  75 18 11  69  8 33  61 13 83 35 15 78 31 19 32  85  4 19  88  9 52  43  6 86  12 16 20 62  0  8 105  5 22  90  2 42  69 17 80  55  1 61 38 12 76  27 11 15  81  7 86  28 14 15  98  3 73  35
13 48  61 12 28  65  7 37  52  6 12 65 15 61 59 16 89   5 11 31  87  2 90  29  9 92  10 19 52 40 18 99  24 17 51  43 14 48  49  5 98  38  0 99 18  1 47  20  4 98  19  3 17  54  8 32  61 10 70  28
12 78  29  2 32  77  1 66  28  5 34 68  3 58 49 14  6 101  8 93  23 17 19  71 10 97   1 13 42 42  9 27  75 11 22  31 19 16  87 18 92  19  7 41 47  4 87   1  6 32  50  0 49  41 15  1  79 16 10  77
18 99  14  5 57  52 17 77  18  1 48 33 12 33 33 14 59  40  7 51  52 10 91  10  6 75  16 19 24 74  4 15  88  9 16  72  0 56  33 16 80  22 11 42 78 15 69  36  3 73  39  8 86   8 13 85  45  2 58  59
19 72  33 15 61  29  4 26  88  7 62 65  8 15 87  9 44  36  6  3 106  0  7  80 10 78  18  3 56 46 18 90   5 13 84  23  1 34  73 17 13 108 16 95 30  2 61  38 11 52  70 14 76   0 12 22  94  5 41  67
 5 24  72 15 16  86 16 13  83  9 88 28 17 92 11  1 17 102  7 27 103 13 23  81  6 10 106  0 88  6 18 88  14 11 43  68 12 70  42  4 74  29 10 84 13 19  5  81 14 36  72  3 71  47  8 68  31  2 69  30
17 58  27  8 70  16  5 26  80  0 59  4 13 19 73 16 87  21  2 55  51  1 12 100 19 49  41 18 41 63 14 87  10  4 52  47  3 85   1 12 39  83 15 38 70  7 21  90 10 49  28  6 16  65  9  8  82 11 85  40
12 48  33 14 40  66 19 65   1  2 92 11  5 11 87  9 29  46 17 68  36  7 70  47  3 21  78  0 49 55 18 42  76  1 67   1 13 40  51 16  6 108  8 39 82 10 29  64 11 41  70  4 82  16  6 93  11 15 19  59
 5 54  35  3 66  32 10 18  94  1 54 32 14 85 10 11 42  35 16 35  58 12 55  30  0 58  53  4 33 42 19 52  63 17 28  85  6 31  83  7 97   3 13 51 23  8 14  99  2 99   3 18 50  31  9 14  57 15 31  50
 3 77  15  6 11  70 13 61  57 18 44 54  2 20 69 19 39  56  5 21  76 15 80  19 11  3  96  1 44 64 14 13  86 17 73  32 10 96   5  4 69  37 16  5 57  8  2 110  9 73  17  0 74  33  7 30  82 12 42  56
14 93  11 11 85   6  0 73  18 12 76 18 17 33 66  1 93  16 19 98   6  7 84   0 15 83   4 13 54 69 18 15  79  4 17  45  3 33  31  2 82  37  8 52 38 10 72  33  9 37  54  5 95  31  6 45  39 16 50  34
 7 82   3  6 47  55 19 93  11 12 41 68  4 23 71  0 98   9  8 12  83 14 52  53  9 78  14 10 11 70  1  2 104 15 25  95 11  2  86 17 39  39  5 79 45 18 96  10  2 33  59  3 81   3 13 74  33 16 40  52
 6 66  26 14 36  54  5 12  93  0 88 13  3 83  1 17  4  98 12 84  23 16 68  51  9 27  72  2 65 41 13 90   3  1 73  34  8  1  87  4 44  60  7 27 56 11 96  22 19 73  37 15 12 101 18 27  41 10 22  70
16  1  84  8 41  77  4 53  34  1 29 67 13 75 14  0 17  81 11 53  72 17 83  30 12 62  35  3 93  2 15  5  98 19 94   7 18 25  77 14 65  52  6 68 35  2 44  51  9 16  72  7 48  27  5 58  72 10  7  97
 9  9  60  0 15  96 16 42  35 10 32 64 19 51 41  3 74   6  4 58  38  5 26  96 12 51  35  6 25 52 17  9  84  1 52  59  2 87  10  7 23  75 11 70 36 18 58  39 15 14  75 14 49  41  8 51  38 13 54  46
 9 85   3  5 14  98  1  8  68  8  8 75  2 50 61  0 94  13 11 11  91 14 87  22 19 44  38  4 35 66  7 69  34 18 62  34 10 35  59 15 55  52 12 77 12 17 92   9 13 89  34 16 20  91  6 65  44  3 13  97
10 80   1 11 79  18 14 32 102  7 35 58 13 67 34 15 44  73  9 37  57  5  7  77  1 93  21  2 73 53  4  6  87 16 77  26  3 77  11 19 84  19  8 12 79 18 48  49  0 51  58 17 73  33 12 89  18  6 27  66
12 65  31 16  1  95  9 29  69  3 60 32 13 55 14 18 47  41  1 69  22  5 88   3 10 62  57  7 22 64 17 44  57  2  3  92  8 56  34  4 75   2 11 80 23  0  1  96 15 65  45  6 76  29 19  4 106 14 66  29
 0  3 107 18  6  85 16 61  56  9 62 21 13 54 54  1 85  17 10 26  73  7  4  88  3 27  77  5 54 64 12 84  16  2  3 102  6  2 126  4 12  84 19 44 59 15 89  18 11 81  28  8 16  85 17 79  14 14 68  40
 3 15  74 11 34  53 18 70  23 12 90  0 15 47 63 17 72   7  0 25  78 19 57  58  4 20 100 13 80 32 16 88  11  7 44  79  9 78  30  2 79  47  6 53 52 14 42  66 10 64   3  5 84  14  8 15  96  1 42  52
13 29  70  6 54  44 16 11  89 10 93 13  1  2 85  9 86  16  0 81  32  7 23  62 18 99   1  8 49 72  3 98   1 11 78  28 15 14  91  5 25  51  2 74 40 14 94  12 17 91   3 12 32  98  4  5  90 19 69  39
 3 23  88  6 94  10 12 61  35 15 39 50 14  8 96  7 71  19 10 93  13 13 72  35 17 55  61 16 95  4  1 12  74  2 60  56  4 82  33  0 46  64  8 82 11 18  7  73  5 55  47 11 38  48  9 86  10 19 35  87
 6 45  77  2 56  39 19 10  98  5 49 42 12 77 24  9 43  59 10  8  99 11 66  45 16 31  62 17 74 32 13 93   4  0 49  71  1 57  23 18 23  55  4 26 52 14 97   1  8 94  16  3 71   7  7 23  64 15 97  14
 3 56  16 19 90  13 18 71  55 10 50 38  4 29 43  5 63  47  0  1  77 17 69  19  9 97   1 13 85 22 16 42  76  1 20  72 12 20  89  8  3 112  7 43 47  6 86  17 14 97   5 15 22  80  2 52  41 11 21  72
 8 81  12 16 12  67  9 71  19  7 39 58 10 99 20 15 70  64  3 35  60  4 84  12 18 22  86 17 47 42  6 64  33 19 98  11  2  7 104 14 12 107  1 75 21  5 64  46 12 86  16 13 27  79  0 38  65 11 10 103
 9 35  85  4  6 108  7 91   1 12 16 69  6 46 50 13 79  36 15 55  23 17 96   9  1 86   7  5 45 61 11 43  61  2  5 108 14 95   8  3 14 114 19 30 73  8  4 103  0 38  45 10 91  18 18  9  86 16 44  43
 4 20  63  1 65  48  7 18  74 19 21 83 17 13 71  0 74   2  9 44  37 18 39  68 16 97   7 10 24 74  3 33  68 12 14  64  2 43  52 14 17  87  6 80 28 15 73  23 13 39  62 11  6 102  5 14  79  8 43  76
15 61  37  2 83  41 19 46  44 14 71 19 16 25 68  9  8  87  1 81  24 13 60  42 10 14  59 18 30 62 17 10 106  5  1  98  0 61  20  4 53  36 11 20 71  7 19  75  3 15  91  8 12 111 12 10  81  6 35  50
16 36  50 14  8  89 10 78  23 12 32 94 13 93  7  7 31  54  8 11  93  9 41  64 18 12  67 17 10 82  5 49  35  4 19  84 19 99  29 11 73  23  2 95  9  0 38  50  6 83  15  3 11 107  1 25  58 15 37  72
11 37  55 14 90  13  0 80   2  6 26 84  2 42 51  9 34  59 15 67   8  5 59  33 12 81   7 10 74  8 16 17  64  3 41  50  7 27  86  4 72  15 19 37 40 18 82  31 13 78   8 17 76  30  8 59  24  1 14  81
13 47  63  7  1  87 11 10 109  0 88 16  1 38 42 19 83   2  9 83  18 17 99   5  8  1 103 12 28 74 18 61  31  2 62  35 14 76  10 16 43  67  3 29 75  4 83  24 15 97  18 10 60  66  6 29  50  5 73  41