50 20
10 75  23  5 50  67  2  4  94 17 34  57 14 36  50 19 69 34  1 52  41  4 44  74  8 42  59 16 12  77 11 50  42  3 12 101  0 71  26  6 89  19  7 31  56 12 14  99 13 13  78 18 53  37 15 43  95  9 43  70
 5 27  88 13 18  57  4 70  44  3 84  25 19  8  82 18 62 40 16 91  15  2 24  69  0 94   6 10 98   8 11 78   2  7 90  18  1  1  88 15 24  83 12 96  24 14 61  40  9 90  11  8 67  30 17  7 111  6 72  25
10 56  15 15 84  28 19 95  32  9 32  55 16  8  93 12 43 70  7 37  71 17 25  71  8 10 112  1 85  31 18 78  30 13 76  60  6 94   2  5 60  37  4 37  76  0 68  26 14 11 117 11 66  13  2 66  46  3 83   2
12 65  42 10 95   1  8 66  45  4  4 105 15 34  58 18 55 52 11 35  50 16 32  55  6 78  30  9 52  77  0 10  93  1 58  33 19  9 129  5 73  30  3 18  87 17 52  71  2 57  37 14 59  40  7 27  79 13 89  17
 5 31  72 15 81   0  6 45  77  7 21  96  3 74  36 17  7 95  9 43  39 11 35  75  1 23  67 18 63  26 12 12  94 13 92   8  4 78  28 19  9  84  0 30  59 10 22  67 14 19  94  8 70  14  2  4  95 16 17  77
17 53  42  9 51  45  8 35  67 14 11 125 10 55  41 16 18 72 13 89   9 12 91   4 11 16  85 15 82  29  2 84  41  3  4  82  5  2  76  0 95   9  1 17  75  4 92  40  6 81  33  7 22 102 18  7 109 19 58  62
15 92   1 19 47  59 18 10 100 12 47  52  2  4 108  3 75 47  5 41  78  0 51  58 14  2 124  4 73  17  8 52  46  1 38  74  7 44  38 17 23  81 10 31  68  9 90   7 11 90  10 13 81  31 16 75  40  6 84   2
 6 31  63  5 20  78 16 32  78  4 54  43 13 10 105  1 96 13  9  6 100  7 81  40 14 73  36 11 75  34  0 95  31  3 81  27  2 31  50 10 81   4 18 90   8 15 33  66 19 64  23 17 96  12  8 21  91 12  1 109
17 67  24  1 61  52  3 18 108  6 81   5  0 77  33  9 35 69 12 12 100 19 28  78 16 82  35  7 10  94  8 71  34  4 94   3  2 51  17 13 54  57  5 25 102 18 37  80 15 34  96 11  2  89 14 71  45 10 60  33
12 29  67 17 78  11  5 33  68 16 54  58  7 20  83  1 75 27  8 88  29  0 35  67 19 70  21  6 35  54  3 53  47 14 36  62  2 82  25 10 26  71 15 24  52  4 28  87 18 10  79 13 98  12  9 86   8 11  2  96
 2 30  72 18  2 116  0 96  13 19 66  30 10  3  92 17 81  7  1  4 102  8 53  41  7 12  96 16 36  69 15 61  42 14 78  24  5 25 101  4 75  40  6 44  42 13 12  81  3 81   1 12 23  75 11 41  65  9 87  10
 7 98  31  2 47  26 12 85  20  0 90  20 16 74  22 14 94  3  3 24  81 15 18  87 17  8  95  5 90   4 19 55  35  4 67  56 10 52  29  8  3  89 18 28  65  1 29  55 13 73  28  9 96  25 11 57  56  6 55  52
17 18  94  0 72  24 12 88  16  4 58  54  5  5  97  1 81 14 10 93  19  8 95  20 11 36  64 15 51  47  3 53  59 16 61  48  7 72  24  6 63  57 19 36  49 13 48  55  9 96   7 14 92   4 18 21  97  2 61  26
 9 55  54 15 45  74  4 91  25  3 24  81 18 77  10  1 71 58 16 12  98 14 91   1 13 68  39  5 55  31 19 88   7  0 76  30  8 89  12  7 14  64 10 92   9 12 64  36 17 66  38 11 13  85  2 48  43  6 57  36
 8 92   3  5 18  83  3 56  28 19 69  59  1 86  13  2 23 91 17 33  66 13 86   0  6 52  34 10 71  34 12 97   0 15  9 103 11 16  71  0 38  71  9 69  13 14 34  64  4 43  65  7  1  79 16 71   1 18 84   8
 1 59  46 15 50  32  8 11  74 13 21  86  4 47  53 12 52 37 17 78  19 19 72  32  6 86   1  9 28  43  0 81  11  2  5 105 18 29  46 14 36  36 11  7  87  5 68  22  3 28  80 16 97  17 10 49  74  7 93  10
14 34  63  9 20  87 18 32  78  6 90  12 17 59  27 10 53 36 19 92  16 16  1  76  4  8 119  5 10  98 12 10  95 15 25 113  0  8 104 13 53  63  1 25  78 11 79  12  3 85  34  8 28  79  7 10  95  2 33  77
 8 37  99 17 51  47  5 79   3 13  6  90  9 28  64 14 40 47  7 19 107 18 60  65  0 14  88 10 12  77  1 31  78  2 25  74 15 15  69 16 84   9  6 83  28 11 85  34  3 87   2 12 34  76  4 42  54 19 92  17
14 24  88  6  3 106  8 12 121 13 39  47 16  5 121  0 28 53  2 51  49  3 68  20  9 36  96 18  6  99 15 12  87 10 54  52 11 61  35  4 11  96  5 99   8 19 39  69  1 53  40  7  3 104 12 33  69 17 48  42
14 38  55  8 81  37  2 84  23  7 12  76 19 36  68  5 96  1 16 67  13  6 46  40  1 90  20 13 78  30 18 22  92 11 83  14  0 85  22  4 97  25 15 50  53 12 78  34 10 91   6  9 83  13  3 49  48 17 31  96
 9 10  98  5 42  67 19 29  82  3  1 113 11 88  12  4  7 74 12 11  85  2 41  53  8 51  81  1 40  69 13 90   0  6 20 101  0 42  58 18 40  50 10 25  86 17 31  90 14  8  82 15 86  22 16 84  17  7 25  94
18 12 102 12 70  55  0 93  15  8 77  13  2 18  62  1 13 85 16 70  18 15 35  70 13 97  11 14 50  66 11 32  71  4 88  11  7 98   9  5 37  84  9 82  34  3 53  48 10 21  80 17 93   6  6 60  51 19 93  24
19 14  76 15 85  22  0 21  65  7 25  90 12 72  45  4 38 61  3 43  56  6 68  63 10 38  66 17 18 106 14 35  50 16 49  55  8 99  30  2 48  35  9 87  14 13 11  83 18 16  87 11 96   6  1 36  74  5 84  27
17  6  80  9 23  72 10 97   7  8 72  10 11 32  90 16 77 21 19 35  67 12 62  29 14 15  95  6 72  21  1 48  84 15 34  54  0 51  67  7 24  63  4 71  25  2 18  72  3  5  99  5 37  80 13 56  59 18 13 106
 1 10 106 17 38  70  5 81  20 18 77  30  2 83  34  7 40 59 16 43  29 11 64  16 15 91   1  4  1  85  0 48  54 10 80  17  8 15 118  3 21  62 12 27  81 19 16  55 14 60  30 13 45  33  9 65  28  6 88   7
 0 20  57 17  4  95  9 79  40 15 87   8 16 27  62  1 84  0  6 20  98  3 46  40 12 91  12 10  9  98  8 24  72  5 98  12 13 28  91  2  2 106 19 76   5  7 22  82  4 88   3 11 67  26 14 32  69 18 37  63
 4 23  95 12  7  96  2 62  47  1 49  35 17 98  29 14 61 54  6 59  42 15 38  61  0 13  70  9  5  99  5 75  21 11 74  26  7 65  27 18 66  66  3 60  54 10 14 119 16 79  19 13 45  63  8 47  27 19 51  40
 1 23  89  6 45  55 13 96   8 19 35  45 18 37  61 11 34 70 17 29  55  7 12  74 10 89  25 15 69  33  4 74  11  3 52  50  9 98   4  0 17  73 16 86  20 12 76  17  8 96  10  2 66  32 14 86   9  5 37  63
 2 74   7  4 99  11 16  9  91 12  9  68 14 74  23 15 83 15  9  3  96  8 96  31 19 44  42 10 23  68 13  3 101  0 18  86  1  3  98 11 45  38  5 38  64  6 24 100  7 91   2 17 36  44  3 22  72 18 15  85
15 34  72  4 23  60  6 68  47 13 11 104 14 53  53 19 77 47  5 71  32  1 65  41 17 77  40 16 48  75 12 43  92 11 45  68 10 83  32 18  7  96  8 93   9  2 65  33  0 83  38  3  8  79  7  5  90  9 74  28
 8 40  93  2 15  79 15 30  83 12 90   5 10 62  49  3 15 75 18 13  99 13  3 105  9 49  38  0 90  22  5 55  43  7 65  12 19 85  31 16 87  36 17 24  97  1 61  48 11 50  73  4 48  53  6 77   2 14 21  62
19 42  73  8 91  11 10 70  30 16  8  80 18 45  51  6 24 83 14 63  60 13 86  24 11 16  92  9 68  31  2 57  49  7 18  85  3 60  57  4 81  17  0  3  84  1 17  90  5 68  24 15 97   8 17 42  53 12 54  47
15 87   1  9 95   7 16 25  78 10 61  29 18  9  99 13 30 64 11 84  21 14 21  96  6 88   4  3 83   8  1 72  36  4 86  30  8 20  55 19 73  31 17 39  63  7 71  32  0 52  61  2 37  34  5 72  29 12 40  74
 1 46  47 12 45  22 17 87   7  2 44  22  9 27  57 10 44 64 15 19  60 19 51  29  4 83  17 16  2  82 18 21 101 11 13  87  7 50  61  8 17 103 13 95   0  0 83   0 14 33  85  5 29  50  3 92  25  6 62  29
 6 22  63 19 73  16  2 35  44 17  4  98 15 22  62 12 99 10 14 99   6 16 65  47  4 54  24  7 72  26  1 59  23 11 98  21  5 44  54 13 19  97  9 23  67  0 95   8 18 87   8  3 69  44  8 68  23 10 57  16
 3 20  83  0 79  32  6 95  19  2  6  88 12 38  71 16 36 37  5 37  78  8 21  64 18 62  21  1 48  55 13 78   5  9 18  84 11 70  48 14 78  35 19  1  75 10 21  94 17 85  23  7 39  54 15 34  45  4 98  15
14 56  44  7 60  59  3 33  74  6 80  18  9 68   7  8 60 85 16 41  81  1 82   4 15 17  97  2 89  31 17 59  23 13 71  10  5 49  48 12 75  26 19 45  57 10 22  95 18 60  26 11 83  21  4 71  28  0 22  80
18 72  59 13 72  29 19 11 108  2 15  88 10 72  50  6 65 38  4 56  39 14 77  67 15 68  50  9 17  88  7 59  54 16 17  82  1 68  58  0 69  40 12 71  17  5 60   4 11 39  59 17 42  48  8 78  13  3 62  53
12 12  96  1 27  68 10 16  89  3 23  79  0 12 112 13 74 31  2 72  25 18 48  76 15 35  93 16 53  36  9  9  90  8 80  36  4 68  22  7 15  78 19 62  45  5 23  86 11 14 102 14 89   2  6 12  80 17 67  14
 7 74  34 12 53  25  2 76  19 13 97  22  6 71  31  4 81 31 17 28  73  0 70  60 15 67  36 19 26  92 16 97   3  3 11  84  1 77  40  5 56  17 14 62  32 11 41  44 10 50  38 18 40  44  8 35  64  9 79  26
 2 75  36 18  3  85  5 32  87 12 10  63  0 93  39  6  2 99 19 63  30  9  4 109  1  4  94 15 18  72 13 85   1 14 28  97  3 55  65 16 80  24  8 59  41 17 74  14 11 51  50 10 74  13  4 20 105  7 46  66
 4 32  76  2 77  11  8 49  38 11 76  33  3  6 113 14 93  6 19 57  30 10 11  68  9 69  42 18 35  50  6 59  44  1 20  99  5 22  76 13 13  98 17 35  60  0 99  22 15 95  16 16 99  16  7 74  22 12 96  14
 3 55  60 16 38  49 14 80  22 15 25  82 12 73  44 19 56 43 18 87  19  6 16  81  7  2  98  5 80  37 10 43  61  2 50  27  4 68  23  0 12 101 11 19  99  1 25  59 13 17  59 17 52  49  8 31  71  9 31  64
14 53  49  3 69  20  9 57  48 16 98  13  4 48  65 17 26 74  6 30  62 10 20  89  0 74  29 18 47  42  1 99  26 15 78  33  5 97  16 12 94  23 11 80   6  2 74  32  7 42  72 19  2 107 13 46  65  8 32 111
 9 54  25 12 14  77  1 96   6 14 39  76 15  1 115  7 98 21  8 43  88  2 57  41  6 29 102 10 76  15 18 36  62  3 58  39 19 93  24 11 17  78 17 38  81 13 81  21  4 74  39 16 20  83  5 39  51  0 98  12
 0 80  19 19 94   2 12 69  36 15 69  39 13 54  31  7 30 52 17 86   9  6 80  17  5  6  96 18 72  49  9 65  28  2 45  67 14 89   1  3 67  32 16  6  83 11 28  84  1 76  59  8 28  56  4 29  66 10 28  76
14  1 118 11 74  11  6  8  96  8 96   2  7 20  43 12  7 84  5 26  77  4 25 107 19 18  87 18 84  33 15 29  47 16 92  27  2 18  75  0 38  68 10 93  35 13  8  84 17 32  84  9 67  44  3 81  51  1 17  96
12 36  51 11 41  56 13 72   1 19 31  92  9 28  54 18 52 46  5 14  92  6 59  57  2 97  21 15 71  36 14 92   8  0 50  47  8  4 112  1 96  11  3  6  74  7 99   2 16  1  99 17 70  36 10 58  49  4 92  23
 6 24  82  1 81  23  9 84  11  5 57  63 15 59  62 11 94  5 10 31  76  7 98  10  0 37  68 12 64  38  2 69  23  8 56  47 14 71  42 17 23  71 13 30  66  3 97   0 16 86  20 18 29  70 19 16  67  4 75  49
 2 33  85 13 81  38  8 58  34 10 81  16 18  2 123  4 25 58  6 17  88  7  1  77  5 72  44 11 33  49 16 18  63  3 22  69 17 44  55 19 28  76  0 69  58 14 92  10 15 90  17 12 43  63  1 53  69  9 76  29