50 20
15 37  61  2 64  25 17 15  43 11 52 35  3 71  23 19 38  58  5 53  32 14 70  13  7 76   2 10 76  17 18 61  31  1 10 106 12 51  43  9 59  67 13 12  90  4 74  13  6 61  57 16 52  54  0 68  22  8 19  85
10 79  30 18 71  33 14 32  52  1 18 86  9  9 104  6 99  20  5 85  10 16 94  20 11 41  40 19  1 103  0 18  84  4 98   2  3  2  75  2 47  65 15 57  59 17 44  60  7 25  52 13 48  44  8 12  93 12 24  65
16 50  31 12 55  44  8 25  58  3 24 75  6 43  39  9 64  52 18 40  80 19 37  40  4 30  92 10 71  28 13 64  22 11 13  94  5 33  65 14 26  82 15 42  40  1 64  25  0 55  44 17 76  21  2 17  84  7  8 110
 8 31  61 12 22  95  6 38  49 19  9 73  4 84  20  5 68  29 14 35  85  2 94   5 11 79  32 16 79  15 18 40  51 10 39  42  0  9  85 17 36  70  9 82   4 13 39  50  1 33  76  7 43  60 15 86   4  3 74   3
18 17  69 16 73  28 17 55  50  3 30 94  8 28  79 14 35  64 15 72  34  5 30  46  1 50  33  9  3  79 19 84  26 13 72  29 11  4  84  0 73  23  2 54  26  6 15  83  4 64  27 12 43  29 10 10  90  7 80  31
 7 55  36  3 13  83 12 64  28 16 94  1 10 89   3 18 21  74  6 31  86  4 82  13  9 54  68 19 16  78 15  8  76 11 99   9  0 70  22 17 22  53  2 89  25  5 65  46 14 56  49 13 92  14  8 15  94  1 77  14
18 41  72 19  4 123  7 42  66  5 81 33 10 82  30 16 56  36 15 79  36  6 97   5 13 47  34 17 91   1  1 48  77  2 86   1 14 28  54 12 80  14  3 89  19  9 91   7  4 44  56  8 67  10 11 67  48  0 53  47
15 27  84 13 96  28  8 43  59 19 23 90  6 50  24 11 78   0  3 46  50  0 13  92 18 54  64  9 20  70 16 37  53  1 22  95  2 13 101 12 53  43  7  4 102  4 53  41 14  7 105 10 53  50  5 56  68 17  4  96
 1 28  80  0 83  18 18 63  53  6 76 18 17  2 120 16 11  83  5 16  77 13 55  62 10 78  45 15 55   9  9 77  48 19 32  86  4 27  57 12 46  53 14 17  79  2 45  58  3 40  32  8 94  16  7 10 102 11 12  85
18 59  53  2 81  18 17 85   8  0 87 20  5 37  46  1 30  72 13 32  61  9 10  88 10 72  22 11 99  14  7 23  76  6 32  84 12 27  79 14 32 100  3 77  26 15  6 112  8 60  65 16 85  27  4 79  33 19 66  27
10 89  31  1  8  91  5 85   5  3 49 43 19 54  65  2 13  66  4 32  98 18 33  74 15 53  62 13 76  40  6 83  32 12 75  25  9 29  59  0 79   9  7 65  37  8 50  27 11 37  68 14 18  98 17 36  87 16 46  71
11 51  59 14  5 103  6  6 113  2 64 28  9 33  35  4 14 106  0 42  53  1 12 114  8 92  13  7 68   7 18 94   6 13 29  57 19 89   0 15 40  48 16 10  83 17 43  52  3  8  90  5 82  12 12 88   5 10 86  33
16  7  68  0 85  20 13 12  76 11 56 68  2 61  26  8  6 103  5 77  37  9 64  38  4 40  67  7 13 101 15 86   0 14 38  47 18 89  11 10 98   5 12 42  68 19 93  23  3 86   6  6 97  10  1 33  78 17 22  38
 7 86  32  0 45  69 13 99   7  5 80 38 14  8  85  9 76  45  3 42  65 15 14  68  4 81  27  8 85  13 11 88   1 12 16  77 19 48  54 17 23  74 16 27  64  2 49  69  1 42  46  6  5  84 10 61  17 18 26  76
 3 36  45 11 60  34 10 80  28  6 34 77  8 30  59  5 53  40 17 91  26  9  2 109 14 89  20 12 31  59  2 61  19 16 35  65 18 69  37  7 28  71  1 16  90 15 70  30 19 88   3  4  1  51 13 97  23  0 33  65
13 48  64 14 21  57 17 64  64 11 50 52 16 79  26  5 26  55  2 20  59  3 11  88  6 16  74  1  3 126 18 61  51  9 29  47 15 97   6 12 66  42  0 98  11  4 51  53 19 54  44  8 50  55 10 96   8  7 33  54
 8 61  45 13 16  79 10 30  69  7 30 74  9 96  16 12 35  52  2 20  95 14 63  12  6 61  47 18 15 116 11 45  54  1 63  39  4 66  35 19 61  23 17 70  34  3 75  16  0 89  33 16 97   1  5 17  86 15 60  43
 7 78   9 16 41  63  2  9  61  6  8 64  3 26 102  5 69  21  1 55  47  0 30  54  9  7 108 13 27  75 14 59  24 12 33  59 18 18  92  4 77  16 10 57  24 11 90  20 15 24  87 19 41  64 17  6  90  8 71  36
17 61  12  7 27  73  1 46  47 16 30 49 18 46  92  9 15 101 10 24  57 11 99   1  6 44  95  2  1 108 15 16  70  5 11  98  3 15  84 19 38  75 14 54  41 12 13  72  4 73  44 13 68  27  8 85  11  0 54  56
12 14  94  6 33  50 16 65  37 11 97  6  8 74  23 14 55  37  0 18  69 19 76  15  1 74  50  2 70  39 10 78  19  3 15 101 18 40  60 17 22  66  7 56  46  9 68  31 13 31  71  5 53  50 15 19  73  4 89   8
13 61  39  3 97   8  7 92   2  1 64 29  6 89   4 19 51  39 16 68  27 11 83  20 14 21  87 17  5  97  2  5 125 18 85  14  4 67   5 10 94  12  8 97  31 15 71  32  0 39  70  5 58  51  9 30  80 12 82   3
 1 82  12 12 20  78 18 82  28  5 14 74 19 71  20  2 91   4 14 61  36 17 19  72 10 67  33  3 78  33  9 53  26  4 56  62 13 40  77 11 51  23  0 46  50  6 95  19 15 38  70  7 12 121  8  9  92 16 90   0
 6 97  34  4 90  17  8 34  71 11 99 29 17 28  64 13 84  46  5 65  31 12 57  60  1 29  56  9 87   2 15 13 117 10 23  76  2 51  38  0 88   7 19 36  72  3  7  72 16 34  55 18 18 100 14 59  28  7 96  36
 4 19  84  7 85   3  5 91  18 19 30 30 12 69   5  9  2  97 15 96   5  1 21  68 17 81  12  6 32  61 16 79   7 18 46  65 14 92   2  0 88  20 13  3  82  3 20  83 10 53  69 11 21  49  2 57  39  8 20  68
10  9 103  2  5  89  0 50  20 13 26 64  4 67  45 16 64  15 12 34  61  1 73  38  7 29  77 15 56  25  5  7  99  9 70  24  3 54  35  6 47  56 18 82  11 14 30  56 17 17  69  8 92   2 11  2 108 19 23  68
11 41  50 14 79  47  7 72  45 16 88 41  3  1  90 10 64  40  6 99   2 13 32  67  4 55  36  2 80   7  0 28  81 15 87   8  5 65  53 18 36  53  1 72   6  9  5 101 17 13  97  8 56  38 12 32  60 19 72  22
 4 56  51 16 85  18  8 52  47  3 64 28  0 60  35 17 81  47  5 44  50 12 43  42  2  9 103  7  4  74  9 61  29 18 24  98 14 62  35 10 56  49 13 17  69 19  9  88 11 29  87  6 45  55  1 63  41 15  7  85
16 64  22  5 68  57  7 94   2 10 46 55  8 16  73 17 10  98 14 81  38  0 19  81 13 91   3 18 75  52 15 95  18 12 21  56  1 50  33  6 82  48 11  2 112 19 73  29  2 55  27  4 93   0  9 39  63  3 35  70
12 69  40  8 65  42  7 25  67 17 51 33  2 28  85  4 76  11  9  1 120 18  3  94  1  6 108  5 74  28 10 11  94 13 59  81 11 91  44 19 10  87  0 35  75 15  8  94 14 27  64 16 35  49  6 28  64  3 97   1
15 41  39  3 45  37 16 53  49 19 13 71  6 92   3 11 56  56  8 42  53  0 48  30 12 67  27  5 97  14  9 80  23  4 57  55 18 80  29  1 10  81  7 90  14 13 26  69  2 68  26 10 35  58 17 84  40 14 99   5
13 43  51  9 68  43  1 28  40  0 76  5  8 32  56 11 20  72  5 89  28 10 28  41 17 46  38 18 17  76 16 41  69  2 32  88 14 37  56 19 32  74  4 48  52  3 47  71  7 32  63  6  2 101 12 26  96 15 37  57
11 83  13 16  8  95  4  5  72 17 24 53 18 69  61  6 69  36  3 93  11 13 54   9 12 90  11 19 15 104 14 63  48 15 71  43  1 84   5  7 78  29  0 62  23  5 84  36  9 99   2 10 82  31  8 30  65  2 51  47
 1 69   0  3 64  44  9 75  25  0 23 67  5 93   5 17 48  34  8 11  88  7 18  87 13 89  20 11 96   2 18 70  25 10 99   3 16 52  82  4 70  25  6 23  90  2 85  38 12 50  42 19 81  12 15 17  92 14  5  99
15 87  33  0 55  37 10 48  54  4 85 15  2 17  61  8 79  30  6 73  33 12 19  99 13 22  85  7 37  48 18 12  87  3 19  63 16  9  75 11  5  82 14  4  75  5 85   9 19 88  31 17 46  56  1 10  98  9  4 109
 7 86  12  3 36  59 13 90  21  1 63 46 12 48  55  2  4  73  9 15  86 15 15  50  8 15  98 14 39  59  6 73  18 10 89  19 11 58  45  4 80  17  0 71  12 18 54  36  5 25  72 16 41  37 17 84  33 19 73   6
18 42  46  6 48  70  3 88   3  9 71 34 10 68  46 13 25  62 12 33  67  5 88   8  7 62  45 19 51  70 15 49  54  1 76  21  8 22  76 17 47  67 11 63  29  4 61  19  0 16 103 14 10  98  2 94  18 16 47  54
15 32  82 13 41  67  4 99   6  0 48 44  2 82  19 10 52  79  3 46  37  8 67  16 19 63  38  9 16  74 17 24  61 11 32  61 18 88  20  6 74  50  1 13  96  7 24  82  5 82   0 16 28  65 12 74  46 14 14  87
 7 56  43 19 60  51 18 70  33 16 93  4  8 22  70 12 62  20  4 50  47  6  2  77  0 15  87 14 99  10  9 20  75  2 45  61 15  6  86  5 81  37  3 13  92  1 51  43 13 12  76 10 12 106 11 55  55 17 35  84
17 46  68  7 12  79 19 92  22 16 23 79  2 99   2 13 11  76 18 99   5 11 88  20  0 22  66  1 18  78  3 29  74 10 53  56 15 56  18  6 56  50  9 43  58  4 53  29  8 10  75 12 41  77 14 61  61  5 12  77
 9 49  32 18 48  34  2 25  80  4 40 48  1 20  79 10 10  84 17 96  11  5  8 105  0 48  37  8 91  11  3 88  13 15 30  31 12 90  21  6 53  32 16 25  90 11 32  71 19 43  63  7 50  36 14  3  93 13  4 120
 7 90   5 18 42  45  1 20  80  9 12 75  5 61  45 13 89  30 16  2  98 11 57  35 19 26  69 14 77  22  2 32  70 15 41  86  3 89   4 17 45  72  8 55  35 12 37  53  6 66  46  4 11  91  0  1 107 10 55  38
 5 22  52  4 39  83 10 26  93 16 85 29  7 61  48  1 54  44  2 27  57 11 25  61  0 31  90 13 47  40  8 54  54 14 16  91  6 77  22 19 29  80  3 71  21 18 24  25  9 86  35 17 68  70 15 21  80 12 40  51
 2 63  42 13 25  83 10 19  98  6 97 11  1 61  43 15 71  53 18 76  27  7 52  57 12 18  83 19 27  82 11 97  20  3 74  46  5 16  93 16 10  94  0 72  34 14 61  33  8 48  52 17 96  14  4 83  23  9 98   0
 2 14  99 13 23  88 17 81   8  0 53 47 19 83  30  7 93  16 12 86   6  6 45  42 10 71   2  3  9  85  1 94   1 18 91  22  4 90   5 11 34  44 16 75  16  8  1 133 14 73  27  5 83  31 15 75  15  9 68  32
 7 18  80  5 64  32 14 22  78 16 33 87  1  9 102 17 57  18 15 42  37  6  1  82  8  9  71 12 45  54  4 20  62 18 24  84  2 68  46 11 86  27 19 59  50 10 90  21  0 56  17  9 41  32 13 39  77  3 43  58
11 45  37 16 67  25  2 45  58  7 18 65 19 69  50  3 26  76 14 38 100  4  1 127  6 71  23  8 64   6  5 29  77 17 77  39 10 50  44 15 23  85 12 24  54 13 67  12  9 80  12  1 89   5  0 96  35 18 21  63
 2 39  72 15 45  37  4 60  12 18 65 14  3 67  20 12 91   2  6 99  36  9 96   4 19  3  89  8 11  67  5  1  87  0 14 114 13 94   9 10  9  84  7 13  87 11 82  25 14  8  91 16 58  34 17 13  84  1 76  23
18 57  30 17 50  32 19 55  37  1 54 43  3 46  40 14 52  45 13 44  49 15  3  98  8 71  49  0 80  35  5  7 102  7 66  11 10 25  76 12  5  88  4 44  43 11 44  35  9 76  34  6 83  28  2 38  49 16 94   2
17 69  18  4 32  45  6 47   7 16 61 26 15 71  36 11 39  63 12 56  50  8 69  19 10 32  61  1 60  36  2 22  85  3 68  26  7 18  99 13  9  92 14 76   4  5 44  55  0 39  73  9 22  46 18 16 102 19 95  24
 7 48  53 15 92   7  6 62  46  3 48 42 12 93  23  9 27  47  8 80  46  0 48  59  2 85   2 18 62  37 17 24  96 11 67  52 10 88  16 16 29  90  5  5 117  4  3 102 13 77  39 14 47  30  1 13  87 19 60  59