50 20
 4  8  83  3 41  63 18  4  83 17 52  34 12 47 76 13 67  21 14 65  20  6 18 111  7 73  20 11 10  85  1 70  36  5 66 36 16 64  51  8 53  48  9 34  60 15 28  71 10 74  47  0 40 57 19  8 86  2 30  44
13 37  70  5 91  15 14 97  13 18  6  96  1 48 46 19 90  10 11 32  85  6 12  81  3 93  12  7 15  80  2 33  65  8  5 84  4  2 120 10 11 107 15 96   1 12 16  84 17 82  13  9 49 51  0 48 70 16 81  17
 5 11  90  3 70  33 18  4 115 15 92  15 11 18 77 19 41  58 12 77  22  1  5  97  6 49  57 17 94  10  4 32  78 13 67 21 14  2  97  0 16  89  9 21  80  8 69  14 10 89  11  7 32 64  2  6 84 16 33  83
13 87   1  9  3 118  6 82  14  0 44  60  7 16 67  8 54  57  1  9  99  3 49  59 15 28  58 10 70  30  5 85   1 18 34 76  2 53  34 16 37  60  4 59  44 19 66   7 11 41  68 12 96 18 17 84  9 14 54  73
 1  1  91 11 31  71 19 73   7 18 35  43  0 81 33  8 84  48  4 34  77  7 53  73  5 73  25  2 30  75  6 63  32 13 76 27 15 62  22 16 14  71  9 30 101 17 31  55 10 89  17 14 28 84 12 92 15  3  3  74
 5 64  47  9 46  60  6 81   7 13 38  68  8 46 43 17 69  27 10 10  90 19 27 106 18 36  59  4 94  32 14 53  50 11 31 72  3 15  88 12 59  52  2 31  81 16  6  93 15  1 108  1 28 78  0 43 45  7 92   2
 8 27  61  0 78  21  4 10 107 15 19  98  2 89  6 14 91  14 18 42  58 16 13  78 11 75  17 17  2 111  6 36  61  7 14 93  5 59  53  3 14  88 13  9  73  9 34  66 10  3  85  1 85 37 19 44 71 12 94   3
 5  8  85 13 90   9  1 38  81  6 23  93 17 69 29  8 34  62  0 13  83  7 62  41 10 38  78 16 74  18 15 67  38 12 45 62  2 62  76 19 32  42 14 86  34 18 59  20 11 84  10  9 66 51  4 37 86  3 52  26
16 45  72 15 30  69 18 23  90  2  7  83 14 92  5  0 72  53 12 34  68  6 63  29  3 68  17 11 36  41  9 75  10 17 10 88 19 27  79 13 89  23  5 31  64  8 88  18  7 46  53  1 36 76  4 71 10 10 23  75
18 72  17 12 36  48  9  5 111  5 98  12 11 38 53  6 99   7 19 92  20 14 92  17  1 63  68  4 20  85 17 42  64 16 77 13  3 71  38  8  3 115 13 80  27 15 95   1 10 84  26  2 32 69  7 32 86  0 66  29
 2 63  31  3 15  75 13 66  29  0 16  94  9 51 26  7 26  81 19 24  83 17 78  24  8 54  33  1 66  34 14 51  48 18 30 99  6 37  55 16 72   7  5 77  14 15 11  76 12 33  62 10 30 33  4 36 62 11 24  47
 7 78   4 14 75  17 16 35  55  5 10  90 19 81 27  8  1  76  1 28  97  3 58  51 11 80  45  0 61  24 17 52  45 15 74 33  2 17  77  9 11 103 18 64  33 13 69  22 10 27  52 12 92 12  6 79 31  4 89  24
10 25  80 17 19  88 11 53  57  9 36  58 19 53 53  1 27  73 15  8 100  4 23  66 18 86  21 14 31  90  7  2 128 16 95 12 12 53  28  2 29  78  5 35  69  0 28  61 13  1  96  8 71 11  6 57 54  3 56  42
 8 11  88  2 56  20 17 64  32 19 45  47 10 96  4 14 94   2 13 48  29 16 79  27 12 48  63 11 58  80  6 32  58 18 58 49  3 13  74  9 95  43  5 39  65  0 21  74  4 18  70  7 83 20  1 45 60 15 69  30
10 88  10 11 25  88  7  9  75 18 83  40 17 12 68 14 79  22 16 41  53  1 89  36  9 93   2  8 46  33  2 24  93 12 41 68  3 59  56 19 56  38 15 19  73  5 12  54  4 34  68  0 80 23 13 81 26  6 51  49
 5 22  74 11 49  40  9 73  17 18 59  43 12 48 52  8 76   1  2 78   2 14 69  15  1 66  13 15 27  98  7 73  24  6 46 53 16 42  50  0 53  43  4 62  33 10 39  54 19 15  84 17  4 94  3 76 43 13 53  57
12 96  30  7 91  17 16 71  19  5 60  23  6 60 32 15 60  46 17 44  44  0 18  62 13 82  38  8 90  21 19 77  25 10 93 22  2 24  48  4  6  81 18 77   0 14 56  62  9 82   4  3 15 86  1 85  2 11 41  71
 9  4  79  4  8  97 17 10  75 14  4 113 10 23 75  0 17  78 18 33  58  2 50  74 13 24  84 16 12  83  6 29  72 19 65  8 12 43  64  8 68  33  3 66  52  7 82  37 11 22  90  1 89 35 15 58 57  5 25  59
 5  4  80 13 14  74  1 62  30 14 43  32  0 49 46  6 18 108 19 91   1  3 83  35  7 53  69 10 35  70  9 79  39  4 62 42 11 42  48 18 17 101 17 62  62  2 39  84 15 76  32 16 43 70  8  9 94 12 39  74
 4  1 114  0 98  39 13 77  46  2 28  47  1  3 89  3  8  79 15 43  28 12 53  47 11  4 125  6 80  42  9 81  10 18 98  8  5 61  40  8 91   1 19 32  71 16 65  34 17 52  53 14 29 90  7 49 42 10  1 100
10 40  63  1 89  31 15 65  19 17 30  78  9 23 61  6 47  54 18 97  29  4 28  77 19  3  79  7  5 103 13  4 100  5 85 31  3 34  59 11 24  68  0 87  42 14 63  66  8 54  38 12 54 54  2 27 77 16 95   4
10 50  49 11 24  78 13 37  89  7 99  19  4 14 81 17 99  12  3 25  78  9 64  36 19 73  23 14 64  10  6 24  60  2 86 24 15 10 102 16 76  36 12 56  46 18 81  18  8 62   8  5 49 46  1 19 78  0 78  33
 7 73  33  4 76  32  5 31  81 12  4  87  9 10 98 13 24  70  3 67  44 17 57  43 11 25  82 16 72  36  8 30  74 19 31 51 10 79  37 14 13  74 18 41  46  6 85   5 15 79  38  0 61 49  2 45 43  1  3  82
18 72  21  6 49  29 19 50  75  9 95   6 17 81 18 10 80  28 14 50  47 15 41  25 16 48  60  0 68  32 11 15 104  5 29 63 13 68  21  7 83   8  2 72   0  3 25  95 12 56  52  1 19 93  8 80  3  4 60  26
 6 68  24 15 30  98  7 38  65 14 23  98  5  5 73  8 65  28  2  1  87  9 18 109 17 61  25 11 51  57 19 44  53 12 64 30 10 98  12  1 99  19 18 64  42 16 87  12 13 90  10  3 66 36  0 99  6  4  7  77
 9 94  22  4 60  11  7 19  64 18 40  67  5 46 68  1  7  91 13  7  85 10 86  44 15 32  41  3  3  99  2 25  87 19 89 17 12 59  46 11 69  38 17 89   1 14 65  24  0  9 113  6 77 31 16 35 49  8 42  66
16 93  14 19 83  26 13 79  20 18 36  57  1 15 77  3 44  56  9 45  54  8 11 100 12 47  73 11  2  93 10 84  35  0 51 80 15 26  60  7 62  30  2 54  27  5 71  36  4 86  22  6 64 30 17 61 54 14 38  48
 7 88  18  4 37  47 17 37  78 12 36  72 15 59 35  1 14  74  3 89  19  5 93   7 11  6  98 14 47  51  8 44  88 13  1 88 19 82  41 10 84  10 18 50  42  6 21  82  9  4  92 16 20 77  2 98 24  0 37  51
16 65  25  8  4 103 12 98  24 19 29  91 18 22 74  7  1  78  4 70  66 13 89  11  6 73  13 14  5 108 17 15  77  3 33 78 10 23  75  1 63  31  9 20  82 11 28  80  0 31  89  2 62 54 15 90 23  5 53  60
14  5 113  4 51  47 12 90  22 19 91   1 17 24 66  9 98  22 18 31  66  8 90  20  5  3  88 13 56  24  6  5  98  2 41 80 10 75  14 15 57  42  1 49  44 11 75  27  3  1  93  0 66 11  7 65 34 16 58  63
15 85  35  8 43  58 17 95  15  9 42  70 19 50 62 18 32  76 10 37  66  0  8  82  5 68  44  7 82  28  6 78  28 13 11 94 12 45  65  3 32  75  4 66  40 11 41  59  1 53  40 14 91  7 16 65 46  2 88  10
16 87  32  9 16  93 12 43  80 13 86   8  6 67 29  5 82  27 11 70   4 18 65  28 17 56  54  4 53  56 10 22  82  0 17 90  3 94   4 15 61  50  1 69  17  7 73  15  8 33  74 14 69 40 19 36 51  2 64  33
16 85  16 10  6  82  7 31  91 15 23  96  9 33 51  3  4  90 14 69  52  5 61  36  1 50  63 11 27  80 12 25  79 18 10 98  2 26  78 19 26  72  4 42  74  0  9  87 17 72  40  6 30 47  8 91 15 13 83   7
10 44  72  6 77  27 18 51  45 14 49  62  2 37 57  7 20 103 17 69   1  8 95   7  5 84   7  1 43  70  4 86  15 15 86 25 12 57  35  3 29  69 11 70  22 13 94  16  9 38  72  0 39 64 19 61 37 16 60  45
16 37  47  3 22  96  2 56  68 11 88  11  7 95  4 14 19  64  9 92   6 15 64  24  1 25  75  6 69  37 10 37  68 18  9 70  0 82  25 19 67  31  5 90   4 13 52  29  8 64   6 17 25 81 12 62 31  4 39  73
 4 68  30 13 36  54  3 85  18 15 37  57 19 66 55 10 31  73 18 35  34 11 97   6 14 76  23 16 22  86  1 45  57  2 80 32  9 90   6  6 48  55  5  5  94  7 56  26  8 50  30 12 66 21 17 54 52  0 53  85
 4 86   2  3 21  70 18 36  61  2 42  54  0 67 31 17 38  55 14 28  69  8 58  34 15 41  79 13  1  89  9 67  14 16 45 46  1 25  61  5 18  75 19 12  94 11 71  17 10 49  40  7 28 70 12 21 66  6 52  57
12 93  24 14 97  30  5 35  57  2 71  20  3 62 46  9 49  53  7 81  34 11 60  35 13 64  38 10 50  68  4 33  73 18 39 86  0  7 109 15 44  58  1 53  49 16 20  78  8 96   5 17 49 23 19 23 90  6 70  36
13 15  76  0 22  82 11 40  64  8 12  94 18 19 70 17  5 100 10 32  72 19 85  11 16 48  29 15 46  68  6 97  19  1  4 88  5 97  28  4 95   7 14 90  20  2  2  93 12 69  44  9 95 10  3 68 28  7 18  80
 3 52  59  0 57  38 13 67  21  8 67  43  5 91  3  1 82  22  7 86  21  4 29  76 17  8 113 11 35  66 10 65  39 12 13 81  2 92   7 19 28  79 16 77  38  9 99   9 14 30  43  6 16 87 15 31 61 18 35  73
 7 85  20 19 24  77 15 60  18  5 60  28  3 89  9  1 99  21 12 88   1 11 15  87  4 45  72  0 60  50  8 38  81 16 44 66 17 38  49  2  4  91 10 95  34 18 27  71  9 27  66  6 15 64 14 76 18 13 53  46
 9 15  96 19 64  44  8 29  56  3 72   8 17 98  2 10 73  37 16 28  63 13 25  96 11 35  88 14 57  34  0 26  76 15 38 37  1 42  77 12 19  99  7 75  25  4  2  84  2 86  27  6 46 45 18 84  3  5  5 109
19 57  27 13  4  63 11 83   0  6 13  86  2 80 18 12 45  66  7  6  83 14 46  69  0 63  61 15 94  12  8 54  57 17 69 18 16 69  17 18 43  43  1 62  30  3  6 108  5 15  90  9 35 62 10 62 52  4 44  42
 8 57  62 10 67  56 17 80  38 16 80   5 18 61 40  9 84  12 15 90   2  1 63   9  5 26  66  6 98   3  2 94   4  3 92 13  7 84  45  0 16  87 19 24  74 12 67  13 11 47  38 13 35 58  4 79 30 14 99  14
11 63  30  8 45  68 10 49  47  7 38  71  0 32 58 15 87   3  5 41  62 17 33  65 19 18  92 18 40  50 16 50  32  2 84 20  3 36  59 14 99  11  6 77  29  9 16  61  1 52  53 13 20 70  4 60 44 12 66  34
11  1 106 14 24  68 13 37  56  1 54  59  9 39 51  5 50  45  7 38  81 18 79  31  4 88  14  2 35  43 19 58  54 15 77 21  0 43  70 17 98  19 12 52  77  6 73  42 16 45  62 10 45 64  3 84 29  8 80  19
 6 26  78 15  9 100 19 92   4 16 70   7  5 87  2 12 33  73 11 14  90  4 83  18  0 34  79  2 98  14  3  5 112  8 99 27 10 93   7  7 94   3  1 43  43 17 36  70 14 26  70 18 11 76  9 28 79 13 16  84
12 19  92 15 58  42 14 30  21  3 72  36  1 39 64  2 27  54  9 18 108 11 44  80 16 20  69  6 87  27 10 82  25 17 51 56  8 78  18 18 20  50  4 19  81 13 36  72  0 42  58  5 75 23 19 85 18  7 95  10
 6 41  54  9 46  60 10 81  46 11 17  65 12 25 96 18 80  19  0 41  48  4 29  58  1 99   1  2 14  94 13 28  40  8 25 82 16 58  35  7 24  65  3 59  43 14 45  69  5 17  88 19 53 56 15 16 72 17 86  11
 3 30  49  2  3  93  8 28  61 19 92  13 15 87 23 13 28  78  6 30  83  4 69  56 14 20  69 16 94   6 10 97   5  5 91 11 17  5  88  7 16  82 11 88  20 18 47  79  1 66  45  9 67 17 12 15 94  0 29  52