50 20
10 20  59  1 22  89  2 38  85  7 33  66 17 24  60  4 72   5  3 75  30 18 61  42  0  2 116 14 17 115  6 67  45 19 50  71 15 65  17 16 77  32 13 65  61 12 35  72  5 68  45 11 76  32  9 98  14  8 81  20
11 73  48  3 86  33  7 26  91 18 42  30 12 50  60  5 13  84 13 92   3  6 15  82  4 77  10 14 74  34 10 48  68  2 54  39  1 46  78 16 60  20 19 83  14  0 78  33 15  1 114  9 91  14  8 33  80 17 60  48
14 67  34 19 63  40  5 54  54 11 65  71 16 29  58 12 51  41  1 74  50  8 16  89  6 11  83  4 97   5  2 87   9  9 66  39 18  4 119 10 10  98 17 52  44  0 85  31 13 60  44  3 64  42  7 40  68 15 49  56
10 31  88 16 73  20 15  2  98  2  4  87 14 87  25  1 81  17 11 90   1  7 92   4  5 27  53 18 51  85 12  4 102  0 42  56  4 21  87  8 77  26 17 71  32  6  5 108  9 77  35  3 81  21 19 39  65 13 32  59
19 18  88  8 13  71  4 89  19 14 45  55 12 59  53 13 90  23  2 86  33  9 71  61  3  5  83  0 54  49  1 42  67 10 60  55 17 32  78  6 16  73 18 86  10 11 70  45 16  7  72  7 16 105  5 81  17 15  4  97
 0 59  19  9 55  50 11  3  80 18 43  48  3 26  76 15 19  86  2 57  53 17 75  18 10 35  40  8 40  64 13 17  76 12  3  90 14 96  13  4 82  18  5 26  79  1 23  78  6 97  10 16 23 116  7 65  40 19 28  84
 0 83  25  8 81  15 12 19  73  5 54  39 11 86   9 16 94  23  7 49  18  2 38  64 15 38  75  3 33  66 10 93   9 18 63  27  6 51  47 13 45  62 14 68  36 19  4  80 17 29  83  1 53  68  4 85  14  9 21  75
10 46  59 15  8 101 19  5 103 17 29  70  6 32  86  1 34  63 14  3 114  0 10  90 16 45  58  7 70  28  4 77  16 18  1 105 13 62  15  3 79  24  2 50  46 12  2 119 11 18  88  9 89   0  8 86  21  5 21  39
11 17  87  6 47  57  7  7 108  1 20  97 17  9  94  9 92  31 12 23  73 18 76  43  0 71  52  8 20  89  4 21  57 15 72  33 14 71  15  5 92  11  3 92   2 10 17 125 19  9  72 16 38  91  2 23  67 13 34  27
13  6  81 18 74  43  8 29  67 14 99  15 11 80  22 16 27  76 10 43  70 15 36  78  0 31  58  9 63  52  1 34  68  4 26  55 19 98   5  7 47  56  3 69  21  2  5 108  5 55  21 12 22  62 17 15  66  6 19 106
18 77  35  8 12 102 14 96  37  2 84  22  5 22  71  1 16  70  6 59  39 13 94   2  0 69  18 17 68  68 15 81  37  3 13  69 16 45  55 11 61  36 10 27 104 19 26  62  7 12 110  4 86  26  9 82  25 12 85   6
 6 27  83 18 81  30 16  2  96 12 29  66  0 61  63 17  2 100  1 40  76 11 78  24 15 65  36  7 68  21  4 39  49  2 68  24 10 39  55  8 63  51 19 59  37 13 79  19 14 96  11  5 11  94  9 76  23  3 48  57
19 95   5 13 62  41 18 10  68 11 68  54  6 42  53  3 61  49  5 73  29 14 51  60 16 81   5  4 75  40  7 37  56 15 96   6 10 65  48 17 45  36 12 44  54  8 43  52  1 19  93  9 44  73  0 94  45  2 56  14
 1 23  84 15 70  14 17 24  70 14  4 109 10 86   8 13 90   1  4 86  39  9 83  25  0 75  35 18 46  68 11 92  16 12 94   9 16 23  80 19 29  34  8  6 103  2  3  87  7 33  58  5 12  76  6 51  33  3 15 102
 5  7  95 15 55  59  3 26  69 14 30  61  0 79  27  4 58  34 12 86   1  1 70  24  9 68  29  6 98  13  8 26 113 11 32 100 10 98  26 17 35  66  2 37  56 19 13  83  7 85  13 13 85   6 18 14  60 16 34  94
13 21  56 19 68  41 18  1 105 12 76  30 11 44  45 14  4 109 17 48  54  1 39  53  2 73  30  6 81  34  0 50  43 15 97   3  7 41  50 10 79  12  3 10  76  9 73  27  5 36  80  8 28  64  4 64  35 16 31  80
16 76   0  5 55  47 14 41  66  7 46  43 17 80  18  0 99   5  3 99   3  1 59  29  6 14  98  2 86  10 12 69  29  8 24  60  9 54  56 11 34  56 13 32  94 19 98  25 10 74  10  4 67  23 18 24  76 15 56  34
15 14  56  1 32  60 11 77  12 17 81  41 19 35  65  0 38  59  8 38  55 18 38  57  2 61  39  6 87  26 14 70  16 16 79   7  9 25  81  5 46  60  7 88  17  3 18  61 12 76   5  4 98  18 10 75  31 13 23  71
 5 61  33  1 92   3 17  6  94  3 58  60 18 26  81 10 26  68 12 36  73 19 89   7  7  9  76 15 35  81  0 54  46  2  5  78  6 72  29 11 91   1  9  4  96 14 61  34  8 75  27 13 42  55  4 85  13 16 45  53
12 46  71 19 89  27  6 49  33 13 86   8 11 14  69  5 62  28 14 53  87  8 59  50  7 27  81  2 86  21 18 10  83  0 87  18  4 99   1 17  4  92  1 84   4 15 62  32 10 74  22  9 30  71 16 68  42  3 86  30
12  1  93 13  3 109 11 84  23  0 78   4 10 42  71 15 73  16  8 98   9  7 91   0  3 70  20  9 53  33  5 57  29 14 36  51 18 76  54  1  4  83  6 76  10 19 22  81 17 70  29  4 67  77 16  6 100  2 16  67
12 80  33 18 91  11 13 24  68  6 36  82  2 44  24 14 81  24  7 78  14 10 65   1  3  2 106 17 91  22 19 62  50 15 41  82  8 40  60 11 96   3  1 64  48  0  5  88  9 81  26  4 71  35 16 31  49  5 71  55
 9  3 104 14 68  25  5 55  34 17 13 106  7 83   5 10 13  68 16 12  74  1 98   8  8 86  16  6 10  90 11 70  50 12 59  39  2 89   2  0 74  50  4 83  11 19 30  90  3 56  71 15 99  28 18 68  51 13 67  21
 6 35  51 19 74  20 14 59  49 13 17 100 11 56  36  8 64  47  5 67  51  4 77  45 12 84   3  2 10  78  9 35  84  0 79   1 10 12  83 16 91  19 18 36  75 17 84  35  7  1  78  1 41  58  3 98  30 15 81  38
 4 32  84  2 10  94 11 39  61 12 58  43 14 24  92  8 56  79 17 83   9  0 77  32  9 78  27 18 99  13 19 95   1  3 67  37  5 81  39 13 15  87 16  5 102  6 35  56  1 10 111 10 24  83 15 97   0  7 44  52
 8 55  53  9 41  68 17 99   1  2 27  99 19 94  31 14 12  89 13 33  81  4  3 113  0 71  16 11  5  92 15 88  26  6 25  81  5 66  45  3 80  21  1 39  63 16 90   3  7 79   5 12 56  61 18 60  44 10  5  94
16 69  38 12 41  57  2 25  87  0 82  26  1 32  59  3 70  52 13 38  51  4 22  71 14 95  35  9 98   9  5  6  94 11 64  48 15 52  50  8 46  58 19 71  35 17 41  43 18 40  54  6 35  82 10 22 102  7 33  73
19 14  95 14 38  53  2 32  60 16 38 102 17 64  44  5 67  24  8 13  78 12 74  18  6 74  36  3 67  39 13 39  77 10 53  92  7 55  50 11 15  93  9 93  10  1 37  76  0  7  93 15 53  56  4 54  25 18 39  49
17 84  18 18 77  39  7  6 109  1 45  56  3 91  11  9 77  26  6 12 106 16 96   2 14 24  77 12 90   9 11 54  37  0 52  41  5 49  45  2 97  16  4 80  25  8 84   1 13 44  51 15 37  45 19 79  39 10  5  93
 4 69  54  9 28  66 13 32  58  6 68  41  5 59  53  8 23  89  2 86  35 16 54  34  7 41  65  0 80  48 12 57  21 11 45  80 18 19  90 17 38  74 19 89   8  1 21  96  3  5 104 14 64  42 10 65  32 15 16  65
 4 57  35  6 47  81  9  1 101 11 79   4  8  9 100 10 66  27 13 84  14  7 21  84  5 35  68  2 97   0  0 83  14  3 45  42 14 18  81 12 21  89 19 19  72  1 37  61 16 93  12 17 83  28 18 46  65 15 54  47
 6 46  62  0 12  96  4 44  57 12 75  52 19 32  79 11 15  76  2 49  30 16  4 108  1 29  66 17 76  34  8 65  22 15 39  69 18 73  52 14 54  59  9 63  55  7 78  24  5 18  68 10 91   1  3  3  99 13 93   7
 9 98   6 14  7 100  2 47  68 18 56  20 15 37  77  8  3  69 17 17  92  0 94   9  5  9 131 16 19  77 11 91   1  4 58  39 10  8  88 13 32  57  3 60  45  6  5 102  7 64  41 12  3  79 19 56   8  1 98   6
 2 93  15  9 63  46  7 40  72  6 88  12 14 20 103 17 11  91 11 16  84 12 55  52 18 61  45  8 81  51  1 17  74 10 16  96  4 45  40 16 46  76 13 85  28 15 89  20 19  1  93  5 22  87  0 59   8  3 55  30
 7 76  30 18 86  24  0 83  32 10 26  64 17  4  85  2 61  61 12 72  13  4 81  41  3 44  69 19 48  64  8 17  72 13 72  41  1 14  83 11 46  74 14 46  40  6 80  11  9 74  45 16 11  81 15 57  76  5  2  95
 1 13  78 16 49  50 17 76  52  8 41  40  9  3 110 11 13 103  3 95  21  2 98  17  6 29  74  7 48  74 18 60  25  5 67  25 19 28  64 15 64  41  4 36  72 12 47  60 14 78   1 10 83   1  0 32  70 13 88   7
 3 58  35 10 74  42 14 41  73 19 75  12 12 45  77 11 19  78  0 51  67  4 39  79  8 94   1 13 41  42  7 62  32  9 75  28 15 36  69  1  5 117 16 80  13  5 47  65 17 36  72  6 23  78  2  6  96 18  3 120
15 92  19  1 64  26  8  1 104  5 65  26 17  2 103  2 87  28 11 45  60 18 73   3 16 30  70 19 67  27 12 68   5  6 33  46  3 35  62 14 65  20 10 50  76  9 93   4  4 36  49 13 18 108  7 39  40  0 54  52
 5 40  67  2 11  70 13  8  98 14 29  50 15 26  84 10 65  46 16 26  91  8 17  88 19 52  40 17 24  72  1 87  15  0 67  44  7 88   8  4 83  35  6 36  67 12 30  61 11 97   9  9 19  79 18 97   4  3 68  39
15 64  46  0 61  34  7 59  22 16 65  40  9 93  17 19 80  41  5 83   2 12  5  93  2 50  59  1 42  39 17 49  59 13 69  55 18 86  12  6 14  97  3 84  25 10 41  36  8 31  56 11 67  24  4 88  27 14 20  56
15 45  39  6 22  78  3  2  65  2 83   6  8 61  21 18 55  41  5 85  43 19 72  46 11 37  55  9 56  36  0 73  49 13 65  45 16 19  90  1 42  54 17 51  59 10 88   6 14  2 116 12  1 101  4  1  94  7 30  76
10 74  42 12 28  78 19 87  31 18 91  22  8 68  25  2 27  63  1 42  69  0 99   5  6  7  99  4 23  50  5 27  52 16 16  99 15 86   9 14 61  45 13 28  61  9 62  31  7 87   2 17 72  33  3 93   1 11 67  40
11 77  34 16 20  84 17 53  46  1 52  33  0 14 111  9 57  45  4  2  96  3 78  10  6 63  29 10 12  71 18 10  82 14  1  95  7 59  40  5  1  95  8 67  19 12 53  22 15 76  20  2 17  95 13 80  47 19 12  62
 4 74  43 13 86  17 17 78  24  6 55  21  8 75  20 19 37  44 12 36  49  0 49  33  5 50  57 16 93  34  1 52  58 10 77  31  7 83  36  9 29  40 18 84  19  2 60  48  3 92  40 15 61  54 14 31  56 11  3  94
 6 76  39 18 26  78 10 38  53 19 61  46  2 67  52  0 60  64 15 40  55 11  7 121  4 20  75 12  7 104  8 97  17  1 76  14  7 18  60 14 83  43 17 39  60  9 64  43  5 43  75  3 39  56 16 79   5 13 79  32
 7 61  54 19 73  30  0 91  11  1 42  45  3 70   6 13 73  11 17 34  63  2 81  29  8 19  70 14 64   9  4 54  67 16 96  27 12 89  15  5  3 114  9 55  28 10 94   8 11 93  32  6 24  72 18 10  94 15 99   5
 2 73  27 18 10  66 19  6  81  0 67  23 14 22  80 11 50  64 13  4 109  4 29  63  7 34  47  5 15  70 15 46  44 12 32  71 17 66  28 10 28  47  9 67  33  3 63  34  1 60  21  8 39  83 16 65  36  6 19  68
 2 94  35 12 77  13 17 36  57 18 97  14 16 38  69  5  8 104  6 71  25  8 83   5 15 43  65  9 86  33 19 33  70 13 94  10 10 30  75  7 33  75  4 89  11  3 37  50 11  1  93 14 35  67  0 94  12  1 32  67
10 24  80  7 67  30 16 61  42  5 41  83 12 18  83  0  4  97 14 91   7  3 73  32  1 33  56 11 96   3 13 59  19 18 63  46 15 40  47 17  5  82  9 10  97  4 45  53 19 27  75  8 53  33  2 24  76  6 81   3
14 31  46  8 99   8 12 14 104 11 64   3 19 89  23 17 43  68  3 93   2 10 32  54  2 32 109  9 26  46  0 22  54 13 33  73 16 89   5 18 41  82  5 40  60  7 87  14  6 26  93  1 98   9 15 53  41  4 98  14