100 20
11 83  21  7 59  40 18 49  46 15 84  33  0 35  80  8 68  30 19 58  24  6 66  51 13 44  58 14  2  99 17 63  65  2 25  66  4 70  30  1  1 108 16 84  11  3 56  25  9 35  71  5 46  40 12 81  28 10 58  31
 0 11  95 14 67  43  7 45  70  1 86  29 11 91  10 16 60  47  6 61  42  4  6  90  8 95   4  5 18  85 13  7  99 18 73  16  9  3 109 17 92  10 15 30  75 12 93  11 19  7 111 10 37  64  2 14  88  3  9  92
15 34  49  4  5  88 10  2 128 14 72  41  5 26  70 13 55  33  9 24  59 19 61  62  8 28  61 16 98  10  7  3  95 12  1 125 11 28  66  1 92  12  3 39  47  6 26 112  0 91   7  2 41  65 18  6 112 17 92  16
 0  9 121  5 77  15 11 47  45  7 45  68  6 82   7 10 20  89  4 86  30 18 88   2  3 18  93  8 83  10 14 22  93  9 73  41 17 92   7  2 84   3 19 68  69 13 55  39  1 65  22 16 10 100 15 64  32 12 60  40
 3 62  34 10 75  43  1 29  69 13 81  17 18 89   6 19 34  32  5 34  53 11 24  72  6 98  22 17 95   7  8 60  48 14 23  81  9 54  30 16 72  16  4  3  89 12 82   9  2 41  56  0 49  43 15 97   8  7 49  45
 3 80  11  1 95  28 17 51  51 16 96   0  2 24  76  5 15  75 14 90  16 12 73  14 11 99   2  7 68  57 13 96   5 19 67  47 15 96   8 10 56  28  0 23  57  6 38  72 18 97  13  8 44  80  9 41  56  4 83   1
17  8  81 13 92   4 18 66   9  1 59  25  9 31  23  8 63  31 11  2 103  4 13  81 16 32  61  5 39  81  3 53  49 10 24  88  2 85  14 12 25  68 14 53  38  0 90  10  6 49  52  7 42  44 19 54  69 15  1  84
19 10  93 14 68  23 16 86  16 17 26  70  7 64  37  9 30  71 11 78  39  2 71  23 15 95  11  3 17  90 18 92  14  5 30  61 12 41  75  6 54  28  1 12  84  4  4  93  8 17  53 13 60  23 10 54  50  0 83   8
10 24  62  3 23  64  5 46  47  8 39  74 14 32  80  4 40  54 16 52  71  2 36  79 17 83  29 15 23  73 18 18  65  7 92  16 12 95  17  9 67  23 19 31  63 13 25  87  0 69  34 11 46  62  1 51  50  6 93  17
15 54  37  2 81  22  7 37  59 11 52  36 12 66  40  4  2 117 17 96  18  8 95   2  0 44  55 10 91   8 14 83  25  5 67  16  9 22  90  6 44  67  3  1  97 19 21  80 13 45  50  1 37  60 18 71  43 16 50  62
16 52  30  4 19  97  1  8  91 17 85  35  5 64  18 12 32  51 15 22  67  0 37  43 14 54  63 13 96  24 18 92  10  2 58  50 19 16  82 11 86  33  3 57  34  7  3  82  8 68  18  9 94  10 10 17  58  6 30  67
15 29  78  6  8  97  7 89   7  3 33  78 19 14 109 13 99   4 14 84  25  0 78  32 12  5  88 11 76  27 17 61  14  2 95   5  4 21  68 16  9  98  1 95  28 18 56  41 10 27  87  8 75  31  9 42  89  5  5  96
10 57  40  0 30  81  7 52  47 13 90   0  4 58  35 17 10 101  2 43  55 15  7 103 14 80  12 12 16  97  5 10  93  9 92  13 18 56  47 16 21  85 19 76  54  3 15 128  1 95   0  8 10  97 11 64  48  6 68  51
 8 46  80  2 77  26  7 23  95 16 33  57 18  4  98 12 66  36 11  5 100 19 52  57 15  2  87  4 34  60 14 24  78  9 89  15  3 46  68 17 35  61  6 10  78  5 24  66 10 53  33  1 98   7 13 19 107  0 49  46
18 91  11 11 95   3 13  1 106 16 90  35 17 75  34  6 59  39  0 36  72 14 57  48 12 73  42  3 39  58 15 82  17  2  7  88  8 27  81 19  1 106  4 39  47  7 21  62 10 70  45  5 14  88  9 12 107  1 69  43
13 33  53 12 13 105  9 76  51  0 33  58 17 65  42 15 24  96  1 50  47 19 39  74  6 41  64  7 70  52  5 47  62 18 89  12 14 32  94  4 49  49 16 71  25 11 31  99  2 13  98 10 68  39  3 65  29  8 93  13
13 55  65 18 81  31  9 36  40  4 28  78  1 94   6  8 85  18 17 20  49 16 94   4  5 77  23 14 20  74 19 74  27 15 32  64  3 68  38 10 24  50  7  1  89  2 75  34  6 16  85  0 79   3 12 82  38 11 35  74
13 78  33 10 89  26 12 63  36  0 41  61 19 19  69 14 68  13 18 87  21  8  6  96  5 51  41  3  1  85 11 48  54  1 75   8  9  5  97  2 47  60 16 92  17 17 45  56  6 52  43  7 21  93 15 27  76  4 84  34
10 90   1  4  4  87  3 70  30 17 36  70 13 46  60  1 78  32  2 60  28  0 67  22 12 39 103  6 71  52  7 61  44 15 75   5  8 13  85 16 69  22  9 76   9 11  4 100 18 54  29  5 97   3 19 29  60 14 59  46
18 44  68  6 89  14  9 36  44 13 25  70 19 32  51 14 77  34  3 72  10  5 39  59 12 81  18  1 58  30  4 49  37 17 56  77  7 22  84  8 46  65  2 15  70 10 58  17 16 53  36 11 27  61 15 56  33  0 11  87
15 25  63 13 66   5  1  4  88  4 23  88 19 78  30 14 29  60 18 16 110  5 69  50  8 26  63 16 68   4 10 95  21 12 56  24  6 31  76 17 10  84  7 83  14 11 74  25  3  3 111  2  8 107  0 24  64  9 68  17
 9 19  79 17 29  46  5 94  27 18 24  77  8 86  38 12 16  84 14 64  64 13 39  69  0 20  99 10 57  54  6 15  86 11 34  44  1 68  30  7 82   9  4 57  37  3 13  99 19 57  56 15 86  11  2 72  16 16 33  55
 1 46  59  7 84  46 17 16  69 11 12 117  9 22  77 14 73  25 18 31  71  2 90  12 15 57  57  0 94  31  4 23  70 19 51  59 10 17  83  5 73  56 12 23  87  6 34  64 16 48  53  8 83  29  3 32  89 13 35  60
19  6  99 10 32  38 13 10  82 18 62  39  7 74  32 12 82  17 11 51  54 15 51  69  3 51  25 16 71  25  9 28  65  4 27  74  0 87   8  6 22 101  2 33  73 14 45  39 17 44  48  5 96  29  1 81   0  8 53  62
 6 43  52  9 42  77 17 66  40  2 75  31 11 65  57 16 83  46  4 64  32  1 21  92 13  6  67  0 53  53 10  1 101 12 67  42 18 80  19 15 25  86  5 37  62 14 71  28 19 17  81  8 48  38  3 43  81  7 12  90
10 90   5  1 67  28 14 42  37  7 71  65 15 13  62  4 98  12 13 24  57  2 77   8  5 69  32 17 90  15  0 80  24  8 73  43 18 54  16  6 13  83 12 29  58 11 25  73  9 62  36 16 11  89  3 44  57 19 13  73
 8 73   0 12 67  39 13 52  49  7  6  90  5 30  67  6 25  96 19 73  11 11 86  46  3 53  54  1 19  88  9 84  22 15 52  36 17 80  24 16 63  51 10 21 112  4  2 117 14 78  13  2 29  76 18 44  48  0 90  22
17 99  14 18  6  98  1 72  26  8 67  32 16 69  24  7 50  48  5  2 122  0 53  71 11 31  88  9 61  42  4 81  48 15 94   7 12 23  82 19 89  14  2 21 100  3 75  32 13 99  16 14 51  36  6 68  32 10 97   8
 6 48  48  8 70  18  7 62  29  0 60  38 16 74  21  5 98   2 18 26  65 13 96  10  9 10  84  1 68  17  2 36  61  3  6  64 14 24  81 17  4 111 10 12  77 19 29  78 15 46  46 12 79   9  4 28  80 11 79  11
10 54  41 15 41  36  7 61  35 13 56  45  9 42  67  2 59  39  8 95   3  6 46  51  1 43  63 17  1  82 11 49  34 19 42  74  5  2 106 12 32  58  4 55  23 14  2  94  3 57  22 16 60  50  0 76  35 18 40  41
17 79  24  1 43  66  4 79  30 11 50  45 13 51  51 14 23  71  9 12  83 19 38  90  6 80  30  7 65  10 15 42  52 10 91   6  0 76  28 18 74  20  8 36  72  5 27  46  3 47  60  2 44  45 12 10 101 16 69  38
10 33  66  7 65  40 13 93   0  8 44  52  9 80  36  3 83  36 12 54  36 15 91  17  6 87  29 17 37  66 19 71  45 18  3 115  4 33  77 14 38  65 16 80  19  2 91  26  1 79  14  0 55  48 11 90  19  5  5  77
14 76  24  8 18  82  7 19 103  5 57  46 13 71  29 10 86  11  6 59  50  2 17  66 18 21  65 16 42  49 15  2 105  9 51  28  3 84  22  4 22  85 11  7 113 19 17  84  0 52  52  1 84  41 17 16  85 12 28  80
 9 23  68 13 48  54 16 68  27  6 91   7 10 76   6 19 92  41 12 39  39  4 12  81 17 15  93  3 42  70  5  5  84 18  5  86 11 85  11 15 78  14  7 75  32  1 81  12  0 51  17  8 35  92  2 70   3 14 87  13
 9  2 107 12 37  63  6 30  69  8 14 102 11 44  49 10 68  39  3 22  77  4 24  45 15 13 102  7 80   7 14 50  69 17 89  35  1 12  64 18 45  38 19 36  62  2 30  66  5 28  63 16 56  42 13 58  54  0 60  28
12 92  27 13 34  77 11  2 112  1 35  50 10 82  24 14 60  56 19 76  13  7  3 126  6 89   2  9  8 100  8 97   5  2 23  78  5 26  75 18 49  68  0 66  23 17 37  78 15 55  82  3 72  40  4 70  41 16 63  30
 1 72  26 15 41  53 12 53  66 18 83   3 10  4  95  9 68  42 13 40  54  3 80  40  8 17  68  7 90  22  5 57  29  2 81   8 19 24  60  0 26 102 14 35  64  6 13  97  4 38  56 17 59  33 16 46  39 11 38  53
14 72   5 11 65  46  2 50  33  9 92   0 10 88  24 13 11 112 15 83   2 18 87  31  3 42  60  7 57  69 17 87  12 16 83   2  5 43  70  4 98   1  1 47  48 12 74  31  6 61  36  0  3  84  8 81   4 19 18  87
14 13  98  1 44  77 13 84  36  8 19 108  6 69  33 10 23  80  7 32  53  0 30  65  9 26  76 19 64  38 16 55  52  4 27  68 15 52  57 17 17  92  2 97   8 18 21  75  3 73  33 12 45  51 11 31  70  5 49  50
 2 38  85  5 80  15 16 48  46 18 54  35  0 54  38  7 38  46 13 39  66  3 49  63  4 29  71 19 98   9  8 86  13 12 20  71 17 23  79 15 22  83 14 81  39  6 38  50  1 98  11 11 96   7 10 90   4  9 14 103
 9 70  35 12 48  33  6 93  29 19 86  16  2 21  95 11 97  15  1  7  51 17 68  42 13  5  92  8 13  97  7 26 102 15 79  19  4 94  19 18 25  91 10 50  65 16 31  82  0 37  65  5 83   8  3 41  31 14  7 106
14 93  28 11 75  45  3 33  73  9 46  44  6 14  52 17 17  60  4 70  29 13 63  50 19 38  57 16 63  26 10 45  44  0 99   8  7 41  32 15 12  91 18 64  15 12 34  85  5 12  67  1 54  36  2 66  43  8 31  79
12 60  26 18 97   9  6 95  11  7 41  37 13 71  29  1 88  26 19 91  11  0 92  19 10 99   9  9 52  69 15 69   3 17 79  31 11 30  33  8  3 111  5 55  48  3 59   6 16 88   6  2 28  84 14 71  41  4 73  62
18 53  62  1 97   2 10 53  61  4 29  43  7 64  45  2 19 104 14 15 110 13 79  29  3 99  25 16 39  80 12 72  10  5 82  26  6 77  29 11 25 109 19 96  26 15 92   8 17 98  24  8 79  12  9 31  92  0 19 114
 7 56  16  4  6  85  6 63  31 16 50  62 12 67  23  1 80   1 18 60  38  0 36  64  8 10  90 17 14  97 19 44  83  5 81  22 13 54  78  3 20  77 10 67  47  2 25  76 14 49  46 11 78  16  9 75  25 15  3  95
16 83  10  4 73  22  1 22  81  2  4  60  0 30  61 17 27  75  6 76  27  8 54  40  9 48  68  3 82  19 12 89  12 10  8  78  7 80  43 18 26 100 13 98   6 11 97   5  5 10 109 19 66  12 14 76  19 15 77  15
17 75  30  3 99  10  2 70  43  4 75  25  8 16  94 19 69  23 16 52  70  6 21  79 15 23  84  1 28  96 10 56  17  5  5 105  7 78  33 13 72   9 12 56  79 18 23  81  0 30  67 14 51  49  9 27  49 11 38  81
16 96  11 17 25  81  4 56  40 13 67  27 18 77  11 15 61  42  7 55  34  5 87  36  0 20  94 14 60  34  8 40  85  6 23  88  9 17  99 10 24  81  1 37  66  3 52  53 12 46  41 19 96  29 11 19  89  2 46  65
 3 34  64  8  9  90  7 13  74 15 74  19  9  4 105 12  5  99 17 41  71  4  3 108  2 61  56  5 28  84 11 48  60 14 63  48  6 37  77  1 58  43 13  6  90 10 91   3  0 35  87 16 95   8 18 98   7 19 90  19
 3 50  57  0 26  84 17 10 116 10 75  22  4 93   3 13  9  87 18 92  13  7 55  72  9 63  36 15 51  51  2 33  88 14 60  42  5 91   5  6 51  43  8 96   8 12 18  83 19 75  62 11 73  29 16 50  54  1 62  42
12 28  72  8 41  68  6 92  14 11 57  28  3 10 111 16  5  84 10 85  15 19 41  52  1 98  24  7 12  99 15 62  41  9 39  73  2 53  63 14 51  59 13 81  11  4 56  42  0 39  35 17  5 112 18 90  35  5 65  33
17 83  39  3 57  33  2 47  38  7 37  46  1 10  95 10 13 107  6  1 108 14 98  24 19 35  77 11 17  68 13 59  51  8 86   1  4 16  87  0 66  38  5  1  95 18 19  88 16 10  72  9  1 112 15 59  56 12 67  50
 1 24  77  8 69  69  7 87  12 11 87  30 15 95   4 14 44  31 10  8  63  6 42  54  9 21  78 13 39  69 17 75  51  5 79  37  4 73  42 16 21  75 18  8 122  3 87  15  2 66   1 19 25  77 12 58  57  0 91   1
 4 45  56 11 29  94  8 95   3 17 55  68  3 62  38 13 97   4  9 77   3  2  2 103  0 43  56  1 68  38  5 94   7 16 20  68 15 61  52 10 78  29 12 65  40  6 70  30 14 42  27  7 69   7 18 59  34 19 38  67
18 79   4  6 55  49 17 65  62 11 61  16  3 85  33 13 36  62  9 31  45 15 80  23  8  1  88 12 62  31  5 73  25 10 31  61  2 62  57 19 13  77 16 27  84  7 28  50 14 52  69  0 71  27  4 76  22  1 73  27
13  8  97 19 75  20  7 10  91  9 65  48  2 39  75 11 50  71 14 15  90  0 46  57 16  6  92 15 16  84  1 87  21 10 31 109  4 78  13  5 33  50  3 81  18 17  1  88 18 86  11  6 16  91  8 64  60 12 55  37
11 45  61  8 51  54 10 66  53 16 28  82 12 56  38  7 42  88 15 93   9  4  5  96 14 99   8 17 16  78 19 76  34  1 32  71  5 29  79  9 33  51  2 23  59  6 65  32 18 52  54  3 99   5 13 91   7  0 12  87
 4 57  45 17 91  18  6  8  91 10 79  39 16 61  45  7 54  45  2 47  80 19 93   4 11 39  49 13 62  46  3  6  97  1 63  42  8 28  66  5  4 105  0 84  18 12 60  27 15 70  30 18 22  79 14 76  27  9 61  41
17 97  18  2 40  37  7 40  55  4 86   4  9 97   8 15 45  69 19 31  63 16 56  44  5 95   5 12 30  75 11 87   6  3 23  96  1 71  52  0 61  50  8 92   0  6  1  92 10  5 101 14 92  19 18 26  70 13 15  80
12 24  69  4 58  38 19 62  49  5 41  76 17 11  93  6 17 103 14 45  61 11 73  21  0  2 100 18 57  63  8 65  52  2 51  47 13 75  23  7 59  53  1 97  14 10 88   2  3 52  54 15  8 119 16 59  63  9 71  52
 7 18  80 19 68  38 12 70  50  3 85   4 15  8  94 10 96   3  2 82  39  5 34  71  0 76  25  9 45  59 18 99  34 17 39  49  1 26  88  8 76  26  6 45  74 11 77   0 16 97  27 14  3 105 13  5  81  4 53  30
 7 12  70  8 60  27  4 53  74  3 51  55 18 17 107 19 41  46 11 25  73 14 90  11  6 21  69  0 65  36 16 34  88  5 51  48 17 60  32  9 51  48 10 67  37 12 97  26 15 40  60  1 24  86  2 22 105 13 29  83
17 29  54 13 36  69 19 91   2  6 68  46  3 64  53 18  2  67 12  6  92  9 65  18 16 44  81  8 50  55  5 21  94  1 64  40  7  6  90 14 99   9 11 44  57  4 13 109 15 42  54  2 12  98  0 15  83 10 42  68
16 32  63  2 59  38 11 29  52  7 75  23 12 54  50 14 93   5  9 41  61 17 10  99  0 63  37 10 70  20  4 84  15  1 23 103  6  9  86 13 39  37 19  9  86  8 23  81  5 68  31  3 65  25 15  9  84 18 64  51
16 83  18  9 26  57  7  3 106 18 37  59 11 66  58  8 63  18  4 10  77  3 83  14  2 80   4 15 45  63  1 16  80  0 82   2 19 12 101  5 85   1 10 30  62 12  2 108 13  7 100 14 13  83 17 35  89  6 46  60
 4 21 105  1 29  74 17 50  40  6  5  96  8  6  55 13  6 106 19 88   4  0 50  55 14 50  54  9 65  20  3 68   2 12 71  16 10 45  42  5 51  51 18 52  68  7 53  57 16 37  90 15  1  99  2  9  76 11 41  47
12 88   8  6 55  48 16 65  15  0 97   4  2 94   8 19 73   3  4 47  80  8  8  81  7 74  19 14 43  62  5 98  14  3 13 109 18  8 115 11 32  74 15 53  61 10 70  50 13 70  30 17 37  54  1 52  54  9 21  89
15 41  67 18 31  85 11 53  40 13 34  81 19 88   3  7 96  18  1 69  21  2 92  19 16 35  59  8  3  87 14 53  51 17 92  13  4 54  49  9 21  91 12 90   7 10 68  42  3 23  64  6 16  65  5 39  77  0 25  45
 2 35  62 13 49  53 11  2  98 12 34  92  4 89  23 17 36  62  7 81  43 14 29  80  6 99  15  8 96   9  5  5 117  3 28  61 15 97   0 16 11  69 19 79  20 18 91   8  9 65  44  1  5  86 10 94  24  0 94   9
 9 84  19  6 34  67  7 56  41  8 77  43 14 31  69  2 97  11  3 80  24  4 88  28 18 33  68 16 73  47 15 71  13 12 37  71  0 78  35 13 81  10 10 71  45 19 50  44 17 46  54 11 90   7  5 22  67  1 25  74
 9 78   1  2 93   2 12 11  74 15 53  28  8 57  55 13  3 106  1 52  48 19  4 126  5 99   9 16 24  86 14 10  67  7 41  67  4  9  80 10 27  54 11 19  87 18 90  22 17 55  65  6 43  59  0  5 103  3  9 105
 6 20  74 18 46  57 11 57  15  8 63  42  4 70  20  7 64  50 19 55  66  9 30  56  5 26  84  2  6 101 17 70  40 15 48  38  0 91   7  1 97  26 16 77  24 10 94   6 13 88  36  3 75   1 12 52  40 14 77  11
12 35  43 16 41  39  8 48  59 19 97   4 17 73  15  0 73   2 14 67   8  6 19 120 18 72  24  1 82  29  5 79   7  4 45  61  9 28  76 13 64  52  7 22  69 15 65  66  3 79   7  2 14  70 11 29  74 10 36  74
10 55  71  1 54  73  2 86   1  8 10  82  7 73  10 12 32  79  4 61  27 19 50  62 16 33  81  5 81  17  6 57  65 14 99   1  9 12  83  3 49  71 18 37  39 17 72  27 11 90  18 15 60  31  0  6 101 13 66  17
 7 35  59 14 34  62 12 97  11  5 23  59 10 69  48 13 56  43  3 38  58 16 15  91  2 67  46  1 75  36  4 52  51 19 91  25 15 55  58  0 56  63 11 73  24 18 80  46  9 88  41 17 25  64  6 20  92  8 65  59
 1 65  25 13 76  24 17  6  99  0 39  61 19 91  16 12 84  46 15 14  79 16 13  65 10 32  67 18 29  73  4 23 117  6 12 117  5 33  62  2 59  33 14 40  71  3 21  76  8  8 102 11 82  21  7 73  12  9 77  16
13 53  66  4 21  88  7  5 104  9 41  66  8 93   6 18 28  71  2 37  44 19 76  43 12 43  73  6 32  90 17 17 112 14 11  93  0 72  44 16 32  50  5 47  42 15 68  35 11 90   7  1 65  61 10 63  44  3 60  74
14 91  29  3 81   5  1 76  21  4 44  56 17 30  51  7 84   6 16 54  60  0 26  87  8 19  87 11 93  12 10 83   0  6  7  85 12 44  36 18  8  71  5  5  99 13 66  68  9 58  31  2 98   7 15 81   9 19 36  42
12 33  40 13 56  49 11 85  43 18 15  68  9 38  43  8 64  60  2 24  75  4 73  27  5 19  93  0 26  88 14 59  48  6 12 103 10 14  66 17 22  97  7 38  47  1 65  44  3 58  47 15 92   8 16 40  41 19 52  53
18 92  10  5 12  90  7 82  22  3 41  50 19 51  49 11 46  46  1  7 109 13 30  93  9 26  46  8 89   2  6 62  17  2 81  19 14 82  43 12 85  18  4 70  23 16 34  63  0 15  76 17 98   6 10 97   9 15 48  64
 6 11  89 16 10  99 10 73  49 19 50  78 13  3 108  0 16  60 15 24  89  9 88  29 12 94  15  8 11  96 17 58  60  7  4 102  4 66  38 18 58  63 14 42  49  5 69  34  2 98  15  1 50  56 11 25  82  3 46  40
17 87  46 15 97  20 10 84  11 13 49  51 11 82   7 18  3  99  9 76  30  1 77  26  5 35  56  0 41  63  7 56  39  4 31  95 12 50  57 16 56  36 14 75  38  3 42  77  2 37  64  8 94  17 19  3  89  6 14  64
 2 88  20  3 77  20  8 64  59  1 42  40 13  7  76 15 84   1 19 16  70  7 20  74  6 56  14 10  7  80  5 47  76 14  2  97  0 49  51  4 53  44 11 65  31 17 76  11  9 82  24 12 12  91 16 41  69 18 94   0
15 84   3  5 99  10  1 61  43 11 28  67 16 59  40  0 64  32  4 51  54  7 77   3 13 26  93 18 43  60  8 72  47 17 63  45 12 68  46  9  4  97  6 86  33 10 87  20  3 77  18  2  8 105 19 47  65 14 38  53
 6  7  91  0 40  52  3 96  20 14  7  80 12 82  20  9 61  39  8 89  15 16 76  14  4 35  51 18 97   3 13 95  10  1  5  85 10  4  93  7 11  78  5 83  16 19 65  68 15 86  26  2 14 100 11 17  89 17 34  72
 2 51  66 10 72   3 19 74  45 13 35  50 11 92  13  0 53  62 17 19 120  4 90   8 12 35  70  9 47  46  5 49  80 18 34  57  1 68  33  6 46  66 14 80  23  8 30  73  7 71   3 16 31  56  3 50  39 15 70  26
 7 31  56 10 71  37  4 45  12  6 75   8 12 40  71 15 87   2 16 55  35 17 21  88 11 18  95  9 21  64  1  1  98  2  5  95 19 17  84  8 83  19 18 58  46 13 68  42 14 66  30  0 89  16  5 35  46  3 67  23
 7 85  26 12 13  96  3 46  39 14 96   9 10 90  26  2 31  49 15 75  45 18 88   5 16 18  76  9 80  15  5 48  48  1 74   9 11 55  44  8 68  22 19 88  18  4 85  36 17 55  34  6  6  77 13 82   1  0 82   2
17 89  13  6 52  28  8 29  81 11 38  54  7 90  16 13 70  36  0  4  83  5 86  13  1 48  58 10 59  37 16 75  24  4 38  67  9 37  31  3 46  83 18 40  71 15 23  50 19 19  54 14  3 117 12 35  72  2 71  48
15 64  27  1 60  41  7 86  24 19 14  84 10 61  21  6 87   8  5 47  27 17 83  19  2 66  34 16 78  26  8 90  34 14 80  15 13 80   4  3 58  34  4  8  81  9 14  81 11 43  56  0  4  96 18  1  90 12  3  77
17  5 119  5 61  35 19 23  87  4 57  43 16 67  19  7 49  30 13 88  19 10 23  61 11 12  78  2  3  96  8 29  73 14 69  26  9 52  42 15 13 101 18 16  67  1  2  84  0 13  95  6 50  49  3 46  34 12 73  31
17 85  50 18 86  15 19 48  60  7 71  11  6 83  17 13 17  86 15 17 107  1 18  71 16 34  69  9  7  79  8  2 118  5 41  38 14 34  49  3 37  68 11  7  91 12 88  13  0 59  29  4 56  54  2 63  67 10 50  38
 8 59  32  2 49  40 13 81  25  6 13  75 18 29  84  3 19  62 19  5 127  7 77  36  0 71  44  4 11 100  1 68  23  9 90  39 10 62  27  5 96  25 14 70  32 17 31  64 12 55  18 11 80   7 15 55  16 16 85   9
14 85  16  7 88  22 17 97  14 18 58  51  4 83  15  9 47  58 12 84  26 13 95  18 10 62  32  5 72  26  6 75  33 11 40  92  0 52  52  8 79  24 19 48  43 15 53  45  1  5  96  3 38  68 16 44  69  2 28  81
18  4 115  4 16  99  1 82  28 13 45  77  6 65   8  3 35  50 16 58  58  0 31  69  8 45  42 14 12  81 11 58  33 19 51  75  9 43  43  7 12  85 17 48  57  2 38  64 10 72  23  5 93  10 12 11  75 15 94  30
16 42  75 19 49  63 13 84  22 18 90  20  7 16 101 10 78  36 17 83  15  3 82  33  9  7 101  6 99   9  0 22  59  4 14  79  8 63  55  1 81  17 15 78  39 14  7  94  5 31  75 12 14  81  2 59  32 11 33  59
10 14  90  0 67  32  1 66  30  9 24  47  3 75  30 18 85  10 13 62  58  7 59  33  8 65  44  5 74  51 15 58  38  2 18 104 17 90  35  6 81  25 11 53  44 16 24  89 12  8 107 14 17  94 19 99   2  4 62  39
 4 68  38  9 93  16  3 19  79 10 51  63  8 36  75  6 85   2 12 66  26 18  7  75 17 51  46 16 89  28  7 11  77 11 70  22 15  2  81 13 11 115 19 49  39  5 41  53  0 68  27 14 80  31  1 51  46  2  2 104
 5 92   6 19 16  88  0  6 109 13 22  63 16 93   7  6 89   8 17 29  85 10 34  71 15 62  37  1 19  89  3 61   5 14 18  83  2 91  12  8 16  79  9 27  66  7  4 111 12 69  26 18  2  98  4  7 109 11 83  27
 4 16  86  7 19  81 14 32  61  8 39  54 13 19  88 12 51  37 11 11  75  1 31  55 17 23  84  9 72  15 19 49  40  0 71  24  2 33  81 16 73  44  6  3  86 15 54  62  3 37  63 10 24  78  5 17  82 18 60  22