100 20
 8 53  43 10 40  44  5 82   8  0 42 34  7 98  16  2 86  12 14 50  61 12 57  17  3 28  84 15  7 102 18 13  70  9 24  85 11 61  10 16 54  53  4 97   7 13 92   6 19 86  17 17  5  83  6 32  62  1 11 107
 3 44  56  4 50  57  6 39  57 10 81  6 16 51  53  5 92   2 13 65   1 18 20  74  1 75  37  0 60  42 14 95   6  9 28  62 15 14  77  7 28  54 17 54  58 12 55  53  8 91  11  2  3  82 11 28  61 19 93  12
 0 52  32  8 67   9 13 64   8  5 83  2  2 37  72  9 21  65 18 10  97  1 62  39 14 74   7  6 86   0 17 71   7 15 43  54  3 24  71 19  5  68 12 78  25 10 10  79  7 40  69  4 51  46 16 89  15 11 54  38
12 74  30  9 86  28 14 71  33 19 80 37 16 21  60  2 14  60  0 49  17  6 16 103  1 26  53 13 34  73 17  2  99  8 17  72  7 47  38  5 68  30 10 21  82 15  8  79  4  8  83 11 51  59  3 21  40 18 71  28
 9 89   9 17 50  55 12 80  36 18 88 15 13 16  73  8 58  40 15 20  79 10 32  62  6 42  54 14 89  10 19 79  23  4 87   4  5 73  26  2 74  25  0 17  86 11 53  49  7 81  11  3 85   3 16 55  48  1 57  45
11 73  36  5  5  89 18 26  68  0 57 44  9 45  51 16 40  38 19 46  60 15 15  94  4 79   0  7 48  30  8 20  51  3 69  38 17 16  88 13 29  68  2 48  63  1 38  67 14  6  86 10 18  76 12 62  21  6 86  29
 7 57  29  3 89  16  9 91  10 10 96 13 13 66  49 19 49  66  6 88  41 14 62  48  5 86   1 16 80   8  0 13 101  1 58  33  2 81  31 18 70  34  4 48  65 17 61  56  8 12  93 12 69  45 15 76  15 11 23  84
 4 30  84  5 65  29  9 26  35 18 60 22 10 38  60  8 66  30 11 76  16  0 85  23 16 39  75 13 96   5 12 19  71 14 75  36 19  5 133  7 91   7 15 14  84  2 46  49  1 27  62 17 69  37  6 95  26  3  3  80
17  1  63  4 99  10  8 97   4  3 17 88  7 51  66 13 63  57 12 82  11 14 79  15  9 60  38  0 61  27  5 92   2 10 58  13 15 13  93 19  2  78  2  3  87  1 74  26  6 43  62 16 34  60 18  6 107 11  1  84
 0 18  73  8 77  32 19 12  99 18 36 99 13 64  38  7 35  72 17 66  44  3 86  16 15 98  33  6 54  71  2 11  88 14 41  33  9 15  97  4 87  21 16 76  39  5 33  75 11 85  14 12 12  89  1  1  95 10 62  37
10 29  56 12 17  62  1 21  89  6 93 14  2 39  53  5 48  38  0 46  59 13 60  44 16  9  77 17 61  32  3 43  54 18 47  51  8 47  54 15 92  13 11  2 111  7 77   9 14 58  34  4 71  13 19 16  80  9 50  70
 6 91   2  7 42  32  5 32  95 10 96 18  1 58  38  3 24  90 18 56  65  2 63  44 15 74  22 16  1  78  4 42  48 14 84   2  0 56  45 11 44  56 13 58  57  9  1  84  8  5 104 19 53  48 17 44  68 12 52  54
18 48  69  2 16  98  4 37  53 15 60 26  7 54  52  5 32  51 11 69   4  3 25 106 13 48  45  6 72   3  0 77   5  9 29  63 17 64  10 16 10  64  1 53  48 19 90  15  8 71  36 14 84  11 12 82  14 10 93   0
17 23  67 13 28  75 14 99   1 19 49 50  0 79   2  4  7  87  9 32  63  6 89  20  5 12  77  1 22  82  8 54  64 12 88   8 18 69  17  7 65  49  3 95  44 11 84  19 10 32  38 16 64  19 15 33  64  2 55  40
15 97  15  1 49  50 13 11 109  8 79 20 19 86   7 17 67  41  6 51  34  2 80  15  9 29  70  0 75  23 14 64  36  7 59  40  4 92   3  5 85  25 16 92  21 18  3 126 10 94   9  3 69  26 11 34  99 12 27  63
 8 75  50 12 20  91  5 87  17  2 67 53 19 70  25  0 23  77 15 93  16 14 31  56  4 72  19 18 16  75 11 36  51  1  5 123 17 59  46  3 75  18  9 85   6 10 24  62 16 29  21  7  5  85 13 47  36  6  1  82
14 24  98  6 13  82 16 27  73  9 21 61 11 29  63 12 19  85 13 91   3  4 37  34  2 93  11 15 76  18 19 75  35 17 15  73  5 70  46 18 70  27  3 91  18 10 57  41  7 18  88  1  8  71  0 29  60  8 73  46
12 16  82  2 15  69 13 76  12 16  1 81 11 93  11 18 87   2 19 60  23 17 67  35 15 27  79  7 91   7  1 45  47  8 28  71  3  7  77  0 68  37  4 97   9 14  6  93 10 50  39  6 71  31  9 52  60  5 99  11
14 81   9  6 53  37  9 16  52 18 88  5  3 16  59 13  3 108  2 49  67 15 62  30 19 26  58 17 26  57 12 43  82  5 31  62  1 75  24  7 35  55  0 72  27 10 37  50  4 79  10  8 94   2 11 94   4 16  7 101
14 93  17 19 21  86  5 92   2  3 60 44 12 42  82 15  9  92 16 93   7 13 68  14  9 28  71 18 29  50 10 45  40  1 94  10  7 97   8 17 78   5  0  5  88  4 66  16 11 85   2  2 39  59  8 18  78  6 80   8
11 43  60  7 33  81 14 21  65 13 63 54  3 56  32 17 90   9  9 12  72  8 12  85  0 79  24  5 51  62  4 99  18 19 98  20  6 68  28 15  8 101 10 61  33 16 41  50  2 58  67 12  8 114  1 42  90 18  9  96
 7 66  38 18 83   5 17 38  73  0 40 33  1 57  38 16 62   6 12 31  80  9 21  71 14 88  11  6 59  37  8 82  52  3 96  14  4 69  33 15 11  81  2 49  55 19  1 100 13 56  13  5 97  27 11 21  70 10 26  58
 1 53  54  5 12  94 16 91  15  3 86 28 17 66  37  2 85  48 15  2  80  6 78  19  4 23  80  9 28  73 11 16  76  8 35  50 13 55  67 10 35  54 14 51  50 12  3  93 18 25  69  0 54  24  7  6  66 19 10  91
 1 10 110  0 63  20 16  3  85 10 67 40  8 82   5 14 12  91  2 99  11 17 57  42  6 70  18  5 67  52 11 82   4 13 37  43  4 16  71  9 47  44 15 90   8 12 71  20  7 74  28 19 75  22  3 31  59 18 69  15
14 86  11  0 17  83  5  1 105 18 39 49 10 42  37  7 35  64 17 85  18 13 35  55  2 93   1 19 48  66  6 22  83 15 76  11  3 25  60 16 42  52 11 65  20  1  3  62 12 79   8  9 95   1  4 59  28  8 24  81
10 83   7  7 72  25 14 50  36  6 93  6 13  8  95 11  7  87 15 79   2  9 57  59  4 95   8  8 68  29 19 67  38 12 15  79 16 58  33  1  2  79  5 34  73  3 95   1  0 72  32 18 96   7 17 30  64  2 26  76
 0 11  80  5 22  73 10 81  22  2 63  6  1 95   5  8  2  90  9 22  58  4 81  18 12  2  83  6 91   7 11  7  95 18 36  65  3 27  63  7 87  19 13 54  54 16 24  62 19  4  81 17 94   6 14  7 117 15 26  68
18 11 105 17 21  78 16 46  36  8 91  5 19 30  62  6 18  72 10 37  68 14 35  69  2  4  94 15 64  23  7  9  91  9 57  48  3 51  66  4 41  60  0 90   6 12 24  79  1 28  51 11 94  11 13 80   6  5 32  68
18 17  90  7 40  61  6 44  59 14 72 21  5 41  42  8 31  40 16 86  29 19  7  76  3 60  26  2 41  44 17 11  89  4 36  48  1 20  45 13 23  74  0 81  19 15 27  81 10 53  39 12  8  81 11 96   5  9 77  15
19 39  75  1 40  59 11 37  41 17 70 11  7 13  97  3 43  50  4 36  68  6 81   8 18 55  43 16  4  82 15 60  57  9 20  86 12 31  61  5 66  14  0  9 106  8 22  96 10  6  66  2 84   3 13 94   4 14 15  82
 2 52  51 13 12  91  5  1  57 16 32 80  0 52  62 11  6  93  7  9  91 17  6  91  9 18  82 15 97  28 18 82   4  6 12  81 14 62  58  3 43  44 19 88   3 10  4  73 12  8  93  8 89  41  1 49  54  4 27  56
10 69  50  4 98   3  5 43  61  0 94  6  8 71  23  9 82  36  1 42  76  6 91  18 17 20  66 13 52  65  7 45  52 16 58  51 11  1 123  3 19  65 19  7  83 14  9 101 12 83  11 18 93   5 15 62  38  2 68  15
17  6  92 10 78  33 12 55  74  7 62 45 19  1  76  2 33  42 15 26  77  9 20  49  0 21  59 11 99  12  3  8 107  5 91   2  8 76  20 14 52  32  4 33  76  1 15  60 16 72  23  6 34  76 18 34  80 13 96   2
15 49  43  2 20  73 16 54  59  6 34 61  4 43  61  8 28  98 14 59  23  1 63   6 11 95   3 13 32  71 17 23  83 12 28  62 18 47  45  7 45  45  9 28  75  0 46  58 19 25  56  5 53  24 10 18  64  3 53  46
 6 41  45  4 13  88  5 43  64 18  8 79  7 98   6  9 75  12  0 71  36 15 60  57 17 20  93  1 15  82 11 11  87 12 65  32  3 56  28  2 89  23 10 48  38 13 83  24 16 76   9 19 82  18  8 52  38 14 26  49
 5 40  48 14 20  65  0 63  29  8 10 75 11 23 100  6 79  37  4 71  36 15 12 100 16 43  49  3 15  61 13 62  16  2 19  72 19  4  98  9 46  39  7 70  51 18 87  17 17 45  77  1 24  57 10 30  40 12 76  15
15 37  79  6 58  35  2  5  89 12 29 77  1 20  76  9 24  69  4 40  51 17 34  72  5 53  60  3 72  12 10 12  79  0 26  73 18 12  79 14 40  68 13 74  44  8 29  52 16 43  54 11 42  68  7 12  70 19 43  60
 6 62  23  9 35  84  2 62  44  0 20 79 10 17  58 11 44  46  8 94   7 18  6  91 13 83  12  7 85  24  3 14  72 14 71  16 15  5  85 16  7  92  4 53   7 17 43  71 19  2  85 12 11 114  1 18  98  5 89  30
 0 68  28  1 94  11  7 87  12  9 34 81 12 10 111  2 76  19  6 29  87 16 41  94  5 30  66  3 58  20 19 34  62 10 83  19  4 15  74 13 30  48  8 28  85 15 24  66 17 40  56 11  1 104 18 72  29 14 82  35
 2 55  55 18  9  76  8 85   4  0 74  9  3  6 106  5 16  76  9  5  93 15 24  95  7 12  84 11 33  88  4 30  45 16 34  66 10 34  57 14 17  75 12 75  44  6 38  66  1 49  64 17 78   2 19 19  83 13 35  78
 7 51  39  5 40  78 11 28  57  2 84  6  8 78  20 15 93  13 12 39  40 18 14  79 14 57  40 17 52  46  3 94  29 16 10 117 10 35  47  1 97   5  0 93  11 19 87  11  9 47  68  6 27  68  4 18 109 13 24  72
15 43  43 16  9 100  7 63  24  3 11 84  9 26  83  1 42  58 17 53  54  0 42  58 14  8  84  8  7  92  2 77  24 10 97  14 19 43  32  6 52  37 11 32  72 13 23 106 18 32  67  4 50  39 12 99   8  5 83  16
 3 51  43 13 16  80 16 83  13 10 33 43  2 90  24  0 24  68 15 21  63 17 95  12  4 11 104  5 56  48  8 21  82  7 37  60  9 72   3 11  5  93 18 94   9 19 28  81 14 26  74 12 67  61  1 52  34  6 95   6
 7 82  19  8 72  22  3 62  54 19 61 60  1 22  82 12 18  82 11 66  30  2 28  80  5 88  14  0 48  48 16 87  21 18 41  80 14 78   2 17 70  23 15  2 105  4 15  77  6 13  74  9 25  79 13 44  62 10 62  27
 1 28  58 19 24  80 12 56  24  8 77 15 10 21  59 14 46  43 11 30  84  9 89   1  2 56  34 18 71  34  0 23  77  5 31  57 13 26  85  7 76  10  6 70  20 15 93  14  4 86   0 17 74  31 16 79  33  3 57  73
16 40  68 14 72  25 10 96   2 11 52 48  9  4  95 17 17  87 13 25  60 18 92   1 12 67  34  2 77   1  1 62  27  4 11  90  0  3  91  8 75  14 15 21  68  5 79  11  3 90  15  7 70  26 19 40  32  6 51  65
 7  7  84 15  7  85 11  2  64  1 61 38 13 34  75  3 46  66 14  7  75  9 22  73  4 36  80 10 36  61  6 11  94  8 95  19  2 11 112 18 69  51 12  8  99 19 56  42  5 33  40  0 69  16 17 87  18 16 58  43
 8 31  49  1 11 102 10  5  86  3 15 82 12 51  42 17 76  18 15  1 108  7 51  46 16 30  60  9 36  53  4 17 105  5 52  73 19 61  71 11  9 101  2 80  20  6 10  81 13 75  25  0 66  52 18 32  71 14 14  69
 9 84  20 18 94  11  4 61  36 14 90 26 12  9  83  5 72  34  6 66  24  8  5  90 17 76  45 10 41  71  2 87   8 15 80   8  3 50  26 19 45  53  1 95  26 11 12  99  7 32  45  0 52  48 16 28  48 13 75   8
 5 60  34  8 21  88 14 60  37 10 52 41 12 42  75  0 47  50  4 77   2 11 93   5  2 27  94  1 62  34 13 24  87 15 37  51 17  4 112 19 75  12 16 56  36  9 16  87 18 76  30  6 64  52  7 85  20  3 11  96
 3 21  93 15 10  76  9 87   4  5 47  5 18 40  72  7 45  41  1 48  73 17 27  86 12 63  37  0 29  51  6 36  63 19 25  70 11 74  11 14 19  65  4 20  81  8 78  10 16 51  55 13 32  60 10 69  39  2 23  67
15 71   3 13  7 102  1 64  29  7 53 44  0 89  31  4 39  49 17 86   5  9  2 105 19 92   6  5  5  82 18 52  65 11 63  40 16 27  61 14 75  24  8 46  58  3  3 104  6 98  19  2 82   7 12  6 115 10 70   1
12 51  47  9 89  22  8 36  68  2 84  1 18 95   6  1 12  99 19 97   7  4 75  17 10 57  31  0 79  21 13 91  20 17 77  25 15 17  77 16 86   9  6 58  58 11 43  80  3 15  97 14 90  12  7 28  91  5 45  47
17  3 100 18 31  48 14 71  28  8 51 46 12  6  79  5 37  50 11  4  77  2 81   6  1 98  10 15 97   5  7 58  45 16 19  58 10 84  46  6  3 124 13 96   6  9 50  44  0 21  66  3 86  17  4 44  63 19 76  61
 5 66  42 12  9  94 16 32  64 11 78 54  0 20  94  8 69  64 10 46  62  4  1  94  7 93  15  3 81  21  2 18  77 13 64  51 17 40  41  1 39  40 14 86   6 15 92   1 18 69  13 19 69  38  9 17 115  6 11  97
19 98   5 11 80  23  2  8 108  3 98 16 14 56  48 10 47  37  1 26  65 12 30  52  9 49  50  6 55  44 18 75   5 13 66   2  5 44  67  8 12 101  7 60  69 17 81  16  0 82  24 15 38  63 16 29  51  4 72  39
 9 55  31  8 18  53  4 32  64  1 78 11  5 95   9 12 40  77 16 79  16 19 35  67  3 41  82 10 40  58 15 65  32 14 89  14  2 16  59  6 20  60 11 86   6 18 59  46 13 49  41  0 86   4  7 36  83 17 25  94
12  6 100 16 51  53  2 26  56 18 59 40  3 20  91  5 65  25  4 50  43 11 99   5 13 96   6 14 62  29 10 47  40  1 89  21  9 39  57  6 68  39 17 28  64 15 70   6  7 29  52  0 71  26  8 94   4 19 79  23
17 51  48  2 73  24  5 20  88 11 26 68 16 11  99 12 46  72 14 35  60  3 87  14 15 84   3 13 95  16  4 84  22  1 97  17  6 50  40  9 10  79 18 99  14 10 97   2  7 86  17  0 83   2 19 27  79  8 84  12
18 58  28 13 24  96  1 99  19  3 80 34  0 78   3 14 10 106 12 53  66  6 10  76 11 99   7  8 85  33 15 80  44 16  7  85  7 24  63 19 66  36  9 92  32 10 74  20  4 98   9  2  9  91 17 30  71  5 28 102
 7  9  81  6 88  28 16 56  82  0 23 58  2 92   2  5 38  56 19 88  18 15 64  58  1 71   4 10 59  38  8 11  97 14 32  66 18 71  44  4 62  49  3 27  58 13 20  58  9 54  52 11 43  48 12  2 122 17 73  30
17 69  34  8 47  37 19 60  44 13 75 12  9 13  97 16 22  64  7 16  84  0 60  26  3 87  11 18 80  20 10 33  62  2 14  93  1 59  28  6 99   3 11 97   1 14 55  71  4  3 123 15 40  51  5 30  81 12 36  66
 1 56  52 10  2  93  7 31  42  0 70 32 15 92  22 16 87  18 17 49  46  9 25  78 13  5  83  5 42  71  2 66  30  3 18  71  6  1  89 11 43  61 12 32  49 14 46  68  8 48  43 18 20  86 19 11  98  4 23  86
 9 29  65 14 22  84 17 17 100 18 19 85 13 35  67 12 28  82  4 19  72 15 29  51  7 80   9  3 59  44  5 86   2 19 95  16  0 36  51  6 79  19  1 82   9 11 89  25  8 72   9 16 27  59  2 86  18 10  4  65
 1 76  17  9 31  59  4 93   5  5 64  4  7 87   8  8 84  15 15 62  23 13 41  65 12  6 101 10 36  88  3 12  86  0 18  71 14 68  25 19 96  22  2 90   6  6 34  62 16 67  45 18 61  21 11 73  10 17 64   7
 1 41  67  8 28  37 16 39  56 19 34 57  9 36  73  2 13  97 12 95   4 17 12 107  0 10 100 10 30  70  5 34  69  3 92   3 11 14  89 18 15 102 15 10  49  4 98  34  6 75  26 13 62  27 14 12  74  7 88  34
16  9  90  5 83  22  6 93   6  9 98  1  8 33  42 15 81  20  7 40  62 17 18  95  1 96  21 10 52  41  2 51  44 14 99  16  0 34  71 18 46  46 12 30  87 13 55  50  3 44  65  4 32  68 11 71  45 19 10  83
15 83  22 18 66  36 16 20  84 19 22 60  2 73  40 14 76   4  6 59  18  7 74  57  5 23  55 12 90  31  3 53  37  0 11  87 11 43  54 17 88   8  1 76  14  8 65  26  9 44  53 10 52  75 13 25  74  4 54  51
12 78  27 18 91   7 15 41  62 11 54 45  8 68  15  7 60  56  3 94  18  1  3  87  2 38  69  5 22  85 17 33  75 16 37  73 10 76  41 14 31  46 13 24  81  9 46  65  4 20  81 19 69  17  0 53  58  6 57  38
12 80  26 10 12  88  4 46  61  2  5 67  5 20  89  7 42  37  9 66  39 11 32  71 19 43  76 18 58  28 14 63   6 17 89   7 15 54  27  3 79  39  0 28  67 13 42  68  8 90  17  6  6 102  1 66  39 16 29  87
15 63  36  8 56  55  4 43  53 14 33 64 19 10 103 13 53  20  5  2 119 17 24  69  1  6 108  0 61  54  9 14 105  3 92   7 11 27  81  6 82  22 10 63  31  7  2 114 12 27  74 18 25  51 16 51  16  2 91  23
12 23  81  3 62  46  6 44  39 10 32 45 18 69  37 14 86   1 11 24  86 15 42  57  0 31  82 17 35  60  1 24  96 13 34  54  4 12  71  9 35  43 19 51  41  5 73  24  2  5  74 16 12  62  7 52  46  8 13  83
14 53  33  4 67  45  2 91  10 10 63 45 17 97   1  6 83  13  0 51  68  7 55  23 19 14  73  1 78  18 11 17  77  3 74  37 16  9  95 15 63  38  8 22  59 13 71  41 12 41  70  9 81  13 18 54  61  5 46  42
17 28  47 18 16  87  9 12  62  4 30 72  5 97   7  2 86  20  8  9  86 13 65  28  6 51  34 15 30  69 12 15  82  3 41  43 14 91  12  1 46  52  0 18  61  7 21  78 16 89   2 11  2  99 10 77  25 19 78  25
12 91   1 11 33  84  3 84  18  1 79  9  0  4 103 18  7  83  8 49  44 16 45  44 14  9 106 19 69  28 13 86  28 10 94   1  9 90  26  4 24  62 17 21  82  5 15  96  2 38  68  7 28  73  6 26  50 15 60  18
17 94   3 11 47  39  2 96  12 14 70 41 19 51  31 10 93  19  3 64  29  6 24  82  8 45  64  9 36  42 13 62  28  0 91  17 15 18  66  1 38  56 16 47  56  5 98   5  7 51  47 12 12  81  4 26  79 18 51  60
18 50  11 19 74  23  3 34  61 17 45 60  1 33  49  5 50  43  4 69  25 10 14  84  2 89  18  7 86   2 12 57  50 14 17  84  9 80  18 15 32  76  8 72  24 11 33  76 13 51  51 16 31  48  6 43  68  0 65  21
11 14  75  0  4  99 13 22  60 14 27 53 19 58  26  3 12  78  7 92   2  4 27  63  6 24  76 10 13  58  2  8  51  5 55  36  8 66  23 12 81  54  9 12  92 17 13  61 15 57  56 16 77  10 18 25  69  1 99   4
 7 99   4 17 84  19  3 72  22  9 79  0  4 72  17  8 47  48 19 47  52 15 92   4 14 49  40  2 49  51  0 43  72 11 33  68 13 30  96 16 16  88 10 35  43  5  2 105 12 47  75  6 59   7  1 44  45 18 98   5
11  1  82 17 75   7  9  2  83  1 26 82 10 20  63 12 54  54  4 63  28  0 31  65 13 44  55  6 98   6 19 73  65  5 41  55  2 52  66  7 81  20  3 30  92 14 57  43 16 25  71  8 70  10 15 58  10 18 83  22
15 21  49  0 15  86  2 60  52  9 30 43  3 50  31  7 31  81  6 17  96 12 34  66 17 15  89  4 98   5 19 77  18 14 57  46 18 58  47  5 40  38 11 21  66  1 25  68 16 41  76  8 78  20 10 44  47 13 26  72
12 14  73 16 31  83 10 86  16 13 68 28  7 69  23 19 71   1  2 44  63  6 10  80  1 76  47 15 82   7 11 54  34  0 40  68  5 46  29  9 47  31  4 42  52 17 86  21  3 62  58 18 41  80  8 27  73 14 12  54
19 18  79  5 46  55 10 22  99 15 66 16  8  5  72  7 12  71  6 27  72  1 82   1 14 24  71  9 60   6 16 10  96  0 93  13 11 54  59 12 10  86 17 60  29 18 14  75  3 16  82  2 48  48 13 18  80  4 82  25
10 84   7 13 15  48  9 59  51 14 45 38 18 63  24  5 71  14 19 86  31 15  2 100  3 42  57  8 46  58  6 39  60  4  9  88  7  7  97  1 32  56 17 78   5 11 12  86 12 78  30  0 68   2  2 77   6 16 90  10
 2 33  98 15  2  78 11 35  77 14 91  6  8 49  46 16 21  72 19 29  62  7 60  32  4 88   0  1 71   6  0 14  68 12  6  90  9 40  86 13 53  46 18  2  74  6 88  13  5 38  39 10  7  64 17 43  68  3 34  46
 4 16  97  2 95  11  3  2  83 15 88 14  8 45  60 11 93   3 18 77  32 17 10  86 16 71   9 12 69  26  1 33  71 13 22  79 14 54  36 19 56  23  5 31  69  7 18  70  0 63   5 10 82  16  6 98  48  9 70  18
12 15  94  0 42  73  4 44  74  8 80 12 19 15  74  6 24  68  5 76   1 10 71  37  9 38  41 15 27  86  7 48  49 18 38  40  3 73  23 14 42  65  2  8  90 13 52  25 11 20  72 17 40  55 16 51  29  1 99   3
13 46  48 15  3  90 19 82  12  5 20 92  4  1  93  7 45  44 18 79  20 16 70  19  3 46  52 11 48  66 12 63   5  2 87  19  9 47  56  0 43  34 10  1 104  1 48  50 14 65  46  8 11 109 17 25  71  6  9 103
14 12 101 13 17  61 16 55  45  8 75  1  6 56  41 10 89   8 11  6  86  0 46  45  9 22  68 15 44  36 17  2  92 18 14  78  7 36  68  1 96   5  3  6  84  4 37  74 19 62  30  5 94   5 12 77  25  2 14 106
 6 37  50  3 28  80 12 16  86 13 80  8  2 10  73 15 90  12  0  5 101 10 17  90 19 28  77 18 40  54  9 76  21  1 30  76  7 52  44 17 77  35  4 15  81  5 50  48 11 99   2 16 99   6  8 64  61 14 63  39
 2 88   5 14  4  89  9 26  88  6  9 83  4 81  12 16 47  60 11 82  17  8 52  50 12 65  46 13 63  32  1 37  51 18 59  38  0 78  26  7 51  54 17 75  21  3 24  63 15 77  42  5 28  55 19 97  12 10 98   5
16 79  21  8  7  62  9 25  72 12 92  8 18  8  66 11 90   4 13 82  15  5  9  76  4 53  32 19 95   7  6 51  34  1 54  36 17 29  57 15 86  28  7  7 121  2 58  66  3 66  17  0 84  27 10 42  79 14 10  93
15  5  99 16 52  41 11 70  12 18 59 25 14 10  93 10 88   1  5 56  49  0 55  40  7 73  19  3 65  36  6 66  18  8 17  45  9  5  80 12 22  83  1 40  45 17 42  63  2  1  80  4 51  39 19 95   5 13 28  69
14 30  56 12 62  24  6 46  65  8 14 52  4 62  29 16 16  80  5 24  68 19 17  98 15 70  42 11 66  51 17 57  45  1 55  56  2 79   8  9 99  16 13 27  65 18 17  70  3 75  18  7  6  97  0 14  71 10 61  33
10 71  34 11 22  55 14 68  30 12 74 20  4 39  58  9 68  40  5 28  56 18  7  89 17 67  26  3  7  94  1 92  19  7 45  56 16 67  65 13 35  53  6 70   9  0 52  42  2 65  67  8 99   0 19 21  78 15 51  47
16  5  94  6 73  51  3 10  88 15 75 36  7 16  81  4 70  36 12 39  53  9 62  39  8 65  45 13 99  13  2 57  31 10  7  98  1 54  58 19 52  42 14 47  60  0 43  26 18  1  98  5 65  22 11 88  36 17 36  82
 5 30  70 19 82   7  8 82  17  4 54 65  0 94   8  1 28  65 14 75  13 18  1  90 13 84  12  7 61  29 17 17  85 11 45  43  2 72  42  6 58  50  3 78  33 10 63   8 15 50  27  9 77  32 16  8  65 12 25  52
 9 17  88  6 78  36 16 20  64  4 92 12 19 57  43  5 95  15 18 25  89 11 44  49 13  8  98 15 93  22  1 21  69  2 21  63  7 47  51  8 38  46  3 33  70 14 48  43 17 39  79 12 69  20  0 15  94 10 70  16
 4  2 106  6  4  85  5 44  54  7 38 64  8 93   3  0 94  19 17 93  24  9 18  76 13 38  24 19 66  16 12 38  43 14 60  30 11 87   1 16 49  81  1 52  25  3 72  28 10 12  91  2  5 115 18 21  64 15  6  79
17 63  33 14 21  63  2 21  63 12 53 68  7 79  13  9 10  72  8 13 111  5 45  40 16 63  41 18 39  57  0 38  56  3 50  75 13 80  32 15 45  58 19 84   1  4  2  99 11 29  66  6 31  90  1 27  30 10 96   4