100 20
14 57  45  0 18  75 15 44  52 16 17  80  6 66  22 19 34  76  4 83  34 13 76   0  1 66  21  8 20  80 17 94  18  5 67  37 10 76  45 12  1  89 11 84  11 18 31  76  9 78  34  3 16 104  7 15  86  2 91  10
 2 56  42 13 91  13 19 62  52 11 32  66 16 61  40  4 49  78  6 27  63 17 94  17  5 92  17  8 27  59 10  7 132 12 99   4 15 26  75  1 80  39  0 90   2  3 61  35  7 40  73 18 74  53 14 18  99  9 38  78
10 25 112  6 61  62  2  5  95 16 73  30  7  9  81  3 17  75 13 25  71  9 99   3 14 22  90 19 24 101  4 92  31  8 91  33 17 19  77 11 20  69  0 34  54  1 82  17 18 91  28  5 38  66 15 87  29 12 13  90
12 30  40  9 50  48 18 13  93  4 77   1 19 10  96 14 92  16  3 85  21  6 84  15 13 98  15  5 25  80  1 59  36 16 69  37 17 68  15 10 48  56  2 79  57  0 90   9  7 41  82 15 60  40  8 58  47 11 73  36
16 70  45  2 93   6  8 72   9  6 17  86 14  2 108 12 87  18  0 19 109 19 44  59  3 38  42 11 29  62  7 62  47 10 44  42 18 18  80 13 52  53  5 63  34 15 41  37 17 99  15  4 68  38  1 42  83  9  1 108
19 64  57  8 65  33  1 34  57 13 73  21 17 32  89  3 17  75 10 31  84  2 80  22  9 63  29 12 13  75  7  3  87  5 34  37 15  2  79  4 60  78 14  6  92  6 93  32 16 39  72 11 31  92  0 58  40 18  6 110
17 91  25  2 65  22 14 22  79 10  4  87  0 72  38 19 50  43  7 85  40  3  4  99 18  7 110  8 58  63 13 96  26 15 21  62  6 62  38 11 15  84  4 79  29  9 36  87  5 58  27 16 43  32 12 21  68  1 45  66
 6  6  90 19  3  94 12 21  64 11  1  96 13 60  46 10 32  75  8 31  64  7 43  60  9 85  13  0 59  18  4 48  59  1 11  96  3 70  31 15 21  55 16 88  16 18 92  18  5 90   2  2  4  87 14 49  65 17 42  60
14 89  33 16 99  35  6 84  25  0 69  38 19 35  66  5 22  98  9 42  53 18 13  89  2  5  58  3 33  81 17 15 101  8 22  68 10 16  56  1 12 111 12 22  74 15 26  78 11 52  66  7 11  92 13 39  61  4 39  61
13  1  98  5 67  35 16 70   0  4 74  16  6 52  41 19 35  55 15 83  23  1  2 107  9 57  51 14 24  69  7 58  51 11 78   8  8 65  35 17 44  72  2 95   5 12  5  98  0 47  49 10 69  25  3 66  58 18 38  82
10 65  47  5 71  24  1 34  66  2  6  96  6 88  14 18 96   1  9 80  10 11 87   8  8 56  22 12 15  59  3 62  24 17 75   9 13 61  56  7  3  88 14 56  64 15 67  23  4  6  75 19 37  86  0 34  91 16  4 112
 7 23  79  5 43  28 17 28  72 10 78  45  3 77  38  8 55  91 14 27  77  4 80  35 13 42  35  6 51  62 16 54  20  0  9  63 12 85  16 18 93   6  2 77   8 11 31  76 19 76  20 15 43  86  1 29  61  9  8 109
19 55  51  5 49  48  3 22  98  0 21  66  8 57  65  7 25  65  2  2  75  1 87  27  9 74  25 15 94  16 17  7  84 16 85   9 10 46  45  4 75  18 18 91  11 12 39  57 14 21  67  6 17  78 11 66  43 13 83   3
19 42  66  4  8  93 16 25  75 17 42  62  7 39  75  5 12  74  2 11  75 15 73  19  9 25 100  8 63  58  1 65  41 18 57  50  6 77   6 10 49  46  0 18  85 14  1 103 12 84   1  3 58  37 11 67  24 13  8 103
 3 30  56  0 26  60  8 35  82 14 40  75  5 34  82 16  1  64 19 88  14  4 92  13  2 53  73 11 58  82 12 32  68 17 70  14  9 11  78 15 24  70 13 64  29  7 50  46  1 68  52  6 99  15 18 38  52 10 11 110
 5 38  69 17 93  20  2 50  76 10 69  41  6 78  29  9 62  55 15 70  39  0 45  38 11  7  96  3 87  25  4 77  27  7 87   8  8 86  39  1 66  16 19 35  74 16 42  55 13 82   3 18 55  36 14 28  69 12 23  91
10 82  26  4 99   5 15 98   7 13 50  70  9 49  36 14 22  73  1  9  80  2 52  47  3 21  85 16 38  46  0 50  62 19 74  13 11 58  47  7 44  70  8  5 109 18 53  44 17 61  45  6 21  68  5 89  26 12 62  60
 2 12  99  8 60  55  7 27  77 11 74  33  0 60  41 17  8  98  4 26  83 13  3 108 19 30  76 12  6  73  3 46  72 15 63  53 16 67  32  5 17  72 10 75  30 18 57  39  9 51  30  6 52  64 14 13 110  1 87  25
19 68  51  9 23  74  3  6  91 16 20  96 10 74  14 17 30  62 12 14  91 13 46  49  2 49  37 15 67   8  6 34  85  4 47  67  8 83  13 18 45  45  5 43  85  0 75  19  7 41  57  1 81  13 11 80  33 14 55  65
 2 43  54 14 17  94 15 26  59  8  5  85  4 22  72 10 51  49  0  9  82 12 61  19  1 16  93  5 93   8 17 76  25 19 34  84 13  5  99 11 30  59  7 81  26 16 36  45  6 13  88  9 23  77 18 76  14  3 31  67
 4 25  65  9 57  30 17 51  46 11 51  37  5 22 103  8 91  62 16 32  55  1 22  85 19  7 105  2 99  15 18 61  50 15  7 105  7 67  55 12 87  38 14 95  12 13 79  16 10 19  76  6 37  63  3 92  14  0 23 101
 0 57  34  3 23  83 13 99   3 11 45   3  5 47  60  6 59  57 14 53  70  1 68  43 18 68  43  2 55  70 19 19  97 16 76  25 15 30  54  8 87  18  4 55  40  7 77  23 12 12  91 10 40  84  9 30  91 17 76  29
16 96  15  8 25  86  2 83  15  4 41  68 17 76  25 18 45  60  7 23  85 15 65  63 14 73  45 12 35  89  6  4 117  3 47  69 19 60  19 13 74  38 10 94  30  1 51  68  0 50  54 11 82  22  9 84  42  5 11  83
 2 89   5 12 76  20 14 15  81 18 68  51 11 81  46  9 81  17 19 55  58  7 56  67  6 78   4 15 46  40  5 92  19  1 15 106  4  5 117 10 12 102 16 49  49  8 60  38 13 94   3 17 12  64  3 33  63  0 47  63
10 56  26  9 14  76 16 80  32  0 11  89  1 50  32  7 51  73 19 83  32 13 65  53 14 87   1  2 50  54  3 78  36  6  6 107 12 18  75 15 40  63  4 43  69  8 87  18 17 74  36 18 76  35  5 73  21 11 51  54
15 63   9  3 55  48  5 49  37  6 52  47 18 66  54  9 27  72 10 66  45  7  1 100 14 83   2 13 23  77 17 49  58  1 95  11  4 48  87 11 26  75 16 56  29 19 20  88  0  7 102 12  6 102  2 43  65  8 52  55
15 29  39 19 90  24  8 83  34  4 33  63 11 91  18  6 45  40 17 71  25  3 49  34 12 90  14  7 72  31 16 79   1 10 56  28 13 65  46  1 11  87  2 74  30 18 36  99  5 76  17 14  1  71  0  2 102  9 74  30
 6 89  12 11 18  85 13 73  15  5 45  42 18 37  46  3 44  77  0 25  67 16 86  21  7 66  28  2 19  71 17 76   9  1 31  79 15 44  50  8 12  66  4 54  19 19 73   2  9 42  54 14  1 105 10 91  14 12 31  63
 1 73  44  0 19  99 16 97   1 12 50  46  7 74  46  4 30  63 18  4  98  9 69  22 15 44  62 17 98   8 10 19  80  6  2  82 19 90   6 11 34  63  3 46  56  8 76  35 14 81  30  5 76  42 13 40  65  2 50  40
 2  4  92 19 60  14 11  5 100  0 19  89 18 49  50 16 26  44 13 18  84  5 96   7  7 37  74  4 55  24  8 83  18  1 72  40 14 76  17 15 38  70  6 95  19 10 98  10  3 65  13 17 74  22  9 80  39 12 97   4
 0 16  72 16 64  33  1 20  76 18 58  64 10 99  10 19  4 124  3  9  91  8 59  20  9 29  79 11 26  71  2 23  80 14 10  87 15 15  81 17 21  52  5 19  71  7 98  24  6 77  47 13 80  32  4 76  31 12 25  67
13 51  60 15 33  54  1 14  72  5 63  42 14 46  71 10  6  98  6 53  49 12 27  56  4 99   2  0 87  26  8 15 119  7 77  13 11 66  56  2  3  78 19 51  44 17  3 108  9  9  83 16 34  40  3 77  10 18 54  51
 9 67  20 12 98   7 10 57  35  5 74  29 16 47  33  7 12 104  6 92  11 19 30  84  8 45  56  0 39  69 13 36  62  4 12  86  1 86  20 14 88  18 17 15  84  2 89  39 11 96  16 18 69  55  3 43  59 15 72   3
17 84   2  7 67  23 16 30  65  8 69  25 18  6  97  9 87   9  5 58  28  1 37  38 19 87  14 13 12  98  4 90  28 14 38  58 10 47  54 15 99   1  0  8 105  2 30  60  3 48  53 11 30  81  6  7  98 12 98   6
 4 92   4  3 74  24 18  8  88 12 86   5  9 36  59  6 78  23 11  6  79 14  2 108 10 42  50  1 14  99  7 72  48 17 94   2  8 83  47  5  4  89 16 50  53  0 90  22 19 80  13 15 27  73 13 45  54  2 71  52
19 78  32 13 41  50  9 17  90  0 86  10 14 83  27  8 71   3 12 54  35 10 80  20  5 68  32  7 16  93 16 88  25 17 40  80 15 88  23  3 11  87 11  9  86  6 54  53  4  3  67 18 24  57  2 81  15  1 18  74
19 72  27  7 64  20  9 68   7 17 46  75 13 29  40  5 92  18  2 74  32 15 68  52  3 12 122  1 68  19 14 87  14 16 80  19 18 81  18  0 44  64 10 76  30  8  9  87  6 26  69 11 31  68  4 37  63 12 82  13
 7 44  66  0 53  64 17 86   5 13 67  30 12  4  95 14 14  75  1 47  46  8 19  71  6 50  42 18 68  40  2 65  37  3 22  76  9 97  14  5 11  83 10 34  58 15 75  35 19 11  68 11 14  92  4 78  34 16 80  27
 9 63  23  7 48  53  8 63  41 19 43  58 12  9  83  3 82  12  1 13  70 14 48  46 18  3 124 11 69   8 16 47  67 13  3  99  4 56  47  5 32  61 17 41  79  0 10  89  2 48  41 15 16  69  6 98   5 10 59  40
 6 42  64  8 91   7 18 11 113  7 37  91 16 97  16  1 40  62  5 35  61 14 96   2  3 95  15  9 26  78 19 80  30  4 61  52 11 69  42  2 16  70 17 59  61 12 65  22 15  3 136  0  5  92 10 85  37 13 48  33
19  3  81  3 22  69  2 12 106  8 63  14  5 20  71  7 83  42 14 56  44 17 76  30  0 47  50  1  9  98 13 42  55 15 35  42 12 23  71  4 11  68  9 20 100 10 28  70 18 51  38 11 78  47 16 35  76  6 57  41
 3 13  93 12 76   7  4 20 105  8 67  53 10  6  84  1 19  87 16 74  34  0  1  95  9 13  64 17 48  52 14 44  77 13 12  72 19 46  83 18 94  12 15 26  64 11 43  42  6 37  56  7 73  12  2 48  37  5 29  75
13 25  63 12 49  47  0 51  52  5 36  76  8 50  29 18 15  88  7 66  39  1 17  63  3 43  35  4 53  46 16  3  98 11 47  52 10 12 105 15 74  22  9  8  86 19 65  47 17 29  75 14  8  93  2 18  89  6 36  78
 4 33  94 16 14  74  3 95   0 19 48  57  7 68  22  1 24 104  0 87   8 11 43  25  5 10 108  6 40  57 10 32  86  8 43  54 17 66  31  9 42  62 13 29  49 12 20  61  2 28  78 18 39  64 15 77  10 14 41  66
 4 73  69 15 66  35 16 67  51  8 67  27  9 72  37 17 63  13  5 81  56 11 84  13 18  7  59  0 52  79 14  9  88  6  9  85 10 35  55  2 11 115  3 37  54 13 55  49 12 96   7  7 84  13 19 97   7  1 32  81
15 67  18  5 28 110 16 85   3 12 58  41  1 51  50 17 41  40  0 64  34 18 40  31 10 54  49 19 31  40  8 47  57 14 16  80 11 43  33 13 59  46  2 67  15  9 33  73  4 15  86  3 91  25  7  9  92  6 52  38
 5 29  79  4 62  42 15 23  96  9 60  74  2 68  41  7 20  83 19 20  79 14 32  88  8 50  70 16  9 116 11 22 103 12 56  52  0 94   1 17 27  67  6 41  67 13 77  13  3 19  73 18 54  22  1 87  13 10 96  23
 3 69  28 14 66  37  5 86  27 13 43  48 15 52  26  0 39  77  4 27  72  8 63  23 19  5  88 16 70  21  7  2  86  6 10  81 17  2  94 12 13  66  1 44  82 10 92  26 11 71   8  2 14 109  9  4  88 18 35  87
 2 65  44 17 78  24  7 26  74  0 29  93 14 76  32  8 20  77  1 64  63 12 33  66 18 91  28 13 47  33 10 89  17  6 49  67 15 50  58  4 41  43  3 61  27  5 22  83  9 99  16 19 32  76 16 12  70 11 43  42
18 78  28  7 84  28 14 81  40  2 62  42  1 42  49 19 11  94  6 65  39  8 83  23 11 75   4 13 12 104 10 46  27 15 46  81  3 61  21  0 98   2 12 49  49  4 35  76 17 39  77  5 27  67  9 23  82 16 56  44
 2 49  55  5 37  86  8 37  61 19 95   8  7 91   9 15 68  29  4  8 107 16 18  82 13 54  68  6 23  91 12 94   1 18 62  45 17 66  69 14  3  89  0 21  83 10 62  30 11 72   2  3 28  54  9 91   4  1 83  37
 5 21  44 14 73  39 18 45  67 13 22  82 15 89  13  0  4  89 12  4  96  7  1 107  8 71  50  6 44  24  1 35  60  3 99   1  2 49  58 10 19 117  9 25  64 19 77  34 11 14 102  4 90  20 16 19  59 17 85  10
10 76  38 15  8  82  9 68   4 14 13  88 11 98  11  8 88  31  7 50  64  1 17  78  3 73  22 17 18  88 18 22  81  0 63  21  5 73  25  4 56  38 16 61  35 19 25  65  2 71  17 12 15 115 13 50  54  6 23  94
13  1 113 14 99   4  9 64  60 11 51  38 19 77  23  6 12 107  4 26  79  7 27  99  5 31  53 12 23  70  0 90   9 18 65  41 17 16  87  8 91   9  2 47  48  1 35  52 16 39  66  3  9  98 10 64  17 15 91   5
11  5  86 18 42  38 19  3 112 17 15  80 14 74  45  9 45  77  4 34  63 16 49  37  8 45  72  6 54  51  0 86   3  2 28  93  7  6 137 15 77  20 12 76   9 13 59  20  5 63  39  1 21  83 10 50  38  3 93  11
18 26  95  5 94  14  4 33  68  0 20 112 14 27  79  1 83  35 12 55  22 19 93  22  3 41  44 16 62  31 11  6  72  7 33  53 17 47  52 13 84  37  8 25  95  2  5  79  9  8  94 10 14  83 15 26 107  6 96  14
 5 90   8 17 99  20 14 19  78 10 74  32  8 15  71  6 82   4 18 55  32  9 91  17  0 53  52 13  8 102  1 19  83  2  9  94 19 60  41  4 10 103  7  5  91 11 37  58 16 95  10  3 19  71 12 63  25 15 57  49
 9 40 105  7 19  52 13  3  88 16 44  68  3 30  76 19 84  22 14 49  48  6 22  72  5 15  97 11 93  20  1  8  99 18 90  29  4 48  45 12 87   8  8 34  73  0 42  63  2 78  26 10 76  46 15 82  29 17  7  99
 1 47  60  0  4  86  5 35  53 19 15  91 10 32  64  2 64  42  7 75  32  9 63  21  8 97  10  4 51  39 18 65  23 14 41  70 17 46  75 11 64  30 12 21  56  6 50  52 16  3  62  3 40  46 15 35  87 13 65  12
 3 89  11  6 23  74  1  9 100  7  7  98  9  8  83 14 77  12 10 94   5  0 82  19  5 32  55 13 93  17 19  4  96  4 73  32 12 94  21 17 66  45  8 82  13 16 28  81  2 38  39 18 44  59 11 26  72 15  5  83
10 30  81  1 68   2  8 69  35 18 57  29  4 82   5  6 75  49 13 10  70 12 37  69  7 35  66  0 95  20  9 86  10 14 25  75  3 62  57 11 81  12 16 75  29 19 59  39  2 96  26  5 84  44 15 81  50 17 99  22
17 91  26  4 61  10 16 44  78  7 11 109 10 21  93 14 14  69 19 62  43 12 16 100  8 36  68  1 51  58 15 56  58  3 77  21 13 79  37 11 53  64  0 37  75  6 48  63  2 28  56 18 61  47  9 52  58  5 72  54
14 51  49 16 18  79 19  9  80 13  6 102 10 53  52  8 72  52  0 48  69 11 72  23  4 64  15  6 49  66  2 57  53  7 42  45  3 80  30 18 92   5 17  9 106 15  6  91  9 84   1 12 58  55  1 50  38  5 79  36
 2 67  37  8 16 113 19  5  91  5 30  33 12 12  91  3 11 117 11 26  93 13 74  18  9 36  52 17 23  73  7 50  59  4 13  72  6 59  56  0 37  53 15 79  11 14 68  25 16 20  75 10 66  29  1 87  12 18 52  17
14 52  37  1  4 118 12  6  93  2 27  72  0 35  68  5 46  64  9 82  13  7  2  79 17 59  40 16 71  17 10 84  17  4 15  83  8 40  65 13 77   3 11 78   0 18  2  96 15 62  30  6 72  10 19 79  22  3 71  50
 1 76  14 15 25  55 18 40  71  8 15 100 16 83  22 10 39  47 14 66  53  7 79  26 12 78  27 13 30 100  2 18  85  5 29  69  9 56  46 19 27 110  0 44  52 11 78  35  6  1 104  4 69  16  3 34  67 17 18 105
 1 51  78 19 89   0  5 99  20  4 54  46 15 99  24  6 76  26 14 11  82  8 92  21 12  4  96  3 25  69 18 66  45 13 41  60 11 92   4  0 36  52  2 55  44 16 32  81 10 47  69  7  1  95 17 45  78  9 91  16
 4 81  11 15 87  21 17 28  76  6 15  77 16 43  45  5  4  97 10 67  51  7 12  77 18 95   3 12  4 114 19 66  27  9 59  52 14 34  53 13  9  96  0 25  76  3  2 111  8  6  72  2 87   3 11 85  14  1 35  59
 2  6 107 14 11  94  5 50  35 11 84  25 12 62  47  7 94   4 16  2  70  9 97  16 13 52  43 18  4  85 19 92   5  3 44 103  8 51  50  6 23  85  4 80  14 10 35  52 17 16  64 15 46  58  1  5  98  0 67  50
 6 62  46 14 97   1  8 52  58  5 99   3 11 83   6 18 53  75  2 57  51  4  8 102  1 69  39 15 37  73 13 72  40  9 95   9  3 61  41 16 76  29 19 72  37 12 54  44  7 15  80  0 91  20 17 50  62 10 36  79
18 43  49  5 33  84  0 24 102 15 84   2  3 29  78  4 32  60  1 30  65 17 42  65  9 79  14  7 58  43 14 46  56 16  7  86  8 89   6  6 71  33 11 91   7  2  9  88 12 70  31 19 40  38 13 33  83 10 22  58
 0 31  78  1 23  70  3 36  66 18 37  66 13 80  11  8  6 112 17 57  48  4 86   2  2 52  76  5  1  92 16 95  18  6 68  51  7 87  20 19 18  84  9 56  25 15 28  79 12 66  27 10 88  12 11 45  75 14 20  97
19 68  52  1 14  84  3 43  52 15 90   7  8 44  47 13 21  63 14 28  59 18 97  18 11 98  10  2 48  43 12 95  25 17 84  22 16 70  29  9 38  81  4 92  30 10 56  18  5 55  61  6 53  70  0 15  87  7 21  83
 5 91   8  1 56  57  9 97  20  0 46  50 16 18  95 10 64  51  7 94  21 11 99  23 18 81  35  4 62  31 15 56  16  3 53  58 14 98  17 12 32  74  8 51  31 19 24  69  2 26  62  6 81  22 17 24  77 13 26  91
 6 99  18  1 46  75 19 22  54  3 25  55  9 12 102 17 28  85 10 29  81  2 87  12 12 36  58  0 38  64 15 42  54  8 35  70 11 30  47 18 57  71  7 85   3 14 97  15 13  2  85 16 49  31  5 83   7  4 28  77
 0 13  83  5 93  17  4 59  47  2  3 113  3 51  41 15 74  13 10 84  15 19 83  31 11 74  28 17 89  18 13 70   1 14 45  49 16 59  41  6 54  31  8  1 112 18 60  36  9 78  32  7 59  20 12 46  72  1 91   0
 1 47  59 12 35  72  7 25  89 17 54  59 10 50  57 16 31  57  4 72  12  8 84   5  6 69  20 13 90  31 14 55  65 18 64  40  5 89  11 15 10  92  0 51  43 11 81   6  3 58  47  2 47  70  9 36  64 19 13  72
 8 82  27 13 84  13  3 25  65 10 16  65  6 91  18 18 78  17 19 78  12  5 48  54  4 72  33 14 47  54 15 60  33  1 36  68 11 27  67  0 42  29  7 34  56 17 35  63  2 85  22  9 33  85 16 70  41 12 57  22
12  4  97 13 97   3 15 59  46  8 96   8 10 31  68  4 72  27  1 46  53  3 47  47  0 56  29  9 64  45  7 51  44  2 77  11 16 73  46 19 67  15 11 81  29 14  2 118  5 78  17  6 22  90 18 48  58 17  9  63
 9 90  18 16 21  92  8 81  43  1 42  51 12 63  59  5 98   2 15 84  10 18 29  74  7 54  48  4 91   2  3 75  18 14 90   3  2  1  93 13 89  19 10  6  67  0 42  60 11  2 108 17 12  87 19 33  72  6 66  37
 4 80  34  9 88  22 16 57  17 12 30  62 19 94   4  5 95  18 15 58  56  3 89  18  0 47  80  1 17  65 17 24  87 10 98   8 18 62  33  6 91  12  2 49  51 11 65  57  7 34  42  8 91  15 13 94  12 14 13  76
10 41  36  8 94   2 14  9 105  9 95   4  2 77  22  3 87  24  4 90  17  0 86  25 18 21  81  1 13  75 16 60  39 17 36  77  6 22  91  7 71  24 15 18  89 12 15  69  5 32  74 19 14  83 13 11  77 11 54  53
 2 47  55 14 18  81  1 93  17  0 57  51  5 74   8 19  2  77 15 58  28  4 69  32  7 10  77 12 41  46  3 80  44 13  3  85 10 72  17  6 60  40  9 34  66  8 60  58 17 34  74 16 32  47 11 33  73 18 89   8
 9 88  13  4 31  75 19 27  75 12 88  27 18 48  48  6 27  51 14  5  77  3 49  68  8  8 105 11 67  44 13 23  92  5 48  39 16 24  76  7 89  39 15 73  33 17 76  13 10 87  13  0 55  39  1 17  63  2 63  46
12 10  97  0 83  29 10 87  37 19 46  53 14 31  77 17 79   7 18 28  53  3 15  88  5 31  78 16 83  11  6 42  64  7 40  61  8 43  66  9 60  51  2  5 114  1 62  37  4 48  50 13 28  73 15 13  77 11 74   3
 9 73  20  6 77  18  0 94   2 12 16  83  3 89  16  4 48  30 19 93   1 17 25 111  5 76  56 10  4 102 14 70   4  7 66   7  1 31  59 13 63  41  2 70  40 18 91  19  8 39  63 11 67  57 15  3  81 16  5 109
18 62  37  5 93  22 13 38  58  0 65  34 10 81   6  8 45  33 16 56  31  7 69  34 12 77  29 14  4 104 17  8  96 15 66  50 11 16  88  3  6  91  6 76   3  2 79  26  1 24  88 19 96   2  4 80  10  9 38  48
17 95  15  4 26  74 18 84   2  1 96  14  7 91  29 16 63  14 13 48  39  6 39  32 19 28  70  5 48  32 14 83  24 15 74  17 10 84  25 11  2 106 12 76  20  0 45  72  3 98   1  9 70  35  8 88  19  2 68  48
 3 10  85 17 96   9  5 66   8  9 79   7 19 94  16 18  8 113  0 19  94 15  9  80  8  8  95 13 74  35 11  1 107  1 30  64 12 93  24  4 91  23  2 11  87 10 57   7 16 76  25  6 75  41 14 87   4  7 40  42
 7 17  89 13 98   1 10 75  34 17 57  41 14  1  99  0 61  37  2 72  37 16 82  28 18 60  43 19 87  32  3 94   8  5 49  56 11 64  47  4 83  29  9 42  47 12 63  31 15 29  57  6 67  29  8 99   2  1 76  34
 1  6  98  5 92   3  0  9 103 13 60  28  4 24 106  6 20  87  3 78  26 12 46  40  7 16  78 14 52  53 16 78  12  8 30  65 11  3  98 15 63  34 17 13  66  9 68  39  2 73  21 10 55  24 18 94  17 19 65  34
13 21  80 12 93  15  3 18  62 14 34  54  5 82  41 19 51  54 16 49  45 10 70  38  2 51  36  0 58  26 15 57  50  8 80  29  6 45  48 17 69  44  7 50  44  1 94   8  4 10 100 11  2  91 18 71  24  9 40  77
16 17  87 18 78  12 11 56  34  4 76  20  8 36  72 17 26  60  3 87  37 14 74  26  7 35  88  1 39  65 13 32  46 10 82  15  0 84  17 12 95  16  2 41  72  6 43  54  9 50  42 15 41  55 19 46  58  5 53  35
12 67  34  8 62  36  4 71  11  6 12 104  0 23  73 15 81   8 19 65  50  5 40  82  9 59  58  1 66  49  3 78  14 10 21  76  2 48  66 16 69  44 18  4 112 13 95  18  7 68  44 17 36  59 11 19  69 14 51  44
17 97   4 14 84  25  6 87  26  8 95  18 11 26 104 13 14 110 19 72  49 12 24 106  7 86  36  4  6 102 16 45  50  2 29  51 15 19  78 18 92  24  3 80  11  1 11 108  0 52  40  9 77  20 10 89   1  5 75  20
14 20  79 18 85   7 13 48  58  7 70  53  4 31  71 15 14  75  3 81  16 11 21  87 19 57  43  5 98   4 10  9  86  2 23  71  1 16  92  0 46  69 16 44  62  6 16 115  8 41  49 17 17  81 12 80   6  9 13  88
 7 68  42 16 30  81  5 86  19 13 54  48 18 80  21 19 78  38 11 16  93  1 89   7  4 71  29  8 97  13  3 80   9  9 69   1 15 38  46  2 77  26  0  3  79 10 30  77 12 61  40 14 82  31  6 88   6 17 85  31
17 97  21  2 46  59  8 49  32  4 77  42 19 27  74  0 96  13 14 82  21  9 63  25 18 21  41 13 83   3  5 51  41  6 77  38 12 80  20  7 88  34  3  7 106 16 97  42 11 73  55  1 58  30 15 36  67 10  2 101
10 44  62  8 91   0 19  2 124  2 94   8 11 81  10  5 51  64 15 88  20  9 43  78  4 20  63  0 79  18 12 47  51  1 62  41 17 66  34 18 41  67  3 24  67  7 60  43 13 12  67  6  3  94 14 77  25 16 81  27
13 43  32 15 65  46  4 68  49 12 61  64  1 69  30 17 26  71 18 47  59  3 87  24  2 53  50  6 81  10  7 59  44 16 81  11 11 80   8  5 63  38 14 31  65  0 21  79  8 46  58  9  3  83 10 82   6 19 64  34