100 20
17 17  65 16 25  77  7 65  52  0 31  57  2 80  31  5 64  27 13 30  51 15 36  88  9 99   5 10 16  95  3 32  82  1  3  89 19 28  73 12 79  34 14  1  96  6 50  32  4 94  20 11 31  67 18 87   6  8 94  15
12 71  24  3 86  16 19 16  73 13 79   1  2 92   2  7 79   5 16 63  50 17 10  90  6 47  49 14 64  43  9 56  38  5  4 104  1 87   5  0 16 115 18 43  33  4 70  37 10 15  79  8 27  78 15 99  15 11 37  49
17 81  25  0 32  86 18 76  24 10 80  18  2 19  94  1  6  82  6 37  75  4 59  26 14  8  69  8  3 125 12 41  74 15 79   4 13  8 116  3 83   9 16 68  50  5 53  43 11 29  53  7 61  44 19 24  68  9 53  64
 8 78  27 14 99  17  7 97  20  0 20  43 13  3  79 12  1  99  2 97   2 10 92  14  3 43  48  9 11 108  1 25  53 17 31  74 11 98  13 16 73  15  4 38  81 19 71  13 15 69  38  6 71  27  5 73  10 18  2  64
13 91  34  0 90  28  7 97   3 16 24 109  6  8  78 12 72  24  2 54  18  4 67  15  5 63  36 11 39  59 18 76  32 14 12  79 10  1  97  1  7  98 19 46  53  8 14  70  3 54  41  9 66  31 17 55  35 15 42  83
11 67  27  1 13 121 18 74  25  6 38  62 17 10  68 16 67  47  0  6  93 19 50  68  7 72  47 10 93  34  3 25  63  2 72  13  5 66  43 13 71   4  4 18  92  9 77  34 14 27  61 12 20  61  8 97  14 15 17  98
19 84  44  2 19  85  4  7 123 11 40  34 18 73  36 14 89   6 16 85  34 10 78   6  5 29  64  3 89   3 13  9 106  0 88   4  7 43  65  6 52  62 12 36  65 15 44  17 17 77  11  1 44  67  9 82   5  8 90  13
 4 27  88 17 88  15 19 59   2 11 79  35 13 98  18 16 66  28  0  9 120 10  1  87 18 35  83  7 69  16  5 29 114  9 67  49  6 60  56 12 43  47 15 21  94 14 19  66  8 76  11  2 55  53  1 77  26  3 15  94
12 44  48  3 43  62 11 67  43  7 41  64  9 90  16 17 71  24 19 38  61 15 39  52  4 77  43 18 18 100  0 12  80 14 17  76  1 10  80  8 77  18  2 49  59  5 25  74 13 85  28 10 30  83  6 14  97 16 92  15
11 57  28  0 41  59 15 51  47 14 41  70  8 17  84 17 91  19 12 82  15 16 68  33  9 76  14 18 13 107  1 93   7  7 12  91  2 90   4 19 58  48  6 52  39 10 83  41 13 68  25  4  3  81  5 11  79  3 40  58
 6 63  26  8 59  35 12 18  99 15 99  36 16 78  19  4  5  86 19 15  96  2 71  29 18 59  30 11 21  79  0 58  34 10 29  93 14 59  52  3 98  10  9  2 104  7 18 108 17 87  21  5 55  43 13 83   3  1 85  14
 9 54  66  1 57  21  3 51  75 14 25  78 13 57  50  7 46  53  8 93   5 17 58  52 19 20  94 12  4 132  4 19  79 18 91  27  5 25  66  2 88   0 11 94  13  6 52  52 10 23  77 16  4  85  0 27  70 15 66  44
18 73   5  1 84  32  9 85  21  3 50  48  4 61  66  0 40  82 14 93  12  2 17  70 15 86   8  8 19  89 16 49  54 10 98   2 13 74  29 17  6  84  5 27  50  7 91  25 11 58  49 19 59  33 12 22  81  6 15  77
 9 11  73 12 56  34 10 39  81 14 20  64 13 79  11 17 55  18 18 18  61  4 40  40 11 74  33  3 91  16  6 95  14  1 65  31 15 13  95  7 26  68 19 40  63  0 89   4 16 25  66  5 33  73  2  3  89  8 21  72
 3 51  48  8 37  65  9 49  66 10 20 105  5 52  38  2 57  26 19 17 100  0 42  68 16 50  53  6 74  18 17 33  86 11 38  63 15 16  87  4 21  94  1 35  70  7 85  27 18  7 100 12 66  43 13 68  30 14 66  48
 7 47  58 16 27  61 10 86  18  8 19  64 13  9  99  3 23  87  0 64  29  5 32  63 11 24  78 17 14  81  9 47  59 15 81   6  4 45  65  1 84   2  6 10  77 12 25  39  2 74   7 19 81  51 18 98  23 14 79   1
 0 94   3 18 46  52  9 63  43  6 64  41  7 72  19  3 70  48  2 86   8 11 10  77 16 11 109  4 99   3 14 93  44 17 90   7 19  4 116  5 75  31 10 87  23  8 35  59 13 46  40 15 27  81 12 94   3  1 83  18
16 53  67  9 33  74 15 56  33  5 19  95  0 50  40  7 82  27  8 20  63 18 49  74 13 73   7  2 21  86 17 28  74 19 40  56 10 49  31  4 83  12 14 82  21 12 16  94  6 97   2 11 86  25  1 46  43  3 45  60
 8 26  76 10 29  77 14 35  82  7 31  52  0 71  23 19 78  44  3 38  53  9 11  71 15 26  54  5 12  91 12 69  31 13 64  23 18  1  85 16 96  22 17 36  26  2 93   9  6 52  40 11 30  67  4 22  64  1 25  72
12 12  90  9 98   6  5 14  80  1 38  80 10 94  26 18 77  16  2 52  43  7 95   1  8 20 104 11 77  32 14 42  66  4 28  66 15 69  29 17 88  17  3 29  66 13 18  89 16 95  13 19 73  32  0 16  72  6 34  43
 7 22  89 15  5  98  8 31  75 17 25  74  6  8  98 14 38  41 19 17  76 18 17  89  5 13 109  9 59  23 12 36  77  2 88  32  0 57  47  4 19  80  1 57  33  3 65  23 13 88  23 11 23  86 10 52  51 16 40  52
 4 19  60 10 34  67  2 49  51 13 46  59 11  2  85 18 45  86  6 82  21 19  7  88 16  7  93  8 50  54 15 81  25 14  1  90 12 99  13 17 91  13  9 54  59  5  4 120  1 87  20  3 29  61  7 63  42  0 45  38
13 36  77  9 38  47 16 93  15 17 27  94  4 28  46 10 81  10  5  2  60 19 66  45  3 28  75 14 46  34  0 96  12  6 55  40  8 99  26 12 90   6  7  5  76  2 37  85 11 18  66 18 55  21  1 78  41 15 53  26
 3 89   8 16 93  22 13 40  53  1 76   5  6 29  69  7 61  50 12 13  95  9 95  14 17 28  55 11  3  95 18 89   9 14 28  60 19 13  88  4 63  22  8 32 100  2 50  28  0 24  59 15 63  18  5 76   3 10 47  60
 2 44  65  3 48  70 13 32  70 10 61   5 15 85  53 14 34  81 12 21  98  1 52  37 17 66   8  4 47  43  7 30  68 11 49  46  0 88  25 18 95  10  6 94  14 16 59  32  9 77  34  8  5  71 19 79   1  5 27 120
12 19 114 19 64   4 18 27  83  1 30  85 14 27  67 16 57  46  0 96  14 10 36  48  4  8  96  5 77  22  3 59  44  9 36  57 13 13  77  8 96   2  7 88  20 11 47  78  2 80  17  6 32  41 17 43  65 15 93  29
 9 73  13 11 75  19 14 37  67 16 70  19 13 90   9  0 34  86 12 87  17 10  6  86  4 59  47  2 79  34 15 11  82  5 50  56 17 46  59 19 12  59  6 38  60  1 55  38  7 15  83  3 18  54 18 80  20  8 98  13
17 70  20  6 90  28 16 89  27  7  4 101 19 77  28 12 31  68  0 43  70 18 87  11 13 52  81  2 63  34  1 75  11 11 21  69  8 30  79 14 68  40  5 81  18  3 89  21  9 68  31 15 44  52 10 63  43  4 51  26
12 70  52 11  9  83  6 52  49  5 55  20  7 92  24 19 60  40  2 39  51 17 13  75  3 68  27 15 72  19  9 80  29 13 45  58 14 28  87  8 69  41 10 48  47 16 29  74  1 42  53  0 55  53 18 44  70  4 88  35
 7 91  20 12 28  83 10 68  36 13 49  29  5 94  13 11 86   2  8 43  63  0 43  50  3 75  18  1 98  11 19 88   2  9 67  62  6 63   2  2 34  71 14 61  38 15 85  13 18 32  89  4 96   6 16 45  54 17 51  71
 3 90  22 12 97   1  9 53  29 10  9  81  2 63  34  0 92   3  1 18  67  6 68  47 17 55  34 15 10 107  4 78  20 11 34  91 13 57  41 16 13  81 18 64  44  8 59  63 19 56  34  7 76  10 14 41  45  5 56  31
16  9 109 18 44  36 10 59  51 17 61  10 19  6  81  8 66  53 15 56  58  7 41  71 11 97  12  6 41  57 14  1 112  4 21  82  2 43  81 12 76  32  1 20  83  9 73  12  5 88  15 13 98  19  0 56  45  3 26  72
14 90  15 18 60  22  1 40  54 17 78  41  8 52  50 12 10  74 13 50  31 15 61  44  5 95   8  3 28  71  9 38  52  7 24  63  6 51  64 10 96   4  2 90  18 19 18  80  0 77  25 16 11  73  4 43  45 11 93   9
 0 47  76  8 30  78  2 13  94 12 63  41 15 93  16 16 42  58  7 32  73  1 12  83  4 66  26  9 94   6  5 89  14 11 25  75 13 16  84  6 96   4 18 87  26 14 39  64 19 58  26 17  8  97 10  2  85  3 17  79
12 50  49 11 62  31  5 91  11  8 25  74  2 19  64 16 73  13  9 98  22  4 63  48 15 95  24 10 57  25  7 67  23  1  7 100 13 76  36  6 79  23 14 90  14 18 75  20  0 42  84 19 66  48 17 90  37  3 41  56
12 18  75 19 99   6 10 89  21 11 43  31 17 49  42  4  8 103  5 44  51 18 33  65 14 91  18  0 39  64 16 36  77  9 72  64  1 27  72  7 70  18 15 66  44  6 82  18  8 94   7  3 46  27 13 18  90  2 98  14
13 45  66  3 13  82 11 26  94 16 14 114  4 29  65  8 90  33 17 60  38  0 84  20  6 83   1  2 41  52  7  7 114 10 24  80  5 73  21  9 58  32 15 91  16  1 47  63 12 82  24 14 81  39 19 67  26 18 15  80
10 52  37 13 79   5 19 18  61  8  3 100  0 29  74  9 88  12  7 97   8 15 55  58 18 55  33 17 15  73  4 87  31  1 17  84 12 43  83  3 58  39 11 69  42 14 66  27  5 31  77  6 43  34 16  8 112  2  2 104
19 87  27  8 51  70 10 65  47  3  5  93  7 34 100 15 58  58 14  9 100  5 10  87  0 30  69 11 87  33  2 62  48  9 89  14 17 78  17  1 37  48 12 94   3 16 40  44  6 50  63 18 83  33  4 74   1 13 83  27
 2 35  58 15 34  51  4 44  66  0 65  22 13 37  50 10  5  95 19 51  80 18 26  76 12 65  45  9 16  83  7 90  30  5 40  66 14 76  13  1 54  69  8 72  25 17 27  53 11 37  77 16 75  50  6 77  13  3 89  22
14 15  84  8  1  74 17 43  34 15  7  94 11 64  65  1 50  53  5 26 102 10 29  92  6 13  71  9 76   6 19  9  97  7  5  71  2 85  29  4 19  99 18 23  58 13 95   2 16 76  53  3 69  15  0 48  40 12 26  76
 4 84  15  3 42  66  5 99  14  6 25  83  9 75   9 18 93  11 19 76  32  2 56  36 11 23  69 15 87  12 17  8 106  0  2  91  8 60  18 16 79  21 12 30  64  1 16  68 13 61  34 14 16  72 10  1 108  7 31  93
12 90  16  8 41  25 17 20  78 19 50  54 10 38  57 13 76  14  5 68  32 14 66  33  7 84  15  6 77  36  1 30  57  2 55  22 18 50  59  3 40  50 15 99   9 11  5  85  9 27  75  0 10  87  4 32  89 16 24  46
18 33  52  4 79   8  0 55  35  8 69  37 13 53  64  6 50  55  3 81  17  2 28  91  9 91   5 17 55  30  1 50  32 11 29  63 15 27  74 12  9  84 16 61  44 10 27  70  5 36  54  7 43  75 19  5  97 14 56  40
10 72   8 13 36  71  7 27  67  0 16  79 15 50  46  6 82  13 11  8  99  8 79  49 14 80  32  2 22  87  5 63  14  3 61  25  9 25  73 16 61  36  1 71  22  4 93   5 19 44  55 18 65  38 17 72  39 12 88  17
12  7  66  5 18  70 14 59  43 18 44  57  8 64  31  0 94  16  7 55  26  2 20  97 10 11  83 16 77  28  9  3 123  6 26  74  1  8  93 17 21  71 11 73  22  4 80  12 15 89  50 19 53  49  3 19  69 13 95   7
 5 35  61  2  7  72 11 98   7 18 66  55 12 16  70 15 89   3  0  6  97  3 24  89 17 18  84 19 39  59 13 52  31  9 49  27  7 52  52  6 26  70 16 11  89 10 73  31 14 91  24  1 69  33  4 99  21  8 79  34
 3 65  26  1 24  62 10 87  14  9 85   9  2 66  31 15 99   9 13  5  84 12 29  77  5 98  11  0 17  99  7  4 103 19 48  45 11 45  44 17 26  89  4 80  40  8  5 105 18 56  66 14 53  45  6 76  12 16 41  50
 8 39  56  3 34  68 18 47  41  9 60  44 15 21  65  0 11  98 13 46  58 10 14 110 11 59  32 19 51  46 14  7 119 16 58  30  7 49  41  2 57  41  1 71  40 12 57  64  4 47  48  6  1  92 17 85  24  5 72  28
17 93  25  2 88   1 10 24  79  9 32  63 14 18  99 16 44  30  6 48  43  1 18  83 15 80  34  8 67  34 13 10  84  7  9  66  5 16 104 11 35  53  0 16  86  4 10  96 12 29  55 18 71   1 19 89   5  3 87  24
10 36  74  9 29  56 12 35  71  5 78  11  7 17  95  4  7  88 19 38  59  0 50  31 14  6  61 11 15  72  2 14 105  6 30  80  1 36  81  3 18  80 15 59  51 16 63  23 13 92  16 18 26  63  8 46  49 17 23  60
 5 90  29  9 11 108 14 87  14  3 34  52 12 20  85 17  1  94  4 57  31 11 30  67  2 19  82 19 25  72  6 22  55 15 32  58 10 86  28  0 31  75 18  4  95  7 54  35  1 32  71  8 17  94 16 24  81 13 67  12
 2 91  18 13 61  38 15 53  31  4  1  78 10 67  37  5 53  41  9 86   4  0  8  96 17 12  74 11 51  76  7 90  24 18 73  33  3 44  75 16 12  73  8 92  12 14 58  50 19 57  52  6 63  40 12 82  16  1 68  34
18 77  14  6 48  50  5 72  45 19 89  18  7 36  43 16 23  78 13 39  29  4 45  34 15 39  72 14 85   3 10 54  69  8 69  40 12 44  56 17 92   9  0 86   5 11 42  53  2 83  22  9 85  23  3 23  86  1 58   1
 7 15 100  1  5  97  2 67  59 17  9  91 16  7 106 10 81  35  9  4  96  6 86   3  5 74  25 15 49  12 12 26  83  8  9  84 14 27  75  3 33  57  0 51  48 19 95   0 13 32  83 11 24  79  4 31  45 18 58  53
14 30  46  8 90   6 10 27  70 15 17  78 17 85  35  4 27  78  9 92  10  7 11 127  1 15  95  3 61  54 19 18  79  0 34  65 13 96   7  2 56  36 16 34  63  5 44  63 11 32  75  6  1 103 12 16  94 18 55  50
18 21  66  4 95  16  5 81  36  2  1  96 11 65  35 17 69  17 19 24  64 14 47  55 16 92   0 15 25  72  1 22  88  7 60  32 13 62  38  9 97   2  3 78  29 10 63  39  8 18  76  0 35  91 12 80  13  6 55  34
13 96  24 14 27  66  0 66  34  8 52  55 19 16  72 15 20 100 16 24  79  6 59  39 17 75  45  4 64  33 18 26  78 10 88  16  9 57  51  5 68  10  2 60  36 11 12  92 12 54  49  3 99  19  1 51  56  7 71  40
11 79  39 15  6  84 19 41  74  8  8  97  6 93   8 12 46  42  3 69  50 18 81   3 13 61  72  4 44  58 10  2  88 14 69  25  5 72  34  9 21  67  7 55  26 17 69  22  2 13  92 16 69  58  1 80   2  0 91  19
 1 82  21 10 99  20  4 92   0 13 53  45 14  5  97  9 33  54  7 59  38 19 32  84  3 93   4 17 13  98  0 64  37  8 19  79 18 96   6 11 12  89  2 66   9  5  4  78 15 83  58  6 65  42 16  3  77 12 79  13
18 16  99  2 62  31  4  1 121  3 41  36  5 84  11 19 61  29 16 31  85 10 63  21  6 10 105 17 10  79  8 14  42 13 75   3 12 14  94  0 63  53  1 53  18  9 61  52 15 41  71 14  7 129 11 57  58  7 15  83
18  5 102  7 83   4 10 25  79 11 37  66  6 81   2 16 42  92  5 20  69  9 22  97 13 50  68  4 40  53  1 77  15 19 76  10  3 58  47 14 88   8 15 77  13 17 69  31  0 63  27  8 56  55  2 49  63 12 41  37
 9 43  45  1 16  99 10  1  93  0 56  60 11 38  62  8 41  64 19 78  11  7 81  24 15  5  91  6 46  46 12 10  57 13  6 112 16 31  47  4 44  61 17 22  90 18 78   1  2 93  10 14 42  56  3 21  90  5 43  44
 5 27  71  9 26  81 10 32  67  7 20  79  0 20  59  4  5  79 15 43  60 13 63  40 16 23  66  2 29  74 19 45  41  3 79  35 12 68  43 11 73   2 18  1  99 14 10 108  1 61  75  8 56  59 17 95   8  6 36  63
10 88   6  3 21  56 15 86   5 17 92   3  2 89   9  6 30  60 14 44  62 19 25  81 12 99  16  8 91  24 16 21  84 13 45  67  0 82  31 11 41  55  4 76   8  1 33  88  5 77  32  9 49  49 18 63  56  7 37  54
 1 33  68  0 54  50  7 79  23 19 56  21 16 54  28 17 75  18  5 79   3  8 99   6 18 38 104 15 13 100 12  2  88  3 53  20 11 89   8  4 82  13 10 53  39 13 33  60  6 43  26 14 73   9  2 25  69  9 14  87
16  7 133  2 43  34  8 70  40  5 22  60 14 54  52  9 81  33  1 44  52  4 94  34 12 95   9 10 29  88 15 14  73 13 50  48 17 98   4  7 18  80  3 50  54 19 96   2  0 74  37  6 66  43 18 38  52 11 49  61
18 79  36 12 40  38  1 71  34  3 39  68 14 13  94  2 19  75 11  1  69 10 82  24  0 58  51 13 26  54 15 44  49  8 18  76  7 94  11  5  8  96  9 68  31 19 90  13 16 39  40  6 47  65  4 43  46 17 80  21
12 82  16 10  1 136 19 76  29  2 22  79  9 17  75 16 15 101  6 64  32 17 71  27  7 22  54 15 79  30  3 89  32  4 80  19  5  7  97  1 78   9 14 87   6 11 88  17 18 22  98  0 59  32 13 75  37  8 24  70
12 56  41  9 93  10  8 63  35  6 23  66  7 31  69  0 90  17  1 46  43 11 83   9 10 21  80 18  4 105  3 53  53 14 99  13 13 65  21 17 99  14 16 58  41  5  5 107 15 33  66  2 17  93 19 26  79  4  7  80
13 35  62  9 44  66  8 10  81 11  5  89 10 40  56 15 66  58  0 13  97 18 20  70  1 25  71  5 95   2  7 88  15  4 32  54 17 45  72  2 11 103 12 20  76 16 61   5 14 36  56  6 45  49 19  5  96  3 56  76
 2 41  46 12  6  79  6 77  24  4 69  21 19 83  11  7 17  93 10 22  73  1 32  60 16 58  35 17 63  58 18 59  48  3 31  57 15 94  23 11 90  30 13 20  76  8 83  14  9 14  77  0 67  29 14 62  48  5 62  44
17 36  72 11 81  32  3 70  28 15 20  88  5 60  58 13 22  90 16  8  89  9 31  60 14 53  28 10 67  54  6 66  44  2 75  34  0 22  73 19 30  46 12 47  45  8 69  24  4 68  49 18 77  19  7 10  83  1  4  80
19 21  46  6 97   4  3 71  39  5 13  83 16 85   0 14 95  29 10 27  74  4 10  86  1 24  61 11 43  43  7 81  18  9 88   3 12 72  34 17  5  97 15 51  46 18 75  42  8 44  63 13 49  48  0 43  54  2 26  98
14 69  18  6 93  14  4 66  43  0 12  90  2 81  53 12 94   1 10 61   9  8 56  38 15 56  73  7 62  54  3 25  87 16  2  89 19  5  90  1 87   5 17 75  39  9 14  93 13 14  78  5 45  48 11 30  69 18  8 110
 2 80  42  1 21  79  6 94  18  7 86  11 18 54  31 16 70  18 15 83  10 14 39  65  4 54  52 11 76  31  8 50  79  9 18  77 19 15  92  0  4 104 10 34  65 13 12  82  3  9  74  5 47  60 17 31  82 12 65  50
 3 77  53 11 87  15 15 97  21 19 90  20  7 25  53  2 77  24 17 88   5 18 76  24  8 69  33  4 15  89 14 49  56  1 27  74  6 75  39 10 90  20 13 32  76  9 26  91 16 67  30  0 82  23 12 59  28  5 72  24
 9 85  24 19 40  77  8 48  45 10 64  49 17  8  93  6 79  20  4 96  10 15 70  33 13 25  66  1 30  78 14 75  53 16 86  22 11 72   6 18 49  71  5 74   5  0 55  55  7 87  29 12 34  65  3 98  11  2 46  69
 7 87  25  2 75  23  1 55  45  3 34  66 11 62  41 15 31  79  0 53  23  9 13  59 14 63  38 10 14  90 13 20  59 16 12  78 17 14  69  6 48  53 19  4 114 12 64  30  5 17  53 18  5  89  4 85  23  8 41  48
17 55  37 13 74  35  9 15 101  2 39  65  3 64  30  8 71  20  5 18  70 10 60  31 15 28  60 16 82   7  6 93   6  4 68  58  1 75  11  7 56  41 19  9  92 11  9 137  0 20  97 18 61  28 14 78  38 12  5 103
 2 23  59 13 66  15 14 25  59 10  2  71 15 13  58 18 72   8  1 51  61 11 81  33 16 47  55 19  6  95  8 42  80 12 44  69  7 88  32  0 36  77  3 93  14  5 21  87  6  6 113  9 62  46 17 18  89  4 38  47
 0 84   1 17  1  95  5 70  37  9 63  42  2 70  58  8 22  38  4 98  12 15  4 101  7 85  21 14 29  79  3 81  21 12 26  90  6 49  38  1 62  26 10 49  48 13 66  42 16 41  58 11 31  73 18 51  58 19 23  76
 8  9  64 11 20 112  0 60  52 15 22  98 13 29  71 14 89  20  4 36  55  7 51  47 19 97  11 12 39  34  1 58  66  3 50  35  9 48  63 10 94  17 17 35  79  2 95   0 18 37  81 16 79  10  5 71  30  6 12  76
 7 78  27  8 95  10 18 42  39 12 60  10  6 62  56 14 99   7 13 31  64 16 94  21  3 78  19 10 27  50 15 23  84  5 60  38  9 10 112  1 80  15  2 83   0 11 54  54 19 96  37 17 15  61  4 50  33  0 64  21
16 32  75 15 59  47 18 93   9 11 95  28  2 61  27 14 19  92  8 46  73  4 75  43  1 69  24  9 76   2 19 96  33  3 50  78 10 10  78  7 69  42  6 10 119 13 98   5 17 60  42  0  1 149  5 81  14 12 79  11
16 23  56 11 64  54 19 70  27 18 35  54 12  6 103  0  8 103  7 97  17  4  7 111  6 56  66 13 92  18 10 11  87 15 50  43  8 39  66  1 72  22  2 25  74  5 85  38  3  4 113 14 59  48  9  2  90 17 27  68
 7 46  61 15 90  48  5 89   4  2 66  59  6 87  30 13 35  66 18 83   6  0 90  34  3 93  15 12 54  50  8 10 106  9 22  82 10 18  97 17 97  14  1 19 109 14 94   3  4 60  30 16 90  16 11 83  33 19 41  74
 2 54  39 17 53  37  9  4 104  8 54  49  5 73  38  4 18  79 12 26  58  1 58  77 18 44  57 11  1 117  0 49  39 15 95  23 16 91  25 14 38  79 10 93  14  3 29  79  7 70  33 19 14  82 13  6  68  6 51  47
16 57  57 19  4  89  0 21  78  2  5  87 14 64  35  5 71  11  9 67   3 12 24  79 18 39  52 13 73  23  3 98   4 10 12  70 17 34  67 15 20  77  7 31  76  6 12  92 11 40  60  8 75  47  1 22  82  4 65  37
14 63  15 17 83   3 16 29  88 18 84   7  0 25  88  6 12  86 13 81  27  9 89  25  3 44  59  4 23 109 19 66  41 10 31  59  1 29  67 15 64  54  2 67  22  8 56  33 11 34  73 12 97  11  7 27  58  5 71  52
 6 99   6 15 28  72 17 73  38 11 10  74  1 85   2 16 56  45  5 56  16  9 10  71 13 30  69 10 82   4  4  2  93  2 45  21  8 16  79 12 36  79  7 89  11 14 27  74  3 34  83 19 85  24  0 16  88 18 75  22
 8 53  55 19 33  62 15 16  68 18 81  14 16 54  41 14 15  75  7 67  59 17 46  40  3 98  18  5 72  47 13 65  30  2 42  46  1 13 120  9 40  79  0 56  74  6 43  53 10 57  23 11 56  41  4 77  17 12 94  14
19 38  62  8 83   1 13 55  60  0 80   6 18 47  78 16 28  56 15 82  18  5 82   7 11 46  58  6 89  18  9 22  86 12 69  28  4 44  66  2 84   8  7 70  28  3 32  83 10 21  72 17 55  37  1 52  29 14 13  99
19 40  74 13 55  58 17 54  33  0 73  24 16 94   4 14 80  22  9 61  51 12 74  17 18 92  13 10 23 106  5 18  86  4 41  45  2 46  63 15 94  14  8 73  19  7 31  64 11 33  66  1 35  85  3 32  63  6 15 100
17 71  34  4 20  95 15 38  48  3 72  41 16 45  25 18 75  32  8 28  46  9 30  60 10 52  58 11 57  29 14 26  75  1 77  21  6 72  13 13 43  41  0 62  58  5  7 110 19 41  78 12 21  74  2 58  38  7 21  75
 5 18 115  9 56  29 15 73  21 19 17 100 16 31  75  1 49  43  3 47  39  0 66  42 12 17  69  6 75  40 11 25  77 17 38  57 13 43  52 10 95  16 18  4 106  7 71  31  2 26  63  8  5  83 14 26  97  4 28  92
 6 33  48  3 62  27 16 48  36 12 21  92 15 79  26  4 48  54 11 93  25  8 29  58  5 99  33 10 98  18 18 93  30  2 36  44 14 49  48  9 42  47 17 22  91 19 63  24  7 43  89  1 27  75  0 10  88 13  3 100
13 85  54 18  4  83 15 41  60  2  8  78 12 78  15 19 88  21 14 82  21 10 53  57  6 25  81  0 80  14  1 32  50  9 28  72 17 75  27 11 31  81  7 19  88  5 11  90  3  4  91  8 92   3  4 31  69 16  1 102
11 96  13  0 24  78  4 47  69 10 35  64  7 36  60 17 83  26 16 99   5 14 22  76  2 91   6  3  1 107  5 43  56 15 33  77 12 97  27 18 50  57  8 41  95  9 78  27  6 92   3 13 92  26 19 40  38  1 45  66
 9 97  13 19 62  45  1 35  82 15 42  69 18 51  56 12 14  93  2 64  44 13 10  95 11 95  36 16  7  81  7 38  53 14 11  75 10 35  43 17 25  86  4 77  45  6 82   1  0 79  32  8 81  14  3 17  53  5 33  26