100 20
 1 91  17  0 20  93 11 60  36  9 13  75 19 54  27  8 38  56  6 69  44 14 66  49 17 78  43 13 32  34 15 47  67  7 81  30 10 96  36  2 69  33  5 74  28 18 91  11  4 73  42 12 67  33 16 89   3  3 81  13
15 64  44  1 49  49 14 88  18  9 17  80 17 30  60 11 77  20 12 97   8  3  5 105 10 87   5  7 99  32 13 22  77 19 42  44  8 50  43 16 27  51  6 19  85  0 55  43  2 77  10 18 78  37  4 20  58  5 56  45
14 62  40  9 62   5  2  5  92  0 72  20  3 96  17  6 25  51 18 57  26  8  4 105 16 36  60 19  2  88  7 51  56 12 13  85  5 80   1  4 82  17 10 49  37 15 96  36  1 27  75 13 25  78 11 83  20 17 42  43
 4 84  12  9 31  62 11  2  90  8 31  68  1 15 102 18 63  46 13 19  95 16 38  72  7 75  19 12 35  54 15 52  45 10 37  86 17 91  23 14 34  60  2  7  73  5 63  35  3  7  86 19 11  99  6 45  58  0 68  38
17 15  91  9 75  21 18 88  35 14 47  65  2 61  22  0 91  10 10  7  97  7 28  86 16  8  95 11 96  26  6  4  88  4 91   4 19 22  72  8 60  35 12 55  22 13 22  76 15 36  65  1 37  69  3 43  58  5 13 100
 8  2 106 11 41  43  4 28 101  7 90  39  9 14  77 16 71  17 18 71  37 15 63  39 17 90  18 19 44  66  5 87   4  6 72  31  3 31  71  2 57  31 13 42  61 12  1 109 10  6  83  0 74  36 14 27  58  1 86  24
11 65  26  1 56  52 16 77  27  3 30  65 10 24  54  0 59  28  5 13  76  6 47  48 17 56  31 18 51  67 15 55  60  7 11  93 19 74   7 13 85  14  4 46  59 12 14  90  2 57  44 14  8  96  9 36  53  8 17  93
13 40  79 14 27  58 17 70  39  2 49  73  5 97   3 16  8  79  3 20  93  6 11  78  9 78   3 15 47  98 18 69  28  7 58  42  4 35  64 11 20  85 10 52  45  8  5 121  0 56  23  1 68  36 19 44  31 12 74  47
11 13 104  9 47  79  7 69   8 16 24  68 10 89  25 18 97  31 13 51  72 12 41  53 17 29  73  6 69  22  0 60  25  4 50  58 15 83  21  5 64  15  2 86  16  1 96   6 19 58  60  8 57  40  3 60  43 14 47  40
 0 23  99 10 40  57  7 84   6 13 77  27 19 60  34  9 53  42  2 48  51 11 58  44 15 14  91 14 16  95  8 20  62 12 79  21 17 88   4  5 25  71 18 29  72  3 68  42  4  3  78  1 85   8 16 49  29  6  6  99
17 14  84  2 41  67 15 11  71  8 36  55 12 62  48  9 82  19 18 55  38 16 78   2 13 39  48  7 99   1  6 93  13 19 73  24  5 93   2  1 91  11  3 36  67 10 11  84  4 78   6  0 70  39 11 70  25 14 62  49
 8 84  32  2 14  82  1 38  65 18 36  51  4 68  58 11 16  92 10 92  30 17 41  61 14  4  81  9 47  39 19 50  55 13 88   1  6 92   2  5 29  54  0 23  81 16 19  98 12 10  63  3  9  97 15 24  79  7 74  25
 2 93  25 12  8  99 16 35  57  5 11  86  9 82   2 14  2  94 18 41  24 10 34  68  1 22  86  7 98   6 17 72  35  4 67  21 13 98   5  8 19  71  6 16  70  0  7  97  3 82  29 15 67  30 19 24 101 11 53  47
10 84  22  8  6  81 19 73  41  2 99   3  1 69  39 17 77  30 12 25  78 18 39  49 13 27  56 14  8 102 15 67   1  4 38  61  3 62  44 11  8  80  9 35  29  6 44  40  5 45  60  0 56  56 16 46  74  7 35  65
18 26  69 15 83  20 19 13  87  9 37  70  7 71  46  1 24  62 12 20  81  3 45  73  2 33  76 11 48  72 17 75  51 16 15  73 10 29  70  0 15  76  5 44  57  4 55  48 13  1  91  6 21  73  8 67  33 14 27  75
 4 98  19  8 22  83  3 97   9  7  9  92 18 55  30 16 90  19 11 51  56 13 30  55 10 48  58  5 47  55 15 48  60 17 78  24 19 20  62  9 14  92  2 21  93  1 97  17  0 69  25 14 25  50  6 55  42 12 52  41
 7 44  59  1 51  37 17  7  93  0 59  42  3 48  63 14 86  24 15 30  61 18 99   1  8 51  37 13 47  45 19  1  98  2 16 115  6 75  47 16 29  77  9 64  36 12 65  31 11 94  34  4 83  11  5 61  62 10 36  22
 8 23  57 15 24  93  7 60  53 19 59  38 18 77  21 17 43  40 16 20  59  6 99  25 11 28  61 10 65  33  3 85  15 12 22  66  9 94  13  0 62  60  5 24  89 14 56  27  1 75  30  4 11  81  2 48  49 13 26  95
19 88  10  7 62   3 17 75   9  6 83   2  1 71  38  4 32  65  0  6 107  8 89  12  3 44  57 11 30  75  9 10  82 12 35  84 10 78  28  2 40  72 15 48  61 14 82  11 16 77  15  5 73   0 13 19  73 18 86  23
11 92  20  8 76  18 16 53  27 19 85  29  2 46  95 10 42  63  0 34  65  9 85  16 14 53  83 17 20  62  1 24  77  3 15  67 18 26  67 13 11 123 12 28  55  5 96   8  6 49  63  4  7  95  7 33  81 15 82  27
 5 31  65 11 10  94 18 19  70  2 83  30 10 10  79 15 77   7 16 95   2  8 57  33 12 49  42  1 67  71  0 34  58 14 21  92 19 27 107  4 43  48  7 56  32  6 93  23 13 47  46 17 80  11  3 28  57  9 78  12
 1 55  24 12 46  40 13 33  73 14 46  56  9 50  51  8 24  80  7 66  30  5 30  79 17 88  14  0 26  73 15 79   8 10 32  68 18 67  29  6 24  65 11 20  79  4 67  33 16  4  66  3  8  92  2  4 105 19 31  55
13 15  82  2 30  74 14 96  16 17 50  60  6 73   1 10 42  50 11 56  48  0 67  45  4 16  93  7 37  73  5 28  51 18 14  81 16 12  73 19 17  85  1 12 101 15 89  20  8 90  15  9 92  13  3 92   1 12 42  71
14 98   4 15  2  91  1 61  22 11  9 119  7 48  46 13 69  28 17 65  37 12  8  83  9 82   5  3 64  43 10 61  40  6  5  99 16 21  74 18 97  11  5 63  45  8 85   7  0 18  80  2 39  88 19 91   5  4 64  36
15 70  23 12 51  71  3 89   9 13 76  42 18 77  41  5  6  98 14 22  71 19 29  58 17  5  89  1 36  76  7 54  57 16 31  62  9  6  82  2 87   5 11 84  21  0  3 106 10  5  84  4 88  21  8 35  70  6 89  15
 3 56  43  9 80  30 19 14 108 17 28  77 15 14  90  2  6  85 10  6 111 16 79  21 12 84   9 11 23  92  7 76  30 14 38  63 18 28  79  8 98  15  1 98   4 13 38  59  5 57  27  4 27  74  6 62  34  0 94   1
12 92   4 18 26  51  8 24  72 10 18  82  9 30  74 13 11  78 19 62  50 16 38  71  4 52  44  1  3  96  3 86  12 15 17  84 11  2  95  5 50  38 14 87  12  6 10 101  0 37  68  7 42  61  2 30  70 17  5  90
 0 48  51 10 89   1 11 99  18  5 49  66 16 54  47 15 57  33  7 32  60  3 86  30 18 75  11  4 64  34 13 99   8  1 60  44  6 71  28  2 52  54 12 74  52  9 18  94 17 13 104  8 59  32 19 26  58 14 59  53
 9 26  58  7 38  55  0 98   4  3 29  68  4 29  68 15 53  41 13 50  27 17  7  68  2 81   5  6 78  26 10 85  16 19 26  50 11 27  61  5 52  32 12  7  95  1 94  21 14 86  12  8 54  42 18 51  56 16 17  98
 8 95  10  3 25  64  4 71  23  7 16  84 11 64  50  6 23  60 18 77  10 14 29  77 16 90  26 19 55  41  2 83   2  1 18  61 12 42  53 15 78   1 10 33  62 13 12  66  5 28  77 17 97   1  0 61  11  9  7  81
11  1  98 14 54  37  1 42  43 15 78   5  2 15  94 10 71  11  4 69  13 16 10 104  3 67  41  9 27  62  5 82  19 12 59  59 18 93   1  7 87  15 17 55  60  8 61  61 19 70  34  0 58  60  6 86  14 13  7  97
13 42  82  8 71  37 18 94   1 19 73  22  6 58  24  9 22  90  5 42  69  1 13  86 16 56  36 11 74  26  0 12  86  2 26  77  4 70  18 14 91  13 15 68  33 12  1 116 10  2 124  3 12  72  7 91   3 17 53  53
 0 67  20 14  2  91  6 68  46 19 89  10  1  4  92  3 83   5 16 63  46 18 58  18 10 46  52  2 62  48  9 99   9  8 90   4 11 91   5 15  9  95  7 83  11  4 15  76  5 83  37 13 47  46 17 95  24 12 42  60
 2 87  19  3 27  70 17  7  82 14 33  65  5 92  17 18 52  60  1 82  35  0 29  75  8 88   3 16 21  96  7 45  50 12 61  23 19 34  54 11 53  46  9 26  88 15 23  60  4 69  30 10 73  10  6 87   9 13 53  35
18 46  60  9 51  37 16 57  48  3 88  39  2 71  35 11 10 102  4  9  88  5 45  38  0 90  12 12 16 104 10 55  54 15 91   2  6 65  24  8 36  85 14 19  65  7 70  45 17 92  22 19 16  73  1 76  27 13  1 109
18 43  66  5 46  47  7 63  55 10 62  36 12 72  13 19 12  82 16 98  17 17 53  28 11 57  52  3 67   3  8 45  71  4 90   3  0 83  42 14 36  65 15 54  14  9 85  17  6 29  55  2  6  90 13 36  71  1 32  71
17 28  82  7 65  58 12  7  85  4 50  41 15  1 128  6 61  39 18 56  23  5 21 110  2 39  64 16 57  45 11 43  42 19 34  75  8 57  43 10 39  68  3 22  75  1 80  16 13 88   0  9 66  13  0 90  17 14 20  60
10 10 115  6  2 127 18 11 123  4 82  16  9 56  41 16 78  11 14 75  24  2 40  43  7 34  66 13 42  51 11 51  64 19 17  66  1 62  33  8 32  78  5 88   5  3 70  20 12 50  52 17 78  40  0 39  80 15 98  13
 3  8  90  1 26  67 18 11  74  5 29  65 17 99  24  4  9  79  2 58  29 10 60  34  7 52  40 14 36  81 19 14  80  0 47  49 13 70  17 12 10  87 16  1 116  9 66  54 15 51  33 11 96   7  6 41  40  8 73  21
14 75  36  4 89   9  1 92  15 12 16  95 10 52  42  3 98  19 19 21  98  7 50  48  9 61  26  8 22  61 11 78  38 18 51  42  5 70  21  2 41  59 13 39  48  6 19  86  0 91   6 17 62  33 15 46  48 16 39  61
11 52  35  3 91  30  1 24  80  0  2 110  7 43  61 12 37  58 16 11  83 19 55  23 14 51  35  4 27  67 15 28  83  5 91   7 10 45  54  2 78  40 17 29  86  9 66  27 13 87  22  8 86  13 18 16 102  6 20  93
 8  2 105 10 27  82 17 80   9 13 11 106  4 19  81 19 60  44  6 58  87  2 16 100  3 34  84  5 68   6  1 89   6 14 83  13 11  5  78  7 43  53 18 70  50 15 10  78 16 65  15  0 70  12  9 12 101 12 24  52
10 96   9 15 86  24  9 48  38  7 74  20 16 10  95 13  4  99  8 55  42  5 53  52  2 56  35 17  1  96  0 52  43 12 52  63 14 86  23 19  6  91  6 65  42 18 58  32  1 80  19  4 96  10 11 38  70  3 94  14
18 68  45  3 23  76 11 50  55  9 80  18 10 83  17  0 71  24 12 33  77  7 48  42  6 28  63  4 60  52  2 76  33  1 18  84 14 32  65 17 65  21 13 33  83  8 98  10 19 28  83  5 92   7 16 95  19 15 11  84
10 74  29 12 79  26 17 40  84  1 53  46 11 24  94  9 30  92 15 52  67  6 26  79 19 90   4  2 53  49 16 50  74 18 91  11 14 70  45 13 90  21  5 31  60  7 35  75  3 66  44  8 90  22  4  1  92  0 21  89
 5 45  62 16 17  89 11 81  31  8 97   9 17 81  22  4 67  49 10 82  26  6 24  75  3 27  70 14 52  59  2 59  33  7 55  46 12 74  11  9 25  73 15 58  35  1 62  32 13 29  87  0 88   9 19 97   3 18 80   5
10  1  95 11 24  76  1 11  91 16 88  10  0 77  42  3 64  52  7 27  60 19 13  71 14 52  60 17 49  45  9 19  90  4 62  68 18 10  76  8 42  65 15 97   7 12 49  35 13 76  12  5 59  39  6 36  52  2 43  42
15 92  23 10 82  19 16 21  61 11 70  31  8 89   7  0 26  77 19 24  76  5  1 104 17 22  78  7 12  76 14  6  86 12 34  54  3 88  10  1 28  88 13 54  22  9  8  85 18 74  35  2 41  53  4  1  92  6 74   4
19 29  73  2  7  94  9 78  25 12 90  34  6 78  24 11 94   0  5  7  95 16 53  47 10  8  81 15 92  32  8 18  71  7 59  22  4 59  33 13 96   7  3 52  46  1 69  24 18 64  31 17 76  13  0 82  13 14 36  71
14 18  60  4 64  38 12 86  16 16 82  31  0  6  97  9  2  91 17 82   6  2 46  68  7 22  84  6 13 109 19 92  13  1 38  53  5 72  36  3 45  55 11 66  28 13 48  65 10 10  80  8 94   4 18 83  27 15  5  86
 7 27  73  0 30  85  9 99  35 13 72  21  4 17 102 11 69  14  2 59  59 10  3  91 19 93  14  1  4 102 14 30  76  3 18  77  8 36  75  5 65  30  6 93  22 12 37  68 15 10 107 18 45  40 16 14  65 17 98  14
16  9 107  7 66  24  5 33  73 10 35  39  9 25  54 13 44  64  1 13 109  3  8  58 14 47  58 15 80  21  8 99   4 12 23  71 18 59  39  0  2 102 19 89  14 11 16  82  2 30  56 17 45  38  4  3  80  6 55  45
11 74  54  3  7  94 14  3  81  2 96  27  6  9  99  9 44 101  7 15  86 19 16  70  8 98   7 15 19 106 10  8  89 12  1 102 13 87   6 18  9  67  5 48  51 16 76  13  1 26  89  0 63  44 17 52  60  4 12  86
 8 90   1 10 39  73  3 58  60 16 30  87  0 35  63  6 80  28  9 69  30 11  7 110  7 70  22  1 52  48 19 88  62 17 56  36 14  8 106  4 12 104  2  4 108 13 48  65 18 57  29  5 34  54 15 70  53 12 13  87
19 91  23 11 39  56  7 86  22 12 47  58  3 61  16 16 19  58 14 72  10  6 63  34  8 44  69 10 95   3 15 52  34  0 61  48  9  7 110 13 94  23 18 77  22 17 58  34  5 11  89  4 21  70  1 54  50  2 80  16
10 14 104 14 62  51 15 13  85 12 84   8  1 15  94  8 19  96  9 70  41 18 32  55 11 57  26  2 38  56 17 90  22  5 37  52  6 31  81 19 64  39  3 20  76  4 12  38 13  9  94  7 75  22 16 90   1  0 15  59
 3 48  58  8 13  81 13  5 118 12 13 112 18 19  70 15 87  12  4 80  32  7  6 101  6 54  52 16 41  32  5 56  59  9 10  93 19 64  40  2 26 115 10 33  79 11 11  79 14 20  85  0 32  50  1 24  88 17 27  83
 1 65  17  3 89   6  2 39  67  7 77  15 15 18  89  0 42  46  6 45  49  5 83  29 12 54  48  4 63  43 16 82   9  9 50  49 11  9  60 17 72  13  8 46  31 18 51  68 14 36  77 19 27  83 13  9  62 10 48  59
15 34  33 18 85  15  8  2  84  5 29  72  3 17  78  4 60  47 10 69  31 14 55  41 16 34  88  7 12  90  2 17  82 19 60  27  9  1 120 13 63  28 12 62  33  0 14  77 11 76  46  6  2  85  1 85   9 17  9  71
 1 13  64  3 44  70  9 98  38  6 16  74  0 63  35 16 31  71 18 73  25  4 75  34 10 31  84 15 46  52 14 85  22 19 79  19  8 67  42 12  6  92 11 25  75  2 40  55  5 39  52 17 16  89  7 60  30 13 64  33
17 23  80  3 94   7 19 55  35 13 25  98 12 93   9  1 30  70  6 95   2 16 56  34  9  1  96 10  3  88  7 77  14 18  1  82 11 52  36  8 52  42  5 21  58  2  5  77 15  1  79  0  9  93  4 23  81 14 78  39
 2 10  71  4 68  53  5 56  27  0 72  53  7 63   5  3 80  15 16 91  14 11 80  17  6 22  88  8 70  44 18 39  68 10 38  56 17 57  11 12 79  15  1 60  34 14 19  60 15 95  11 13 35  68 19 41  45  9  3  81
14 55  33  5 50  43  8  2 108  3 69  51 11 44  71 15 19  87  4 70  33 13 71  39 16 53  55  1 98  11  7 65  41 12  4  93 19 46  48  9 94   2  6 48  55  2 86  24 10  6 108  0 34  38 17 97  11 18 45  26
18 85  34  0 38  46 11 27  78  2 93   8  1 81   5  4 17  82 15 14  79 16 78  36 17 89  33  3 90  35 10 97  15  5 97  13 19 12  90  9 28  66  8 72  17 14 93   0  6 18  71 12 90   4  7 53  39 13 23  77
 9 83  22  0 11  92 15 94   2 13 44  43 12 80  28 18 94   4 14 24  71  6 65  46 10 22  64  7 74  20 16 62  22  1 58  52 11 86  19  5 49  81  8 94   4  2 29  95 19 75  43  4 13  91 17 26  79  3 82  13
13 31  72  7 76  39 11  9 127  2 16  85  4 28  66 10 88   0  6 97   7 19 43  54  8 14  77  0 89  15 17 38  62  1 66  24 18 62  44 14  8  87  3 41  42  9 81   9 15 38  67 12 16  71 16 26  65  5 16  83
 7 51  54  9  1  94 12 80   7 11 63  41  3  1  61  2 61  19 18 98   0 13 58  23 10 47  69  1 15  96 14 83   8 16 16  79  8 50  48  6 36  46  0 13  68  4 46  35 17 97  18  5 87   1 19  3 115 15 50  36
13 98   5 16 65  34  1 22  82 19 31  70 14 38  41 11 45  57 15 72  24  4 72  17 18 37  49  5 63  29 10 37  44  0 50  60  9  6  60  7 30  75  2 11  87 12 34  72  6 46  73  8 34  78  3 37  67 17 82  23
15 31  68 10 19  90 12 30  69 13 80  12  5 24  62 17 74  33  2 67  22  6 39  54 11 35  99  0 79  22  3 42  63  1 24  50  7 45  54 19  5  78  8 13  78 14 44  57 16 93   6  4 33  83  9 34  74 18 28  82
11 19  74  4  4 101 15 52  40  8 82   1 13 42  53 14 71  33  2 19  68  3 47  48  7 17  87 10 67  35  6 38  73  0 23  79  5 79  20 12 95   6  9 21  87 16 56  70 17 19  96 19 52  56  1 25  71 18 68  38
10 58  30  9 37  62 11 46  72 19  4  72 12 73  17  7 86   8 18  8  97  6 51  42  8 46  55 14 38  65 16 33  53  0 34  63  2 89  12  3 90   6  1 73  32  5 81  24 15 37  68 17 50  71 13 80  29  4 63  22
10 74  23 18 26  75 15 75  47 19 40  60  3 29  76  1 79  35 16 83  17  2 40  65  5 35  59 13 53  31 14 57  31 12 99  19  0 57  53  7 94   7  8 99  12 11 53  30 17 93   8  9 75  37  6 29  86  4 79  18
18 39  72 10 21  66  2 51  41  6 92  22  7 92   1  1 36  37  4 73  12  5 53  45  0 62  47 17 97  12 15 62  19  3 17  66 11 80  24  9 29  80 14 86  15 16 89  10 12 26  78 13 29  81  8  9  72 19 83  22
14 89  20 18 88  21 19  9  79 11 63  42  6 64  28 16 85   7 10 95   1 15 87  19  5 44  56  1 15  62 13 23  71  8 10  95  3 93  19 12 67  28 17 69  30  7 13  86  9 35  73  2 71  33  0 51  49  4 90   7
 1 53  61 14 72  28  2 49  61 18 11  98  6 52  40  3 61  26  0 36  51  4 99   7 11 49  62 12 83  11 19 10  73 13 32  64 17 39  54 16 39  68  8 86   6  5 13  80  9 54  39  7 91   7 15  6  79 10 51  61
16 77  47  1 59  38 11 83  21 17 50  38 12 88  10  9  8 103 14  9  80  0 58  57  6 45  71 18 25  72  7 11 106  3 34  58 13 68  34 19 35  62  5 26  65  4 48  80 15  1  93  8 48  65  2 12  81 10 56  28
 4 24  57  3 60  39  0 20  57  8 16  82 12 65  45  2 66  38 16 47  51 18 43  25 14 63  34 17  9  96 15 14  90  6 70  38  5 46  52 11 32  85 10 54  42 13 17  90 19 85   7  7  6  99  9 12  83  1 11  91
13 89   0  9 19 102  1 25 110 12 62  12 11 72  25 18 21  93  6 32  70  8 56  61  7 61  35  2 23  51 16 33  54  5 66  16 19 65  51  3 10 107 10 27  72  0 39  46 15 46  69  4 31  57 14 23  61 17 24  79
11 15  96 19 99   4  0 14  88 12 33  56  5 81   8 18 39  72 10 49  65 17 96   6  9 31  63  2 62  46  3 40  49  6 54  62  7 53  69 16 91  15  1 87   2 13 36  91 14 79   9  4 27  85 15  2 106  8 34  66
 6 41  58 13 15  84  7 27  65 19 90   1  1 91   6 14  2 103 15 69  48  3 89  18 17 30  91 11 67   2  2 37  63 12 22  58  9 79  36  8 78   0  0 73   4 10 71   6 18 67  25  4 48  48  5 10  99 16 54  37
 4 61  16  7  2 102 13 27  93  9 20  74  5 75  22  6  2  89  0 58  68 15 36  49 17 54  26 14 46  63 10 85  22 19 27  87 11 63  31  2 42  51 16 88   1  8 75  38 18 30  71  1 46  41  3 19  91 12 12  92
12 19  81 18 59  29  3 73  26 13 90  17  7 20  82 10 27  50  4 36  64  6 16  78  9 53  39  8 68  12  2 10  91  5 59  55 11 83   1 19 22  76 16  6 100 17 91  11  1 22  50 14 74  28 15 99  51  0 61  26
18 97  16 15 85  29 11 29  89  7 20  72 10 99   1 14 29  78  6 49  58 16 86  24  3 96  19  2 83  49  0 14 103  4 95   2 13 17  90  9 45  52  1 65  28  8 48  28 19 64  39  5  9  76 12 26  70 17 36  43
 7 59  40 18 54  50  6 77  19  4 99   2  1 90  10  9 61  32 19 65  41 17 58  39 16 42  42  2 86   3 15 64  31  5  3 101 13 55  36  8 79  12  3 88   4 14 13  71  0 63  36 12 66  54 11 83  25 10 85  21
 7 92   4  0 29  62 11 62  23 14 81   6  9 81  12  2 97  16 10 96  17  3 66  49  4 81  24  1 75  34 13 93  15  8 51  51 17 73  37 16 76   7 15 33  81 19 34  77  5 95   6 18  4  88  6 59  45 12 69  13
13 18  67 14 59  58 11 15  71  7 56  62 19 85   0  1 32  49  6 68  33 15 70  44 18 24  83  4 53  58  8 12  70  5 69  29 10 35  69  3 89  30 16  6  84 12 41  65 17 87   8  9 41  74  0 85   1  2 51  48
 2  4  81  6 70  11 10 84  26  8 80  16 11 17  73 15 43  53 13 50  58  5 17  85 19 50  38 18 66  33  7 24  72 12 15  76  9 90  26  1 83  40 14 45  65  3 15 102  0 72   0 17 26  90 16 89   5  4 83  18
15 13  58  7 52  20 14 88  14  0 54  62 12 50  30  3 59  19  6 51  52 19 36  60 13 87   3  9 98   7 11 26  68 10 56  63  5 89   2  2 38  93 18 48  41 17 58  34  1  3  99  8 72  32 16 10 100  4 81  30
19 63  22  4 29  67 15 64  64 13 50  43 11 11  73  7 38  90  0 19  76  3  7  89 14 59  48  6 40  57 12 56  34 17  5 120  2 59  39 16 83  16 18 46  44  1 41  50  5 90  27  9  4  76 10 24  76  8 34  73
 4  9 105  0 82  24 11 69  32 10 14  82 15 77  35  8 39  59  9 27  60 16 98  14  7  8  84  6 53  58  2 15  81 19  1 105 14 68  26 12 56  37  5 72  19  1 61  35  3 49  44 18 35  60 13 67  30 17 21  77
 1 84  12  2 41  36 10 78   4  4 53  44  7 82  10 14 32  77  9 51  59 11 27  79 19 56  48 18  4  89  8 19  92  5 41  39 12 80  23  0 33  89 16 71  56  3 18  66 15 13  57 17  3  94 13 43  78  6 95  15
 7 68  19 18 59  43  2 67  29 15 24  76 10  2  97 11 69  37 13 45  66 17 85  28  9 51  38 19 46  35 14 86  28  1 11  95  4  2  83  6 97  14 16 53  23  5 44  48  8 64  39 12 33  85  0 32  63  3 53  41
 7 24  81  8 97   6 14 11  64 15 69  21  1  6  67 10 12  62 16 84  22  3 32  65 13  1  93  0 90  10  6 32  77  2 98  11  5 79  20 17 36  71  9 56  12  4  1  98 19 17  75 18 84  14 11 80  24 12 64  31
12 47  61 17 64  25  5 16  88 18 64  18 16 69  34  1 16  90  7 45  38  2 62  36  0 16  71 10  5 108 11 26  88  3 70  54 14 48  46  9 58  45 19 75  19 13 13  96 15 11  76  4 47  21  6 50  78  8 29  64
17 72  25 10 51  71 19 16 112  4 32  47  3 43  64  8 61  65  1 11  75  5  1 104 14 74  34 12 17  86  9 15  89  2 72  15 13 87  16 18 81  32 11 26  80 16 26  66  6 74  37  0 30  87  7 79  28 15 40  56
 5 59  24 11 69  37  1 98  10  6 60  43 16 73  25 14 37  90  9 35  90 15 47  10 13 17  90  3 93  13 18 83  35  7 27  55  0 95   1  2 77   6 19 67  10 17 30  70 10 78  16  4 26 104 12 45  49  8 55  46
 1 42  74  3 93  10 13 88  18 17 89  13 14 31  88 19 89  12 11 59  46  6 86  17  8 28  70 10 23  77 16  4 103 12 72  32 15 43  72  7 28  91  0 52  25  9 18  87 18 60  47  5 91   9  2 86  11  4  6  93
 2 84  15  3  8  65 13 84  22  4 67   2 17 84  20 14 11 108 12 89   1 19 38  60 18 12 102 15 74   8  9 14  60 11 50  50  5 83  19 10 42  49  8 77  46  0 88  14  1 58   5  7 58  43 16  8 106  6 17  94
12 28  82 14 15  60 11 97  22  5 31  65  1 15  69  6 35  69 16  9  89  9 59  55 18 50  46 13 98  10  0 86  25 10  6 115 17 49  39  3 24  94 15 89  17  4 56  55  7 85   6 19 14  77  2 78   8  8 20  64
 1 51  39 11 25  80 14 56  35  0 67  28 18 51  56 13 44  54  4 80  21 19 66  53  5 23  92 12 74  31  7 12 104 16 52  65 17 13  60 15  4 100  8 36  81  2 69  54  3  5  95  6 21  88  9 57  42 10 79  35