100 20
 9 53  54 19 48  39  7 17  54  6 42  63  2 70  28 13 99  20 11 23  94 18 79  34 16 42  65  8 88  11 14 23  84  3 77  42  1 59  47  4 45  48  5 84  15  0 58  68 15 47  36 10 91  13 12 29  80 17 48  35
 3 52  51  2 74   5  6 35  75 15  3 102 16 45  28 18 36  69  8 92   1 14 20  87 10 58  60 12 14  63 13  5 100  1 93  25 17 46  52  0 36  73  5 94  22 11 76  50  7 63   9  4 95  12  9 66  20 19 49  26
12 42  72 11 62  37 13 83  45 16 59  57  7 60  30  9  8  97  3 15  82 19 10 103 10  1 107 14 78  28  2 27  72  0 98  10 18 35  78  6 22  61  1 80  32 17 77  23 15 86   9  5 63  31  4 44  78  8 39  81
12 10  92 19  6 102  5 62  38 11 67  39 14 66  14  4 38  90 13 20  80  7 76  12  6 94   0 15 67  20 18 34  40  1 59  51  0 27  90  3 61  53 17 10 106  2 67  38 10 21  66 16 90  15  8 73  50  9 14  84
12 17  85  2 37  74 10 21  55 11 91  28  8  7 120 18 44  77 17 22  85  6 50  50  5 31  67 13 82  11  9 53  54 14 21  99  4 89  10 16 35  54 19 48  60 15 16 105  3 70  29  1 93  14  0 41  44  7  5  96
12 63  49 14 68  29 18 45  33  0 41  67  9 78  34  3 74  16 15 97   9 16 14  88  2 48  44 13 54  43 17 91  12  7 92   9 11 91   7 10 64  38  5 61  59 19  6 115  8  6 122  4 60  20  1 65  51  6 73  25
 2 91  20 18 58  48  8 75   8 10 11  69 17  7  99 12 86   2 19 70  17  9 26  60  7 53  53  4  5  98 11 81  34 14 66  23  1 57  25  3 77   6  0 89  17 16 49  62 13  3  58 15 59  59  6 93   4  5 37  69
 5 33  78 11 97  14  0 81  17 18 35  99 16 83   4  6 28  77  3 47  67  7 34  50 13 23  86  9 96   2 10 31  80 14 94  13 19 63  39 15 21  65 12  1 107  1 56  65 17 36  80  8 50  46  4 91  21  2 88  30
 8 37  78  1 70  42  7 38  68 15 84  18 17 25 102 12 32  93 14 72  19 18 37  61 16 23  79  0 14  93  3 44  45 13  3  96  9 25  87  4 91   3 19 97   1 11 88  31 10 64  55  6 81  15  5 65  19  2 59  46
11 40  54 13 23  91  0 52  62  4 39  59  8 64  43 19  9 109 14 65  44  2 22  99 17 71  41 12 51  47 18  7  81  6  7  88  3  7  88  5 34  97 10 59  49 15  2 111 16 45  57  1 41  49  7 96   5  9 20  71
 0 48  83  9 63  38  2 47  47  7 12  85  4 56  63  3 86  26 15 86  11 17  1 117  6 20  72  1 80  34 10 82  32  8  4  84 19  8 105  5 55  49 16 85  47 18 75  16 11 22  70 14 11  79 12 46  84 13 48  17
16 76  40 11 56  73  6 19  75 13  7 118 17 44  78 14 90  10  2 23  76  5 12  78  1 57  43  4 99  15  8 75  54  9 22 106 15 59  41 19 96  21  3  5  83  0 67  56 18 94  18  7 64  33 12 88   5 10 77  22
11 87   5 14 22  58 18 14  72  8 19  87  1 98   6  9 68  18  5 47  62 10 97  11  2 10 102  3 71  33 16 66  43  0 42  53  4 21  77 17 49  52 13 87  19 19 49  39  6 54  61 12 74  18 15 92  10  7 25  59
 3 22  89 19 64  41 14 21  73 10 44  34 16 34  64  7 43  40  0 14  97  1 73  23 12 38  80  5 58  57 11 52  54  6 26  68 18  6  99  8 56  49  4 98   8  2  2  90 15 98  21  9 49  23 13 91   4 17 65  40
 6 58  41  9 56  47 11 73  44  4 22  75 14 65  16  8 94  24 10 98  10 19 13 123  5 25  76 12 66  35 18 35  92 17 50  54  3  8  98 15 47  40  0 33  51  1 24  76 16 53  46 13 39  55  7 43  70  2 96   4
 6 99  18  1 72  43  5 40  53 18 88   9 13 39  73 15 26  61  9 57  64  3 81  36  7 63  27  8 71  43 16 93   0 14 59  61 10 12  82  4 71  46 17 87  19 11 52  42 12 67  17  0 27  70 19 70  65  2 91  18
12 63  57 16 87   0  2 72  52  3 44  37  0 20  83 18 77  20  9 48  55 10 34  65 19 62  37  4 64  12 13 26  78 15 68  46  6 92   8 17 18  87  7 51  33  5 43  53 11 15  63  8 70  38  1 23  80 14 56  70
 6  6 112 15 39  65  0 65  49  5 47  44  2 69  55 12 17  70 19 35  61 10 94   0  3 52  44  7 58  48 13 63  33  4 63  45 11 89  24 16 56  36  8 30  65  1 24  94 18 37  60 14  3 119  9 61  32 17 12 111
 4 80  26  1 50  31 15 35  69 19 43  59  0 96  11 18  3  98 16 81   0 14 10 104 12 14  90 11 32  59  3 54  44  9 21  74 10 57  28  8 78  34  2 56  66 17  8 108  6 60  37  5 37  32  7 47  69 13  2  78
12 93   9 19 46  48 13 47  65  8 13 103 10 87  14 14 60  48 17 83  41  1 69  58  7 32  71  3 12  82  4  2  93 18 89   6  5  3 102  6 12  98  2 14  64 15 99  20  0 69  26 11 12  97 16 79  41  9 72  12
15 99   5 12 55  45 11 44  42 19 16  87  3 49  40  0 86  16 14 40  55  4 40  77  1 41  62 13 36  76 18 93   8  8 34  57 17 88  18  2 90   7  7 99   5  5 37  87 16 54  43  6 82   5 10  4 103  9 55  40
 4 31  59  6 26  67  5 12  94  7 48  45  1 41  47  2  2  95 13 25  76  3 17  82  9 32  90 18 77   9 16 98  20 15  2  98 12 82  16  0 92  27 11 33  75 17 53  61 10 53  54  8 28  66 14 27  81 19 86   8
19 86   4 17 59  55 18 40  50 12 42  26  5 46  65 15 78  30  0 14  92  8  7  97  4 49  50  1  6  89  6 28  71 10 12  83 13 73  39 16 35  49 14 64  45  2 57  51  7 77   2 11 64  43  9 63  28  3 15  86
16 17  85 15 59  56 18 60  31  8 37  57  1 95  25  7 78   4 17 61  58 10 45  68  0 51  53  9 67  12 12 34  83 14 45  79 11 47  68  5 86  25 13 74  34  6  5 114  3 67  26  4 79   9  2 27  81 19  9 111
12 70  20 11 23  61  1 29  54  0 78  16  8 54  16  6  3  67 15 27  72  3 82  31 17 30  68  9 90  10  7 27  75 19 95  25 13  8  90 18  9 121 14 58  63  4 41  72 16 25  65  5 87   3 10 35  41  2 24  52
 9 39  56  1 62  48 19 80  22 16 74  20  7 25  95  5 43  69 17 79  13 11 52  42  8 12  98  0  6  93  2 67  56  3 46  68 18 37  61  4 14  95 12 37  53 15  2  93 10 82   8 14 12  75 13 38  62  6  9  87
10 84  21  5 87   6 15 40  62 16 12  94  2  9  96  9 62  50  4 27  84  0 68  60  8 24  85 19 79  28 14 52  35 13 18  92  1 57  31 12 93   6 17 61  46 18 15  69 11 61  56  3 21  59  7 93  34  6 57  45
 8 54  42  5 89   9  9 30  89 19  4  76  2 37  67 11 72  28 18  1  93  4 10  81  3 65  39  7 81  29 12 22  81  1 17  93  6 72   4 10 41  52 14 51  36 15 42  56 16 21  65  0 39  58 17  1 115 13 59  76
 4 65  29  6 82  20 12 11  91  5 85  22  9  8  94 15 53  67  0 89   5 16 29  74 11 60  39  3 22 115  7 46  36  8 29  74 17 22  56 18 71  10 13 35  77 19  6 103  2 22  71 10 77  31 14 69  16  1 30  81
16 43  39 15 35  87 10 84  30  3 68  16  5 85   9 14  3  97 12 11 101 18 13 117 13 66  21  0 74  21  1 30  55  8 54  53 19 12  97 17 94  51  7 85  15  4 86  12  2 74  32 11 17 102  6 88   4  9  6  79
11 81  44  5  3 100  3 69   6  4 81  26  0 52  69  9 59  57 16 88  13 17 99  15 13 63  55 12 35  66 18 48  67 10 26  82  2 44  52  1 38  84 14 32  53 19  4 104  7 80  64 15 44  52  8 86  26  6 90  18
15 35  65  2 14  94 11 63  32 12 25 113  5  7 102  1 22  86 10 72   4  3 38  88  7 63  22 14 80  23 18 65  54 19 84  25 13  8  94  4 18  82 17 79  26  8 42  51  6 94  16  9 89  47  0 29  69 16 40  39
16 98   3 17 76  69 13 87  30  2 69  36  1 65  56  6 64  35 14 58  50  4  7  88 18 18  82 15  7 130 19  9  85  0 36  62 12 48  79  8 48  77  9 83  11 10 43  65  5 35  49  3 84   3 11 32  81  7 84  25
14 22  51  0 95  17 17 92  12 19 95   1 18 70  24 11 84  19  4  3  87  3 56  70 12 31  65 15 10  63 10 35  75 13 47  67 16 94  32  9 61  51  7 45  60  2 47  55  1  4 103  5  1 106  6 35  66  8 53  41
16  1 109 15 22  84 14 46  54  6 91   2  4 78  43  5 48  44  1 32  85 19 93  22  0 28  62 10 91   7  2 16  83 12 52  39 17 48  23 13 43  30  8 11 119  9 68  30  3 44  66  7 51  54 11 11  99 18 33  61
14 26  69  3 65  21  5 93  25 18  8  71  6 44  56 16 98  16  1 50  33 19 36  62 10  5 113  2 68  33 12  6 105  9 49  57  0 46  54  4 55  62 17  1  96  7 94   6 13 13  91 11 39  58 15 90   3  8 40  48
10 63  44 16 30  54  7 24  57 11 41  67 14 97   0  5 71  30 13 92   3 12 91  29 17 22  79  6 97  12  9 49  62  2 40  80  3 37  47  1 36  86  8 23  79 15 83   1 18 53  59  0 71  29 19 64  49  4 76  17
 5 37  48 15 60  47 13 79  16 16 25  61 18 83  16 19 21  81  8 10  84 11 78  18  4 75  12  6  9  96  3 70  33  2 36  79  0 41  69 17  8  83  1  1  94 10 19 110 12  1  90 14  6  81  9 67  12  7 46  65
13  5 111  0 29  70 11 76  36  7 16 107 18 81   2  5  9  97  6 94  19  8 82   2 14 71  24  4  5 111  9  3 108 10 38  97 19 25  82 15 85  14  1 45  61  2 62  27  3 30  54 12 58  46 17 10  90 16 20  86
 5 85  21 11 99  17 13 30  89  9 23  71 17 91  38  3 32  69 14 61  37 12 42  51 19 11 107  4 56  47 16 33  59  1 30  85 15 27  71  2 19  99 18 14  80  0 81  14 10 21  78  8 56  59  7 57  45  6 68  20
 1  4  98  7 20  74 15 37  59  9 62  30 19 79  34  5 62  10 17 71  28  8 18  79  2 82  19 11  7 123  3 42  54 12 97  11  6 10  99  0  6 101 14 25  93 10 70  28 16 27  66 13 87   3 18 69  38  4 53  59
12 14 109 13 19 100  6 36  71 18 52  36  8 88   0  2 67  65 14  2  74  1 30  75 16 83   7  4 86   8  7 97   6  9 33  40  0 23  90 19  5 129  5 42  59 11 77   6 10 47  54  3 58  52 17 23  77 15 44  78
 5 82   7 13 73  38  9 91   5 11 78   5 10 54  48 16  1  94  4 30  63 18  9  70  0 37  95 17  3 110  8 71  13  3 26  98 14 98   9  2 70  33  7 35  84 19 55  40 12 72  33  6 47  70 15 35  63  1 85  14
10 36  58  1 14  98 17 96  13  2 61  29 19  3 103 14 30  51  0 98  15  8 75  26 15 41  69 16 79  31  3 96  14  9 73  26 18 54  57  4 72   7 12 29  60  7  6  74  6 31  43  5 32  63 11 34  73 13 50  66
19 93  13 13 16  86  3 96   5  7 73  26 10 94  19  6 36  81  9 29  83  2 38  63 14 63  55 11 14  87 17  7  85 12  7  80  4 56  46 16 54  41  5  7  99 15 83  31 18 33  64  8 60  30  0 88  12  1 58  35
16 64  60 12 11 121 14 13 111 19  4  61  9 74  18  8 23  70 15 84  18 18 62  37  0  8  98  6 42  52  2 96  31 11 26  78 13 41  57  7  2 108  4 28  97  3 14 111  1 99   0  5 14  95 17 65  49 10 80   2
 4 10  73  3 99   4 10 20 103 15 80  27 11 60  28  5  2 101  0 98  18 12 97  12 14  1  69  1  1 114  2 59  49 19  1 124 16 26  82 18 99   0  8 89  14  6 38  83  7 15 116 17 47  59  9 74  19 13 14  88
 1 52  38 19 50  60  5 13  84 14 73  41 12 88  14 13 67  20 18 78   2  9 82  12  7 18 109 16 86  34  0 27  60  6 34  63 10 26 101 15 30 100 17 17  91  4  2 100 11 87  18  2 85  44  8 40  53  3 77  37
 4 70  28  6 98   9  3 23  93 13 29  68  1 88  23 10 31  60  2  7  93  5 92   9 18  3  92 16 80  31 17 18  85  7 39  62 15 57  38  8 56  39  9  8  89 19  1  93  0 79  41 14 90  25 11 74  21 12 55  45
19 25  68  6 29  89  0 51  70  3 83  14  5 91   9  4 93  16 12 44  56  8 16  81  2 23  65  7  7  74 17 57  50 18 56  46  9 72  31  1 41  70 10 68  48 14 25  83 13 63  23 16 43  55 15 87  12 11 53  72
 9 35  67 18 12  75 12 89   1 10 41  52  1 70  36  2 18  90 13 70  31  6 69  31  8  5 121 17 59  67  7 30  49  4 34  48 11 23  64  3 42  54  0 45  62 15 92  11 19 92  12 16 60  34 14 98  15  5 41  38
11 61  34  1  4  77  2 30  76 15 50  61 13 50  55  8 39  50  4 41  43 10 15  84 16 22  83 14 55  44 12 37  41 17  7 105 18 88  29  6 58  41  5 90  11  0 64  10  3  7  95 19 23  68  7 19  91  9 37  69
16  4  87 12 57  31 10  1  94  2 80  23  6 21  87 18 35  74  9 32  86 17 98  19  0 78  36  1 50  33 15 79  38  4 53  53 19 40  58 11 19  84  7 25  95 13 84  12  8 91  27  5 51  79 14 95   3  3  4  82
13 73  10  5 92  13  8 25  50 19 41  75  9 58  40 15 36  76  1 50  63 10 90   1  4 98   6 17 39  40 18 94  16 14 64  19  2 15  95  0 29  71  7 27  74  3 89  11 16 50  48 12 26  57 11 38  92  6 11  60
14 82   4  2 37  24  3 99  24  6 34  64 12 94  17  5 46  62 16 74  49 19 45  76  4 78  29  1 41  54  9 58  24  7 43  47  0 71  18 15 59  40 11 25  88 17 55  51 18 84   1 13 48  20 10 84  23  8 57  34
 2 11  57 11 53  49  0 39  56 15 81  21 19 66  23  6 99  11  4 73  17  3 76   8 17  7  83 14 91  12  9 33  58 16 47  26 18 14  80  8 51  40  1 25  68 13  4  91  5 15 120  7 26  81 10 79  18 12 70   6
 6 79  25 15 97   9  9  9  95  0 56  45 14 50  48  8 43  73 13 55  59  1 32  54  4 91  20  5 75  35 17 83   4 18 17  79 12 55  28 10 43  58 19 80  18 11 62  32  2 60  51  7  3  94 16 56  38  3 33  44
13 97  19  2 40  58 12 32  62  3  7  76  5 85   7  6 60  43 17 19  74 19 13 105  8 54  61 10 62  54 16 47  57  0 11  78 15 32  40 11 49  65 18 65  46  9 69  41  7 67  47  1 96   7  4  7  93 14 71  16
19  7  88  7 54  33 15 19  70 14 14  62 10 68  30  9 74  44  4  1 110 17 62  50 13 53  33  2 51  62  8 35  57  6 23  69 11 88  18  1 68  44 18 53  34 16 39  77  3 65  32  0 64  15 12 93  10  5 93  17
12  9  86  0 28  65 17  6 109 18 73  16  6 73  21  5 71  28 11  7  86  3 57  55  2 95  15 10 93  26 15 56  44  7 67  26  9 23  73 13 30  92  8 98  10  1 37  33  4 34  58 14 27  72 19 45  49 16 62  21
 3 32  55  0 71  25 14 47  35  5 16  86  4 50  56 15 96  16  2 31  70 17 10 100 12 63  28 10 10 116 16 74  27  7 88  28  6 32  61 11 50  54  8 93   0  9 41  60 19 55  63 13  5 114 18 69  10  1 83   4
 7  4 113  4  8  89 15 91  15 13 54  35 11 59  27  9 51  79  1 58  39  8 55  61  6 63  57  0  3 103 12 64  39 18 38  76 19 21  67 14  8  85  3 69   1 16 93   3 10 95   1  2 61  49 17 37  64  5 74  32
 7 86  14  4 46  42  1 71  13 19 94   4  6 84  26 14 72  35 13 51  48 12 75  10  0 46  54 17 17  81 11 35  65 18 22  53  5 43  51 15 64  34 10  4  94  8 32  89  9 22  90  3 71  42 16 26  54  2 62  22
 1 44  60  9 55  59  5 12 122 14 38  65 17 35  66  0  6 111  3 61  51  2 93  14 18 18  88 13 62  15  4 42  51 11 23  79 12  9  95  6 71  47  8 79  22 19 84  24  7 90  28 10 67  18 16 92  19 15 48  49
 1 78  20 18 22  58 12  8  99  0 85  18  5 92   3 11  8  86  9 45  70 14 38  56  2 20  86 15 38  71  8 73  20  6 53  37  3 44  58 17 19  92 10 75  26 13 41  65  7 71  18  4  6 104 19 84  33 16 74  18
 8 30  78 19 41  58 18 20  86  7 49  54  4 60  50 16 59  52  6 40  55 15 72  31  9 31  79 12 26  71  1 55  47 14  3  93 17 61  32  2 57  32 10 58  42  3 87  21  0 88  19 13 40  39 11 94  16  5 78   5
 7  8  88  2 15  55  1 66  24  6 46  35 11 22  76 12 66  29 14 13  87 18  7  82  9 30  65 15 64  26  3 55  35  8 31  55 17 96   5 16 82   6 19 60  43  0 14  76 13 63  29  4 56  68  5 71  35 10 63  33
16 29  83  3 10 110  5 78  31 10 46  68 15 94   7  8 97   8  6 85   8 14 86  17 13 63  58 19 50  51 18 49  50  7 27  89 17 63  42 11 81  23  2  4  96  0 80  52  4  9  93 12 95   0  1  6  69  9 83  13
 5 63  42 11 28  94  1 37  85  0 62  46 16 56  47 10 73  20  6 54  42  2 70  19  7 53  56  8  7 114 12 35  48 14 64  38 18 22  72  4 98  10 15 41  52 19  6  94 17 88  16  9 20  97 13  5 100  3 86  12
 8 84  12  3 84   2  2 21  61 14 35  74  0 54  42  1 98  13 16 95  13  6 54  48 11 63  26  9 59  24  4 74  18 18 90  23 19 68  12 10 98  15  5 39  50 17 83  31 13  5 101  7 19  70 12 74  34 15 73  24
 2  1 106 16 41  65  9 31  97  6 10 107 19 99  24  3 94   2  0  9 108  7 69  47 12 55  58 17 92   7 18 17  97  5 89  15 14 73  14 10 10  85  4 98   6 13 38  75 15 13  80 11 52  61  1 48  67  8 87  23
11 70  15  7 40  48 15 18  66 14 41  74  2 26  56  0 65  36  1  7  98  4 56  53 12 32  72  9 37  78  3 32  49 19 48  68 16 77  36  5 26  83 17 91  20 10  5  91 13 33  47 18 74   8  8 90  12  6 97  10
15  1  92 11 55  49  8 80  26 14 27  51  3 58  31 13 92  11 18 18  90  0 91  21  4 23  59  6 96  12  1 86  18 17 40  46 19 17  80 12 39  66  9 49  43  5 31  64  2 60  37  7 53  16 16 74  17 10 23  98
 6 73  25 17 19 103  5 89   3  0 90  10  7 27  91 15 84  47 18 73  42 19 30  62  1 51  37 12 33  45  2 84  18 10 21  75  4 38  75  8 29  74  3 34  77  9 12  58 14 57  61 16 46 100 13  9  98 11  8 126
16 65  37  6 39  50 17 15  95  5 72  46 11 65  31  9  6  64 13 99   9 19 83  19  1 65  35 14 84   5  2 85  26  7 90   2  8 23 100 18 45  25  0 74  47 15 88  29  4 26  72 12 41  53 10 61  23  3 28  87
 3 86   2  5 60  37 17 48  23 15  8  87  6 18  88 13 14  87 12 71   9 16 41  58 14 76  16 10 57  36  0 72  30 18 23  89  1 81  33  7 50  61  8 60  73 11 15  77  4 33  63 19 54  50  2 67  34  9 80   9
12 25  83 15 19  66 19 88   3  3 68  38 10 40  33 16 42  43  2 60  50 18 29  94 11 87  13  7 57  59  9 77   1  8 23  51 17 91   7 13 34  74  0 96   7  1 22  78  4 84  12  5 26  84 14 66  18  6 76  34
 5 41  82  6 23  91 12 34  64  3 31  49  4 65  27 10 43  59 15 51  57  0 35  62 17 42  89 14 56  46 19 29  69  8 79  26  7 22  64 16 66  21  9 68  18 13 32  61  1 21  78 11 82  38  2 42  55 18 66  37
 1 29  75 17 24  61 18 48  49 15 13  63  0 93  16 14 68  14  5 17  76 11 51  34  8 49  50  3 76  18 16 40  91  6 88  28  2 85  14  9 43  70 13 56  53  4 31  69 12 77  32  7 88   7 10 53  53 19 53  37
 8 17 125  6 18  87  1 36  88 10  1  57  5 54  36 12 20  81  0 95  13 11 20  67  2 57  40  3 42  50  4  3  98 15 55  42 17 18  73 13 39  69 19 85  12 18 28  74  7 21  65 14 49  57  9  7  62 16 98   2
 0 89   8 14 97   5 18 66  36 15 17  75  5  2  94  7 32  68 12 94  38 11 71  31 10 87   9 16 45  37  6 45  51  9 21  79 19 91   0  2 30  66  3 33  94  8 20  78 17 97   2  4 34  66 13 15 100  1 24  67
10 57  35  2 89  17 18 78   1 13 21  75 11 58  45  9 78  43 14 25  78  4 51  53 15  7  93 12  1 100 19 61  24 17 92   5  1 13  90  3 73  24  6 35  74 16 46  56  0 61  13  8  4  94  7 68   1  5  3 111
10 77   7  4 79  23  7 61  60 18 52  50  8 74  13  9 31  83 17 71  13 19 98  38  1  4  69 14 62  38 16 44  45 15 38  43 11 25  91 13 29  64  5 40  37  0 30  84  2 65  32  3 79   4 12 57  31  6 10  72
 0 50  77  3 95   3  1 33  84 19 34  51 15 49  55  8 25  81 16 22 102 11 87  29 13 46  68 10 13  89  5 96  14  9 98  27  6 43  38  7 80  16 17 70  52 12  7 109 14 97   2  4 19  99 18 74   6  2 47  43
10 83   7  6 93   0  8 90  23  2 96  12  7 75  25 15 41  66 13 68  29  9 43  49 18 77  27 12 32  38 16 75  26  1  1 114 17 28  55 11 11  73 14 90   7  5  5  81  4  4 110  3 63  52 19 79   8  0 92  12
18 61   7 12 65  46  6 48  33 19  2  84 15 98   1 16 44  51  1  4  87  2 50  11  7 66  51  3 97  10 17 26  51  4 85  11  0 71  14  9 52  35 11 32  73 13 98   3 14 60  37 10 88  26  8 75  41  5 43  54
 9 97  10 15 42  61  8 77  24 14  4 117  0 80  10  7 95  41  3 17  86 18 50  35  4 32  61 13 44  26  2 93   3 12  2  98  6  5 112 19 68  57  5 78   4 16 21  89 11 70  44 17 18  86 10 49  60  1  5  99
16 86   9 18 18  51 15 71  38  0 19  79  6 13  73  2 72  12 12 12  84 14 64  19  3 78  16 11 37  90  9 69   2 13 13  71  7 78  10  8 60  57  5 71  12 19 63   4 10 77  14 17 41  52  4 84  19  1 71  38
 9 17  79  6 80  27 12 96  31 18 44  71 15  2 110 11 92  10 17 32  72  3 57  69  7 74  25 14 32  78 10 48  55  0 61  49  4 47  59 16 78  41 19 81  35  8 86  12  1 29  81  2 64  33 13 48  70  5 34  41
16  8 115 13 79  26 17 71  34 14 87  41 12  1  99 15 61  38 18 82   8  8  7  98 19 53  58  6 70  12  2 54  51 11 62  61  5 75  10 10 13 103  0 53  58  3 53  35  4 78   9  1 97  14  9 18  58  7 39  68
16 70   9  2 55  25 14 92   4  3 59  34 19 62  35  9 16  93  6  4 115 17 29  95 15 18  67  0 20  74  7 56  61 11 82  16  5 33  91 12 77  15 18 64  13  8 25  82 10 75  50  1 46  82 13 54  43  4 55  40
13 71  18  9 69  29  1  9  73 18 92  11  7 69   5 12 91  37 19 63  47  2  3  95 11 96  11  6  9  91 17 48  65  3 29  84 16 14 114 14 15  68 15 11  95  4  2 114  8 43  55  0 52  49  5 54  53 10 96  12
 3 72  25 19 65  34  9 18  91 16 80  15 14 55  40  5 45  79  4 34  65  6 67  39 15 59  30 11  5 102  1 38  83  7 99   2  8 91  38 10 15  93  2 42  59 13 74  22  0 24  93 17 23  85 18 10  77 12 53  42
11  3  96  7 17  84 15 78  19 16 72  31  3 63  51  2 92  12 12 35  64  5 62  54 17 86   3 19  5  97 14 55  27  6 77   3  9 95   9 10 49  36  8  6  93 18 58  56  0 16  63 13 78  12  1 62  21  4 73  22
 8 38  53 15 51  63 13 28  61 14 76  29 18 38  80 16 96  18 19 91  14  0 32  58  7 90  13 17 73  49 12 56  40 11 67  36  4  4 101  1 55  28  3 77  24  9 20  86  6 43  65  2 62  58  5 79  29 10 49  58
17 37  58  8 71  27  2 80  24 11 33  72  9 95  11  4 41  73 10 15  54 15 67  61  5 10  85 19 94  24  0 63  28 14 97  14  6 56  26 16 42  60 18 35  61  3 63  23  7 16 103 12 92   8  1 13  90 13 88  23
 0 14  71 18 41  51 12 82  21  4 47  53  8 49  59 14 52  43  5 64  41  6 25  96 16 12 105 13 56  35  2 47  58  7 42  43  9 77  14 15 89   5 17 92   2  1 41  62  3 75  12 19 23  87 11 40  28 10 91  20
 9 99  10 15 52  28 14 30  74 12 27  69  7 86  12  3 29  58  5 80  18 19 78   5  0 76  28  2 13  61  1 12  87  8 23  69  4 66  36 16 30  87  6 66  57 18 52  45 10 67  36 11 42  78 13 91   3 17 84   2
19 94   0  4  7  96 10 40  44 18 29  86  1 87   2 17 18  96  0 82  37  8 75  31  5 32  65  9 45  46 14 19  93  6 23  84 12 69  27  7  1  90  2 92   2 15  9  99  3 29  93 13 37  64 16  8  82 11 78  10
 4 79  29 11 39  82  9 46  31 17 95  23  0  4  79 12 55  22 14 80  29  1 79   3 19 35  54 13 11 103  2  4 108  3 24  77 15 63  29 16 14  83  6 34  74  8 14  83 10 57  35  7 58  39  5 14  84 18 60  51