100 20
 3  1  99 10 32  41 16 15 108 19 15  70  7 72  23  1 41  61 12 49  77  2 17  89 15 12 108  5 39  58  0 66  64 17 64  29  9 10  78 13 24  72 14 60  37 18 76  30  6 72  23  8 47  39 11 99  26  4 92  15
 2 28  70 18 62  40  9 64  30 16 95   5 14 94  14  0 86   7  3 87  37  6 11  97  5 46  66  4 64  57 15 86  14 12 76  19  8 11  89  1 32  83 10 44  35 17 31  71 11 77  19 19 99  21  7 16  81 13 97   9
 7 78  13  2 28  82 11  2 108 14  3 105  0 88  18 12 69  25 13 34  69  3 99  28  8 33  88  1 70  32 18 18  84 16 22  61  5 41  31 17 20  69 15 21  74  9 44  67  4 66  46 10 18  64 19 73   6  6 80   9
 1 20  74 18 22 102 12 76  36  6 43  71  8 60  61  5 91   3 19 88  10 11 26  96  9 12  77  3  8  89  2 65  16 13 39  77 17 49  28  4 83  33 10 30  64  0 78  22 15 21  76 14 96  31  7  6  86 16 56  32
 6 56  39 12 52  70  8 73  36 10 20  73 11 76  58 19 73  34  2 21  95  3 21  77  4 40  83 18 69  41 16 19 109  5 93   1  0 92  20 15 74  24 13 88  15 17 74  50  7 95   6  9 43  84  1 50  52 14 77   7
 4 79  36  7 57   8 17 70  24  5 34  65 16 28  84 15 28  76 12 84   0 11 40  80  0  6 123  6 53  61 19 42  42  2 99   0  3  7 118 18 18  76  1 23  53  9 12  92 14 87  15 10 86  24 13 13 108  8 66  31
 3 67  27 16  2  86 19 69  37  6 87  12 10 56  68 17 22 105  4 24  47 15 67  24  1 60  40  0  7  94  9  2 100  8 71  39  2 63  25 12 63  37  5 99   7 18 79  51  7 84   9 14  7 116 11 97   1 13 84  27
12 19  82 19 98  10  5 65  45  4 56  48  8 21  87 15 81   2  9 91   4  2 52  76 16 86  27 10 64  41  1  2  66 13  6  98  7 81  47 11 81  33 17  5  88 14 84   7 18 88  49  3 70  49  6 76   5  0 72  42
 3 73   2  4 73  49 13 24  98  8 26  80 19 22  56 18 53  38 14 94  17  5 81  10 12 25  93 15 57  10 10 47  55  1 86   8  9 79   5  6 92   2 11 45  62  0 17  80 17  3  84 16 12  55  7 60  61  2 60  46
13 66  24 18 71  23 19 69  32 17 77  34 16 95   6  9 30  47  6 45  54 14 46  73  8 35  68  0 33  59 12 95   5  1 20 103 11 30  84 10 50  77 15 92   7  3 97  10  4 99  19  2  2  89  5  2 119  7 24  88
19 91  33  4 85   6 17 16  74  3 91  11 15 40  79 18 59  32 11 64  45  0 30  75 10 62  36  7 94  12  6 67  14 14 75  14 12 22  70  5 46  75  8 97   0 16 40  65  2  9  80 13 38  60  9  7  87  1 94  22
 2 99   5 10 82  27 13 94   5  8 20  91 11 41  59 12 85  25  9 21  92  4 80   6 16 53  69  6 50  44 15 73  42  1 37  64 14 89  15 19 60  37  0 30  56  5  5  60  3 10  72  7 12 123 17 40  66 18 29  82
 7 34  74 17 27  63 11 75  19  4 74  49  2 82  23 12  9  94 15 75  30  9 87  10 18 81  28 16 12  86  8 12 107 14 26  58 10 18  91  5 89  30 19 84  37  0 87  32  6 14  66  1 93  33 13 20  84  3 81  27
11 93  15  1 48  42  6 61  30  2 57  36  7 89  28 17 62  48 10 51  75  5 89  26 16 43  49  4  9  92 13 73  32 19 24  58  3 17  75  8 73  12  0 12  89 15 76  25 18 72   5 12 11  99 14 34  69  9 75  22
18  7  49  7 62  34 11  2 100  3 28  59  9 73  21  1 57  53 12 51  34  4 75  30 13 86   2  5 25  64 14 98  18 17 63  49  8 41  66  2 64  27 15 24 103  6 62  28  0 40  69 16 21  71 10 34  78 19 44  36
 4 71  31  1 44  83  6 66  24 18 93  13  0 61  53 13 66  20  3 42  72  7 51  40 15 32  70  5 52  56  8 31  67 11 30  89 12 63  45 10 29  76  2 90  19 19 75  16 17 94   3  9  9  68 16 40  55 14 22  54
11 14  86  4 46  52 10 10  86  5 52  43 14  7  94  8  1  95  6 13 125  0 77  33  9 37  68  2 63  13 15 37  54 19 59  45 13 33  80  3 30  86  1 78  26 17 38  64  7 77  30 18 12  92 16 46  56 12 33  61
17 72  31  3 71  27  1 84  16 15 10 127 13 95   3  6 24  90 12 18  90 19 56  33  7  3 117 16 49  66 11 77   9 10 19  63  0 70  15  4 24  62  2 50  71 18 19  80  5 60  39 14 45  67  8 77   1  9  6  88
14 11 102 15 20  97 12 12  93 19 61  53 17 99  11 18 29  50 10 38  59  1 76  14  6 48  46 13 56  49  3 98   6  9 80  22  4 52  53  0 30  93 11 23  84 16 59  23  7 66  41  2  4 132  8 43  35  5 26  76
 5 80  15  2 71  12  4 50  58 10 69  22 19 27  78  0 54  44  3  4  79 18 60  47  1 93   7  7  1 142 16 76  37 12 11  86 11 88   7 14 87   8  9 42  66 15 73  11 17 87  24 13 40  52  8 15  79  6 72  31
18 79   5  1  4  77 14  8  70 11 65   6 19 72   5 16 70  11  9 69  32 17 99  11  3  1 103 15 73  15  0 57  34 13 52  39 10 80  30  7 85  11 12 58  39  5  8 118  6 31  62  4 91  50  2 89  16  8 60  46
10 88  38  2 39  64 19 70  43  6 65  27  0 78  19 15  9  98 18 65  61  5 54  61 13 96   2 14 14  95 12 46  50 17 51  57  7 64  47 11 55  54  1 56  58 16  6 114  4  2  97  9 15  86  8 53  46  3 20  53
 4 57  52 14 39  43 17 78  20 16 71  13 15 91   1  3 57  36  5 73  24  7 36  65 11 81  34 19 92   4 18 59  45  9  8  94 13 24  87 12 48  42  2 88  11  0 69   8  6 49  34  8 55  48 10  7  95  1 82  25
12 31  54  8 56  38  3 97   2 14 98   6 18 18  50 19 55  33 15 69  42  6 33  55 11 73  30 13  4  87 16 44  82  0 97  20  1 76  19 10 21  83  5 39  35  2 73  31 17 85   8  7 30  75  9 65  35  4 15  93
 8  2 101 16 76  44 17 94  39 12 62  33  1 28  68 14 91   4  2 37  70  6 62  45  7 49  83  3 34  77 10 71  28 18 65  26 13 56  48  0 78  15  5 10  97 19 52  45 15 43  51 11 92  20  9 34  93  4 58  46
 8 28  70 13 79  22  9 40  39  0 44  48 10 33  62 19  2  98  4 85  47 18 53  45 17 19  96  7 71  43  2 16  92 15  8 100 12 38  46 11 52  43  3 98  12  1 30  76  5 15  89 14  5 116  6 16  82 16 88  14
 2 89   5  1 36  77 19  2  85 15 42  63  8 74  13 11 89  40  5 69  45 16 13 110  7 14  83 12 83  19  0 46  53 18 78  15 17 69  49 13 48  60 10 64  37  9 64  27 14  2  96  3 34  88  6 38  69  4 40  65
13 30  50  4 92  35 18 48  71 11 93  35 12 74  46 15 71  42  3 85  19 14 25 104  5 98   3  8 71   6 10  1 112  9 83  15  0  8 101 16 73  17  6 44  63  1 26  77 17 38  84 19 68  40  2  9  85  7 63  48
19 45  42 16 77  20 17 11 103 18 49  44 12 54  56  3 93  12  6 42  80  8 43  49 15 57  34  9 17  85  7 61  55  4  9 105  1 65  28 13 32  59  5 28  92  2 53  48 11 63  52 14 17  76  0 66  43 10 66  23
 7 57  46  5  4 107 13 30  62 12 33  66  9 99  10 19  4  98  1 51  58  0 42  69 14 76  42 10 44  41 17 16  62  8 90  12  6 89  30 15 91   1  2 61  63  3 81  27 11 86  33 16 92  10  4  7  82 18  7  61
18 33  56  1 58  54  8 22  67  5 22 103 13 63  53 12  7  75  7 22  74 11 78   2 19 84  49  4 95  18 10 83  25  2  7 112 16 66  36  3 35  96 14  9  82  0 29  75  6 43  60 17 88  14  9 95   9 15  7  95
 8 88   7 12 52  76 17 18  93  7 46  35 11  8  79 14  5  99 10 76  22  1 20  94  5 19  83 18 71  13  0 30  82  9 22  84 15 57  33 13 53  43  3 91   9  6 68  73 19  8 101 16 47  51  2 81  16  4 33  62
15 48  45 13 53  28 14 34  72  2 61  30 10 23  85  9 11  85 12  5  74 19 81  22  0 30  60  5 25  70  8 13  72 17 68  54  1  9  55 16 38  65 18  6  73  3 99  20 11 18 101  4 19  56  7 53  38  6 81  42
18 50  72  7  3  95  5 61  31 15 88  13 12 98   5  6 56  50  4 92  15  0 87  16 13 34  52 11 29  75 17 89   1  9 80  13  8 96  12 16 26  99  3 41  67 10 97   4 19 66  29  1 49  37  2 19  76 14 33  59
19 59  42  4 66  57  7 26  96 17  8  84 14 41  35  3 63  38 12 69  15  8 64  40  6 58  59 18  2 113  9 92   5 10 26  87  2 13  91 11 40  61  1 88  15 16 34  35  0  8  80 13 45  64  5 94  32 15 72  29
11 46  53  4 95  13  7 36  59  2 26  99 15 79  21  3 76  17  0 37  37  8 73  40 12 41  48 10 94  27  5 82  42 16 36  78 19 48  27  6 96  33 13 73  41 18 79  22 17 30  70  1 15  58 14 87  26  9 34  66
17 30  54  5 17  64 11 94   0 10 82   7  3 44  18 18 78  18  6 97  31  0 99  13 15 82  37 13 87  27 16 56  27 14 87  12 19 42  76  9 52  63 12 87  34  7 15  72  4  1  81  8  2 102  2 90  10  1 71  38
 4 40  86  8 13  81 18  6 105 13 43  61  3 46  24  7 84  19 15 66  41  6 14  76  0 66  45 16 16  69 19 94  20 12 63  35  9 16 103 11 36  66 17 40  54 10 49  67  5 53  18  2 34  68  1 60  36 14  8  84
 3  1  83  8 40  51  6 59  72 11 83  18 12 69  47 15 76  12  4 38  84 17 46  68 13 65  22  0 65  58 16 61  31  1 73  20 10  2 108 14 63  43 19 20  86  7 74  36 18 45  70  9 40  63  5 76  19  2 70  45
10 37  53  8  4 100 12 33  59  3 80  31  1 41  63  7 74  22 15 67  49 13 27  86 16 83  29 18  2 111  2 52  46 11 53  52 17 59  35  0 27  81  6 15  70  4 44  49 14 45  52 19 17  89  5 55  54  9 59  48
 0 10  93 17  9 102 18 19  82  7 60  62 10 88   9  2 88   7  1 29  77 16 60  32 13 48  65  6 85  13  5 89  28 11 47  70 14 98  13  8 16  94  4  9  93 19 98  32  3 52  40  9 95   9 15 49  49 12 96  17
 3 77  41  2 96   7  4 70  21 11 19  88 16 40  48  8 97   3 12 12  98  9 63  50 15 82  21 13  7  86 14 76  27 19 93  31  5 86  15  7 82  38  6 46  35  1 19  59 17 47  59 10 90   1  0 45  43 18 11  75
 6 67  37  8 42  69  7 17  70  5 55  64 10 59  49 17 50  54 12 58  26  1 89  30  9 90  23 14 49  57 13 86   7 16 20  74 15 41  71 19 19  89  4 53  46 11 94   4  3 87   0  0 63  70 18 53  38  2 21  95
 2 20  82 12 70  18 16 20  98 11 71  29  0 39  45 14 35  78  4 19  77 18 90  22  8 60  28  7 24  68  5 77  50 13 59  23 10 55  29  3 17  49  9 35  42  6 77  10 19 93  35  1 33  65 17 60  20 15 16  68
17 53  32 18 46  75  6 12 108  7 21  72  0 20  87  3 22  83 15 27  88  8 38  79  1 43  58 10 66  51  9 38  46 11 98   1 14 55  67  2 41  67  5 99   6 19 17  94 16 91  29 12 73   4  4 24  66 13 59  57
12  5  92  9 82  37  8 32  65 17 28  56  2 43  63  5 50  45 14 85  11 13 58  27 10 13  78 19 50  77 18 20  86  1 51  49  3 17  85  4 54  62 11 16  74  0 20  90  6 98  20 15 45  52 16 87   7  7 56  14
 6 74  32  2  8 100 13 20  51  7 63  21 16 93   4  9 22  87  4 87  14 11 66  25 12  9 107 14  4  79 15  7  85  8 30  69 19 92   8 10 36  64 18 68  31 17 78  28  5  6  82  1 48  50  0 85  13  3 26  83
 0 44  61 10  4  76 12 16  88 13 72  39  6 70  35  3 52  28 15 85  13  4 79  36 16 79  45 14 76  29  9 64  45 11 71  15  2 83  26 18 37  78  1 84  24  5 11  88  7 22 103  8 28  61 17  2  83 19 57  64
 3 86   0 17 45  30 15 13  84 13  3 114 19 24  88  7 47  60 12 30  58 11 19  94  6 17 117 18 25  76  8 92  14  4 75  27  0 96  17  5 24  68 16 16 113  9 74  39 14 67  38  1 70  17  2 42  51 10 90  16
16 47  55 18  6 101 10 19  97  5 38  76  4 12  76  8 93  22 15 55  42 14 63  59  3 41  78 19 14  72  0  3  93  6 11  74  9 76   9 17 32  60 12 83   3  7 33  68  2  2 114 11 76  19  1 73  13 13 27  64
10 58  41  7  2  89 13 77  26  8 72  20  6 98  19  5 60  49 16 38  86  2 44  41 18 67  32  9  1 106  3 57  57  0 48  53  1 37  48 15 89   2 12 81  24 11 79   2 19 81   8 17 33  61  4 22  58 14 33  75
 1 26  92 10 15  77  7 17  76  4  9  61 19 91   2  3 40  38  5 18  66  9  6 137 13 49  39  6 90  17 15 11 106 11 68  16 17 26  77 14 67  46  2 14 103 18 94   8 16 85  27  0 96  14  8 11  89 12 97  17
14 15  94  8  3  65  5 51  41 16 15  81  0 69  45 19 12  79  9 23  64 15 33  56 18 66  39 10 24  63  4 44  56  1 78   9 17 48  69  3 50  76 11 89   1  7  6 123 12 58  25  2 20  76  6  5 106 13 69  26
15 62  24  2 52  45  8 19 106 18 92   6 13 40  68  0  1  96  6 97   5  9 56  30 17 74  36  4 46  57  3 33  65 12 33  46 10 28  73 19 84   8 14 51  60 16 25  86 11 59  53  5 90  26  1 38 101  7 59  25
 0 64  42 12 37  57 15  2  88  1  9  91 10  6  85  3 34  79  4  1 108  7 42  47  9 92  28  6 61  60 19 48  68 14 61  61 17 62  45 13 11 104  2 78  20 18 29  68  5 40  77  8 15  88 16 61  51 11 39  83
 9 81  13 13  9  87 15  4  64  6 67  37 17 35  62 10 89   1  8  7  82 16  1  98  1 55  38  2  3  92  4 11  89  0 35  76 19 66  37  3 19  90  5 28  87  7 69  22 11 22  87 14  3  78 12 42  85 18 56  59
 4 91  13  1 26  60  2  5  91  5 98   0 18 10  97  0 72  17  7 78   4  8 81   3 14 11 104 16 51  33 13 63  50  6 80   6 11 29  89 12 63  33  3 66  29  9 80  16 15  3 115 17 68  24 10 50  30 19 16 100
 4 95   5 13 43  43 17 70  17  5 12  83 10 73  31  3 10  89  2 88   2  6 85  34 14 43  74  0 57  34 16 70  40 12 15  93  9 13  99  8 54  37 15 96  21 19 99   7  7 18  92 11 64  45  1 85  31 18 53  83
 4 48  42  1 16  82  3 56  18 15  9 107  6 66  46 18 83   6  9 26  59  7 40  36 19 28  68  5 73  23 10 79  26 14 47  46  2 82  18 16 59  42 13 64  43  0 37  69  8 79  22 11 27 109 17  6  78 12 99   1
13 99   8  0 33  61 19 85  15  2 27  85  5 93   7  3  3  87  6 56  49 16 11  89 12 81  18 11 42  39 17 10 102 10 73  18  9 27  70 15 59  39  8 18  79  7  1  98 14 62  31 18 55  49  1 59  24  4 60  36
 0  6  79  5 67  38 14 42  45 11 39  47  1 14  73  4 39  64 12 49  53 10 12 102 15 91  16 19 67  42  8 91  21 16 69  36  2 38  92  3 13  92 18 40  63 17 39  55 13  4  72  9 55  18  6  2 118  7 85  41
 8 83  10 11 15 111  6 18 109 12  9  79 18 87   8  4 66   6 16 24  78 13  2  76  0 90  34  1 54  36 19 28  55 17 87  27  3 50  51  5 76  20  2 59  64  7 28  83  9 53  42 10 79  26 15  9  97 14 31  56
 6 71  36  2 92   5  0 38  52  4  6 117 14 86  11  1 17 108 18 22  86  3 88  31  9 80  23  5  4  96 11 13  71 13 82  10 12 44  77 19 71  39  7  7 119 16 36  67 15 43  64  8 10  96 10 65  63 17 21  74
 1 49  51 13 50  46 19 60  43  2 63  26 18 51  78  5 62  31  7  4 125  3 86  17  8 27  86 12 32  61 15 32  93  6 66  37  4  4  93 14  4 101 16 23  77  9 99  16 11 99  27  0 78  37 10  2 118 17 38  67
 2 47  86  0 76  66  1  7 104 12 62  37  7 32  78  3 64  31  8 28  58 16 45  83 14 65  43 11 91  16 19 36  57  9 44  55  4 80  41  5  5  97  6  7  86 10 20  94 15 54  57 17 87  18 18 85  10 13  5  76
 0  2  80 15 78  18  3 78  37 11 39  53 17 94   0  9 94  11 16 83  31 10 46  57 12 97   5  4 19  96  7 64   1  8 96  20 18 22  87  1 47  38 14 32  67  2 71  26 13 93  10  5 92  27 19 13  82  6  9  86
10 51  60 13 48  51  6 60  57 14 99  18  2 53  57 17 35  78 15 19  75  5 78   4 18 65  46  8 72  40  9 72  33  3 60  48  4 92   3 16 15  74 11 61  36  7 29  71  1 99  17 19 74  31 12 53  33  0 11  92
14 41  52 10 54  74 17 17  81 12 91  12  5 48  57  4 80   8  7 95  14 11 84  19 13 13 122  8 91   4  0 44  64  2 81  15 16 74  21 15 44  56 18 32  75  9  9 104 19  4 116  3 13  91  6 60  46  1 83   6
17 13  85  6  4 108 12 23 108  0 84  14 16 41  78  5 73   3  9 77  23  4 23  79  7 16  81 13 56  50 11 19  72 15 63  41 18 72  23  8 35  65  1 62  32  2 45  87  3 50  63 10 89  12 19 38  66 14 76  15
 9 17  80  0 98  10  6 22  72 14 86  17  2 32  76  3 92   1 12  2  84  7 27  65  5 52  54 16 41  48 19 11 113  1 46  53 10 97   5  8 45  67 18 92   9 11 55  57 13 58  58 17 95  12  4 58  50 15 20  77
19 52  38 15 90   7 12 37  43 17 63  54 18 25  63 14  2 124 13 50  58  4 53  54  1 67  50  0 21 124  6 86  53  2 90  15  9 31  59  8 59  47 11 45  39  7  5 141 16 75  30  3 93  18  5 28  73 10  8 112
11 17  78 13 90   4 10 80  49  9 90  23  2 72  33  8 31  68  5  6  94  4 85  26  6 30  95 18 60  53 17 69  28 14 91  43  7 27 107 12 29  99 16 21  94 19 36  49  3 13 103 15 74  23  0 60  49  1 11  79
 8 74  54  0 80  28 12 93  23 10 91   5  9 60  25 13  8  91  1 96   3  3 61   7  4 73  46 17 27  80 19 62  28 18 78  15 15 45  56 11 77  23  6 62  42  5 83  21 14 25  87  7 71  32  2 11  96 16 58  44
19 98  21  8 32  59  5 97  15 18 26  95  2 16  87 14 65  53  3 16  68 15 97  12 12  5 104  4  4 106 16 95  14  0 10  48 11 88  11 13 35  38  7 77   8  1 36  73  9 44  48  6 76  29 10 75  33 17 14  87
11  4 104 16 47  36  7 71  12 14 32  47 15 20  69 19 54  49  1 87  18 13 59  60  2  5  74 17 10  92  9 43  67  3 13  99  6 24  55  4  8 121 10 27  72  0 33  65  5 56  17  8 13  98 18 33  75 12 35  52
11 17  74  3 19  66 14 71  44  0 91   8 17 23  64  4 25  59 15 45  46 13 69  31  2 86  34  8 91  16 18 95   7  1 36  70 12  9 105 19 25  70  5 48  48 10 99   7 16 87  10  9 52  59  6 19  96  7 67  32
13 72  28  4 18  81 18 91  20 11 69  19 15 13  68  0 43  76 16 80  39  3 63  50 19 41  56 17 82   9  1 20  96  8 31  54 14 83  50  5 55  19 12 89  34  6  5 100  9 68  67  2 38  79 10 81   3  7 41  36
 7 53  48 13 63  27  4 35  63 19 69  20  0 31  69  8 39  59 15 21  82  5 97  11  1 31  64 18 11 100 16 76  13  3 29  79 11 88  32  9 68  24 12 96   7 10 79  32 17 37  39 14  9  66  2 80   5  6 88   7
 8 99   3 11  8  96  7 84  10 18 70  30  4 45  61  0 91  11  6 10 100  9 97  10  5 94   6 13 73  26 17 33  84 10 20  85 15 78  14 12 43  51 16 34  66  2 92  19 14 39  89 19 36  71  3 49  37  1 73  31
15 19  81  3 16  96  8 69  46 11 96   3 17 43  32 16  8  88  9 70   6 14  9  98  6 18  70 10 41  76  1 89  15  4 40  47 18 88  11 12 89   4 13 67  24  0 58  25  7 39  41 19 44  62  2 33  62  5 17  77
 5 35  64  7 76  41 11 19  74 18 57  34 10 82  27  1 99  12 16 11 109 13 39  96  4 31  44  9 25  84  6 65  29 14  2 115  8 77  51 19 70  28  0 68  42 12 25  80  2 74  32  3 46  46 15 31  78 17 31  80
11 45  48  9 61  37  6 54  70  8 72  45 18 35  61  7 68  50  1 89  18  4 19  86 17 69  15 10 10  85  3 74  27 15 56  47 12 64  22 19 11  76 16 12  78  2 42  57 13 92  15  5 82  39 14 60  44  0 19 113
10 23 100  3 73  45  4 26  69 15  4  94 16 25  60  1  6  80  2 33  63 14 29  99  7 11 107 11 82  16 19 29  73 13 53  40  0 83   6 12 61  47  6 26  66 17 79   5 18 97  34  8 93  10  5 32  56  9 61  58
17 69  44  5 86  17 11 43  49  2 11  94 13 25  92  0 76  24  7 57  39 12 34  45  6 64  57  9 33  88  4 68  61  8 90  29 14 63  53 16 38  70  1 44  49 18 52  47 19  9  75 15 53  37 10  7 117  3 77  19
 4 54  44  5 62  35  0 42  42 18 63  38  9 87  20 16 98  22 19 94  37  3 70  48  1 26  66  2 14  89 17  4  84  6 85   3  8 44  85 13 71   3 10 21  74 11 37  73 12 30  57 14 46  58  7  2  85 15 76  14
10 13  69 13  7 101  5 19  89  0  4 120  7 39  59 16 57  33  4 52  67 19 98  24  9 27  75  2 54  14 11 77   9 17 82  29 14 66  58 15 96   4 18 43  61  3 78  24  8  3 119  1 12  76  6 61  34 12 67  18
 0 51  47  4 49  57  6 76  30  3 30  84 15 21  91  5 98   4  2 22  70 10 64  39 11 45  70 14 14  84 13  1  98 17 79  32 16 69  40  8 14  69  9 71  15 18 77  42 19 74  29  1 65  42  7 57  48 12 63  32
15 16  78 12  9  95 19 30  70 13 62  33 11 23  87 18 47  48  4 31  33 16 22  80  5 55  54 17 99  12  2 50  31  8 42  78  7 18  92 14 49  74  0 72   5  9 56  38 10 54  38  6 95  17  1 69  27  3 93   4
 6 34  50  5 90   8 15 86  20  2 45  78  9  5 114  4 99   9  1 79  14 19 95   8 17 95   8 10 82  25  0 95   8 11 43  43 12 34  55 14 95   7  7 52  59  8 46  52 16 66  45  3 13  66 18 43  74 13 47  49
18 72  67  7  3 134  4 75   7 17 32  74 16 51  43  9 57  68  8 62  45  3 51  44 12  2  94 14 98  18  6 63  59 19 60  19  2 93  12 15 56  30 10 53  52  0 90  15  1 93  15  5 47  60 13 78  45 11 31  64
10 13  78  9 87  15  5 26  94  1 73  30 14 37  57 19 65  58  0 34  72 18 77  31  3 46  46  7 33  82 16 78  39  6 51  55  4  5 106  2 73  28 12 41  91 13 71  12 15 74  17  8 44  45 11 48  37 17 52  61
17 20  69 15 40  88 16 28  74  4 58  45 13 32  87  1 73  28  9 76  25 10 84  11 11 31  68 19 38  69  0 92   1  5 13 101 14 42  61  8 76  36 12 54  53  7  4 127  2 76  40  3  7  79 18 40  67  6 28  73
19 37  85 11 79  51 13 70   1  6 49  66  4 40  54 18 25  62  1 51  70 12 66  40 17 27  80  9 94   3  3 37  90 14 35  61  0 28  93  8 85  10 10 84  29  7 37  40  5 47  69 16 53  65 15 82   5  2 86  10
 7 88  27  8 97  31  1 99   2 15 81  16 14 48  34  5  3  90  3 67  53 11 62  57  2 41  83 19 53  66  4 68  68  6 70  20 18 48  60 12 98  11 16 36 109 17 29  40  9 38  38 10  1 128 13 13 101  0 83   0
 5 26  75  7 82  47  4 58  41 16 13 110  2 92   4 19 35  77 18 55  42 10 88  21  0 32  61  1 75  23 11 85   5  8 98  16 17 11 105 13 39  75 14 74  30 12 61  56  9 57  61  3 59  42  6 63  34 15 53  32
 9 70  35  5 28  72 18 97  13 16 81  24  7 54  55 15 60  66  8 71  23  0 15 103  3 87  14  6 25  71 12 94  16  1 39  50 10 20  93 14 74  41 13 49  54 19 82  34 17 47  64  4 62  45 11  5 103  2 24  63
15  6 104  8  8  85  9 52  44 17 41  62  1 33  73 14 52  36  3 28  70 12 61  49  5 86   6 16 88  20  6 66  47 11 13  94 10 64  40  4 94  10 13 10  68 18  9  86  7 79  41  2 56  54  0 12 105 19 74  41
12 70  18  0 99   1 10 99  41 11 25  77  2  7  84  9 43  47  7 88   7  5 75  23 16 74  34 13 44  68  6 44  31 15 80  24  3 41  69  8 74  30 14 57  64 19 84  27 18 19  92  1 27  86 17 25  71  4 78  12
14 64  41 15 88   9  8 45  62 16 54  37  5 46  51 11 53  47 12  7  87  0 96   2  9 37  61  3 92  13 18 11 101 17 38  60 13 69  23  6 93   1  4 90  24 19 28  77  1 49  42 10 78  32  7 96   6  2 45  51
 7 43  65 18 86  40  0 15  70 14  1  94 12 51  43 17  7  58  8 95   3 10 80  22 16 97   6  4  3  92 19 74  23 13 97   7  2 70  30 15 89  13  6 64  43  3 97   3  1 40  58  9 32  68 11 52  79  5 64  48