100 20
10 63  38 17 84   5 18  3  92  2 53  60  0  1 105 19 35  69 15 20  88  5 43  51  4 43  72  9 85  11 14 23  86  1 21  69 13 10 100  3 77  11  7 83  10 16 27  77  8 35  57 11 18  90 12 44  71  6 39  55
 6 97  13 10 48  50  0 63  18  3 76  20 17 18  93  9  9  91 19 75  26  5 36  43  4 72  16 12 79  10 14 99   0 18 94   0  7 46  50  8 16  92 15 33  71 11 42  91 13 65  53  2 98  14 16 30  71  1 50  57
 5 64  24  1 48  31 15 93  26  4 47  45 13 81  18 11 31  38  9 54  80  6 89  32 19 22  68  8 63  37  0 58  26 12 25  70 10 64  40 17 82  39 16 61  30  2 64  53 18 38  20  3 17  62 14 27  77  7 70  41
10 32  76 19 72   9 14 42  41  0 83  11  2  2 107 12 33  74 13 29  51  4 90   4 11 35  65  5 91  20  8 26  84 15 85  34  7 72  19 16 19  70  1 95  21  6  5  91  9 39  62  3 75  22 18 83   6 17 70  29
12 90   6 14 76  17 16 27  56  1 88  16 11 59  42  4 95   4  7 51  42 13 22  86 15 79  11  8 30  32 18 10  62 17 91  16  9 74  31 10  4  90  2 36  52  6 98  27 19 54  64  5 33  86  0  2  86  3 22  87
13 71  11 14 99   8 10 22  66 11 64  66  1 30 101  2 11  92 15 94   6  4 14  59  3 83  29  6 47  57 17 48  23 19 45  58 18 39  63 12  7  91 16 32  53  0  2  89  8 93   4  5 40  56  9 14 110  7 48  70
 1 80   3 10 46  58 16  4  88  7 45  56  3 64  36  2 19  75 12 85  15 17 39  65  5 78   1  6 62  44 18 69  10  9 65  28 15 82  15  0 75   6 11 40  48 13 15  75  8 68  10  4 11  80 14 44  60 19  3  87
 9 95   3 13 89  12 10 98   6 14 75  36  4 27  87 12 74   3  2 20  83 18 57  57  0 53  32 11 94  22  7 17 105  3 78  10 19 21  95  1 99  38 17 31  72  8 99  17 16 86   2  5 20  39  6 80   8 15 86  12
 2 21  57  3 52  74  6 56  56 15 22  64 13 19  71  5 84  28 11 96  14 18 57  46  4 31  98  7 39  27  0 13  61 10  6  67  9 58  44 17 32  69 12 41  63  1 47  48 14 13 101 19 30  60  8 44  57 16 80   3
 0 71   6  5 31  71 15 17  84  3 53  51 18 85  10  7 48  56 14 52  54  9 34  51 16 39  46 19 84   8  2  2  96  6 31  55 11 57   5 12 63  23 13  1  84  4 57  62  1 30  81  8 61  26 10 72  18 17 17  90
14 14  75 18 98   6 13 44  57  2 10  72  8 53   0 10 72  20 19 65  37 15 49  69  9 21  85  3 84   6  1 94   6 17 99  21  5 61  21  4 64  51 16 29  57 12 98  10  6 55  58 11 71   9  7 43  47  0 64  19
11 14  83 16 74  23 15 57  51  4 81   8  9 40  77 10  7  89  7 85  19  5 32  91  2 35  83  8 34  88 13 41  61 14 79  22 12 80   8  6  1 118 19 95  17  1 25 102  0 43  55 18 19  54  3 98  18 17 48  48
 8 42  50 19 71  13  5  9  59 12 26  84 10  3  90 15  3 103  3 31  80  4  3  92 13 40  65  9 21  88 17 69  33  1 89   1 16 94   5  2 94   7 14 59  59  0  9  95  6 71   3 11 53  38 18 45  60  7 75  18
 5 72  19 10 86  21 14 22  70  7 71  29  3 22  70 13  8  89 16 73  37 11 15  60 15 90  19  6 40  69 17  1  92 12  4  90  4 81  45  8 10  93  1 83  46  0 32  47  9 89   0 18  4  74 19 53  54  2 38  78
 2 52  67  3 45  50 15 43  40 14  9 109 19 90  13  7 40  60 11 26  69  4 52  49 16 22  91 10  9  73 17 34  67  9 94   1 12 69  16  1 28  62  5 29  97  8 62  11  0 63  39  6 99  23 18 97  13 13 14  93
18 81  19 12 50  42  9  9  76 17 27  87 14 91   3  2 53  33  3 93  11 16 64  34 15 23  73  7 42  71 13 77  17  4 50  41  0 84  16  8 13  89 11 90  16 19 84   7  1 81  17  6 60  27  5 92  27 10 72  14
16 87   0 12  4  95  4 56  65 18 40  54  3 55  40 17 29  61  7 31  73  2 29  73 13 39  47  5 38  69  9 94  10 19 40  49 14 88  21 10  1  84  0  3  90  8 46  71 11 36  53  1 44  53  6 92  15 15 34  69
 6 62  62  7 95  16  8 69  38 15 29  62  2 45  26  3 77  11 11 34  60 18 59  32  0 90  14  4 83   0  9 83  24 17 72  22 19 98   8 13 53  53 12 84  29 10 94  17 16 71  42  1 49  49 14 17  67  5 28  54
 8 66  44  6 24  71 17 74  42 12 73  30 15 77  50  5 75  27  0 66  21  3 14  88 16 21  94  7  8  70  9  1  76 13 39  43 10 76  11  4 14 121 14 70  22 11 20  96  1 20  68 18 66  24 19 23  75  2 74  23
 9 54  67  5 35  62  0 58  36  6 72  28  3 98   9 11 62  57 13 68  41 15 87   6  1 21 101  7 67  52 14  9  92  2 12  94 17 45  36  8 36  34 16 43  39 18  3 117 12 28  57 19 24  78  4 70  44 10 45  52
15 78  22  7 28  77  6 60  28  9 69  22 18 87   4  3 34 107  0 70  37 19  2 112 16 83   1 10 94  18 12 22  85 11 62  15  4 37  60  2 48  55  8 20 118 14  5  84 17 13  91  1 75  31 13 40  69  5 27  87
 9 92  12 11 78   5 10 84  27  3 97   6 13 77  28 17 84  16  2 58  48  0 85  18 12 40  62  8 56  38  1 55  34  6 63  20  4 43  67  7 36  84 19 52  55 15 43  75 16  2  98 14  9 105 18 74  32  5 80  30
 9 53  39 18 85   2 14 79   5 19 79  38  0 26  54  8  4 110 11 19  73 10 11 108 12 11  82  3 71  18  7  6  97 16 67  37 17 26  59  5  3 128 15 10  66  1 74   4  6 60  19  4 77  42  2 34  82 13 40  62
 0 23  84 11 34  71  2  1 115  1 83  15 12 95  14  5 19  77 14 44  64  4 40  62 16 22  78 10 58  45 17 72  62  9 18  71  3 23  90  8 16  70 13 91  10  7 37  49 15 25  91  6  4  72 19 92   1 18 90  15
 9 93  17  7 28  96  0 48  37  2 30  74  1 90   4 11 23  64  3 73  26 14 21  62 19 29  70 12 23  96 13 44  79  4 94  23 17 28  51 18 81  17 10 53  38  6 87   1  5 68  30 15  1  98  8 39  54 16 46  36
16 90   5 15 58  52 18  7  92  9 86   3  8 88  34  4 64  26 13  9  99  6 78  35 12 74   1 10 42  46 11 93   5  3 15  76  5 32  54  0 77  35  1 42  64 17 27  79 19  9 114  2  3 107 14 69  43  7 16  78
19 44  68 10 60  48  5 21  94  3 87  14  2 65  52  0  8  99 13 65  26 18 42  70  8 31  80  4 43  50  6 50  44  7 54  46 15 41  51  9 79  35 17 80   4 14 89   8 16 18  93  1 45  57 11 57  34 12 17  90
 3 53  90 19 89   4 16 59  32  8 68  47  4 58  35 17 58  52 11 74  28  2 46  39 10 54  39 13 76  12  7 66  44 15  3  88  1 79  20  6 75  16  0 13  78 18 85  17  5 52  38 14 27  82  9 61  25 12  2 115
 4 74  26  7 28  52 16 29  70 11 82  18  9  3 107  6 31  47 14 73  54  3 47  74 18 16  72 10 54  27 19 63  33  0 27  78 13 11 100  1 79  26  2 41  93  8 65  46 15 76  25 12 61  47  5 43  54 17 28  33
10  3  97 15 18  77 14 48  52  4 20  99  8 65  28 18 42  62  3 55  41 13 40  39 17 17  85  5 12  87 12  9  92  7 32  74  6 70  44  2 26  96  9 44  63 11 33  59 19 82  23 16  6  88  1 37  50  0  3 108
15 78  24  7 33  78  4 61  46 14 81   0  1 18  94 17 75  28  0 16  66  9 31  96 18 24  68  2  1  81 10 36  33 16 88   8  8 57  40 19 37  87 11  7 116  5 76  29 12 40  64  6 79  41 13 67  18  3 19  50
17 20  76 13 36  72  8 67  36  9 64  39 10 51  43  5 56  76 19 29  67  0 15  56 14 49  41  6 72  29  2 87  27 12 77  48 11  5 110 18 78  22 16 32  68  3 18  91 15 83   4  7 53  52  1 84  12  4 15  72
 9 55  60  8 94   3  7 78  45 15 85  11  1 21  89  2  5  86 18 17  77  5 96   5  4 19  90  3 72  54 19  2  70  0 62  20  6 18  83 17 23  93 14 64  36 13 63  52 11 90   7 10 52  32 12  9  84 16 16  81
10 82   5 19 20  69  1 50  33  6 21  71  4 57  52 13  9  83 12 49  55  0  5  69 11 14  57 14 71  23  5 47  62  9 35  83  2  8  76  7 92  27  3 73  24  8 67  62 18 66  42 15 93  26 17 48  57 16 65  31
 8 82  19 19 40  96  4 14  87 18 51  62 12 86   6 11  8  88 14 25  73  2 76  26 10 41  60  0 10  78 16 60  19  9 96   3  1 68  14  6  8  88  5 79  27 17 18  55  7 75  10 13 35  80 15 31  51  3 14  77
19 45  56  4  2  93 11 94   1  0  4  98 16 27  38 12 72  25 18 76  44  3 62   6 15  9  91  1 14  75 14  7  81  2 69  27  6 48  63  9 79  22 10 52  48  5  4  90  7 55  34 17 75  37 13 62  10  8 93  13
19 13  91 13 63  44  4 75  26  0 67  34  9 26  55 10 59  48  3 81   6  8 55  56 14 66  37 18 28  89  1 49  62  2 16  71 15 69  43 17  3 118 12 13  89  6 72  17  5 76  15 16 96  16  7 63  43 11 38  45
 5 36  79  1 83   8 12  3 124  3 10  72  0 47  59 14 65  29  7 26  71  9 62  52 18 45  81  2 55  54 19 73  34  4 30  65  6 86  32 13 53  37 17 60  67 15 41  80  8 54  44 16 33  56 11 40  61 10 20  91
10 61  66 12 28  60  0 53  37 17 79  10 16 62   5  5 87   5  9 44  67 14 21  64 19 22  84  8 67  46  6  8  92 13 52  47  4 43  59  1  8  98 15 84  26  2 26  65  7 86  19  3 62  31 11 11  98 18 74  21
 8 14  95  2  1  85 18 30  83  9 74  28  6  2  99  4 87  26 11 31  98  0 84  27  5 42  62 10 11  83 17 90  26 16 42  52  3 34  78 19 14  77  7 13  91 14 75   9 13 50  68 12 61  44  1 10  91 15 76  15
 5 22  69 12 58  45 19 38  64  7 14  67  9 96   6 14 76  12 15 27  36 10 16  76  0 69  30 16 49  48 13 35  50 18 93   3  3 48  37  8 43  45 17 62  20  4 34  43  6 44  61  1 51  62 11 86  25  2 50  88
 4 37  41 18 48  17  7 87  30 12 78  15 17  6  61 13 77  47 19 98   1  0 66  55  9 33  49  8 73  41  3 67  12  5 29  70  2 77  49 10 95   2  6 40  66 14 23  86 15 69  35 11  1 103  1 27  69 16  8  77
19 64  15 13 87   5  6 50  25  7 60  46  9 50  55 18 12  92 15 33  69  5 45  40 16 16  54 11 55  45  0 88   4 17 88  34  1 25  81 12 33  61  3 15  89  8  2 114  2 44  40  4 75   3 10 61  60 14 67  34
 0 20  36 19 95  13 14 27  65  2 69  45 13 11  86 12 23  45  3 34  62 15  8 102 17 64  27  7 63  23  4 73  11 11 58  12  9 33  54 10 26  98  1 84  13  8  4 104  6 82  28 18 35  46 16 30  67  5 51  53
 2 42  52  7 63  43 10 68  57  0 93  20 12 46  75 16 60  32  1 40  39 13  3  98  9 73   8  8 87  12 19 52  49 15 70  36 14 35  65 17 92  36  4 19  85  3 40  90  6 48  38 18 41  46 11 70  16  5 13  98
 7 53  41 15 55  58 11 32  52  6 60  57 18 40  55 13 16  85  2  5  88 12 53  64 10 68  37 19 43  58 17 67  35  5 60  46 16 38  53 14 23  77  4  2 118  3 67  55  9 42  63  1 25  75  8 80   9  0  1 104
11 84  12  7 99  13 19 77  36  5 51  56  1 23  83 15 77   7 13 73  38 17  1  78  2 65  47  0 36  54  9 88  19  8 11  41  6 80  16 12 85  26  3 51   4 10 26  94 16  5 131  4 83  10 18 20  61 14 60  48
12 21  92 13 12  65  2 94  19  3  8  78 15 14  82  7 34  72 11  4  93  8 58  40  0 60  28 19 51  23  5 45  50 18 95  22  1 21  66  6 92  21 16 90   9 17 77  29  4 13 100 14 51  47  9 94  11 10 33  66
15 75  29  0 85   6  2 81  29 19 81  22 13 92  11  9 96  36 14 86  22 11 91  25  4 97   6 10 12  82  7 15  75 16 11  83  8 84  18 17 27  73  5 33  61  3  1 124 18 87  22 12 55  39  1 32  54  6  8  87
 4 20  90 10 71  43  9 64  30  0 85   5  5 49  63 11  6  96 14 52  25  3 85   5 13 15  95  8 47  27 17  5  83  1 23  84 18 40  60 15 46  65 12 48  53  7 87   5  6 92  23  2 54  72 19 83  15 16  2 104
 3 74  24  6 32  87  5 15  68  0 93  25 15 14  61  2 41  61 13 97   9  1 83  24 11 29  58  4 93   1 19 30  83  9 98   2 18 15  62 17 48  36 16 31  63  8 40  76 10 36  38  7 53  32 12 26  75 14 99  28
 7 59  51 14 66  25 16 28  69 19 26  77 11 65  57 12 95   2 15 54  60  6 23  88  8 25  76 18  3  86  5 84  14  0 72  34  4 56  23 13 94   5 17 92  17  9 15 111 10 41  69  2 27  75  1 46  33  3 52  50
 7 99  14 15  7 112  8 33  53 18 90   0 13 82  29 17 16  94 14 81  41 10 80   7 19 75  33  9 92  18  1 93  19  5 49  62  2 14  77  0 16  62  4 49  44 12 88  15  6 51  36 11 50  62 16 11  87  3 34  60
 7 43  49 13 35  75  4 91   5  3 90   9  0 34  62 10 70  42 12 22  71  1 26  79 16 55  47 19 34  65  6 55  46 14 34  46  2 68  48 15 99   3  8 24  76 17 40  51  5 25  88 18 60  38 11 13  90  9 82  24
18 68  13  2 48  46 14 64  55 11 76  22  6 15  83  9 23  85  5 62  48 12 26  53  1 39  28 10 52  51 13  6 103  0 47  41  4 39  60 17 81  32  3 47  42  8 98  13  7 25  88 16 58  45 19 67  55 15 46  31
10 17  89  4 35  80  9 85   6  1 15  50 19 85  27 17 46  28 18  5 104  7 73  49 12 63  41  6 97   8 15 21  54  3 34  79  2 59  56 13  2  62 16 64  29  5 88  47  0 22  89 11 17  70 14 47  65  8 77  42
 9 81  47  2 60  29  5 17  55 15 25  50 12 46  33 17 80  17 18 15  96  1 31  47  8 60  46 10 28  50 11 41  58  0 35  55  4 20  72 14 81  26 19 40  54  3 51  43  6 14  82 13 36  62 16 30  67  7 75  15
 3 21  80 15 93  11  9 89  18 19 15  83 11  8  57 17 92  23 10 19  56  6 19 102  8 45  49 16 46  71  4 97   5 13  6  72  2 42  69 12 60  37 14 10 109  1 37  38  5 97  13  0  2 102  7 51  62 18 56  40
19 60  57 15 82   1 18 95   8  5 92  26 17  2 114 14 78  21 16 86  20  1 66  41  9 92   9  0 93  11  6 39 106 12 58  42  3 57  30 10  6  67 13 18  69 11 98  17  7 52  17  4 83   4  8 36  62  2 60  12
11 55  49  5 94  14 12 93  13  7 65  31  4 33  62  1 22  91 17 38  68 18 45  64  8 18  66 15  7  88 10 49  47  2 81  23  9 16  94  3  2 106 14 67  24  6  8  59  0 34  85 19 49  19 16 69  17 13 35  44
15 28  84 17  2 111 18 78  36  1 54  49  3 14  98  6 47  63 19 71  30 14 72   1 16 51  52 13 83  16  9 24  89 11 13  89  0 11  93  5 21  86  4 71  37  2 78  10 12 68  43 10 84  21  7 47  35  8  7  82
 5 17  85 17 85  28  2 94   9 13 95   7  4 11  88 19 58  17 18 75  29  1 70   6 12 64  15 16 16  70 10 73  41 11 22  66  8 17  93  6 45  52  7 74  34  3 83   0  0 72  15 14 13  83  9 47  61 15 79  10
12 42  56  7 37  48 16 72  35  9 16 105  6 53  56  8  5  95 18 62  60 14 88   9  5 35  69 17 85  20  4 58  37 13 58  56 19  7 100 11 81  23 10 88   3  0 74  25  2 75  35  1 67  13 15 71  14  3 58  43
19 39  57  2  5 106  7 92  28  3 68  15  8 34  73 16 92  11  9 17 123 18 33  57  1  9  98 10 55  31 11 49  60  5 49  26 12 12 120  0 24  61  6 92  11 14 70  31 13 41  64 17 37  56  4 15  84 15 22  65
 5 75  40  7 34  51  3 69  35 12 48  41 14  7  76  8 16 112  1 27  56 19 71  12 17 11 103 11 48  31  9  3  75 18 39  46  2 98   9  0  2  87 10 39  73 16  2 112  4 11  90  6 68  39 13 75  34 15 49  58
12 88  14  3 16  67  0 66  21  9 34  57 15  2  96  6  5  89  8 73  26 16 25  64 17 98  30 19 57  47  7 46  72 14 91  12 10 82   9 18 51  61 11  1  83 13 41  76  5 57  33  2 67  20  1 28  67  4 67  29
16 37  49  8 46  40 18  1  65  3 87   8 13 55  48  9 25  68 10 43  39  6 10  84  4 27  84 11  6  71  5 91  35 12  2 121 17 50  23 14 94   2  7  1 104 19 47  68  0 79   0  2 24  84 15 64  26  1 11 110
13 32  72  0 24  93  3 84  20 14 13 105  6 11  98  5 98   8  8 74  22 11 84  18  4 82   3  9 99   0 12  4 114  7 98   3 18 65  27 16  7 100 17 88   4  1 25  92 10 68  15 19 93   1  2 73  52 15 32  69
14 42  42 13 76  24 18 43  51  1 24  90 11 92  10  8 40  73  2 36  66  6 52  45 15 59  39 12 63  45  5 15  97 19 54  56 17 70  45  3 86  12 16 48  51  4 62   7  9 20  59 10 49  73  7 15  95  0 15  63
19 42  61 15 31  68  5 80  18 10 43  46 12 80  22 13 23  62  0 89  12  3 59  44  6 19 103 11 54  45 16 15 107  9 18  74 17 89   6  8 47  67  1 38  68 14 21  89  2 87  12  7 66  30  4 76  53 18 62  24
15 54  54 11 53  60 12 19  73 19 55  49  1 83   3  7 72  16 13 13  94  6 83   5 17 54  52 18 28  85 10 22  69 14 89  12  0 13  85  9 73  28 16 24  74  5 12  85  8 82  31  2 15  83  3 78  26  4 94  13
 4 18  82 16  3  91  9 84   3  6 89   5 13 89   7  0 73  36  7  5  83 18 57  52 10 38  60 17  9  91  8 77  18 15 17  84 19 14  96  3 32  66  2 28  65 14 15  59  5 33  47 12 48  77 11 49  39  1 40  62
 3 48  37 12 33  70  4 79  15  0 42  58 10 25  67  2  9  85  7 25  86  1  1  81 17 50  45 15 55  32  6 97   6 11 96   9 19 18  83  8 25  71  5 24  81  9 77  25 13 24  72 16 52  44 14 37  80 18 88   6
 8 57  40  0 50  44 16 64  25  2 89  20 19 10 103  4 80   3  5 63  42  6  6  81 15 32  78  9 34  70  7 34  44  1 68  29 12  5  85 13 76  49 17 77  38 11 86   4  3 67  45 14 76   6 10 81  26 18 51  48
10 75   0 17 91   8 18 97  16  7 14  77  3 62  34 14 40  77  5 43  87  2 16 106  0 93   1  1 55  47  6  4  96  4 25  90 19 29  80  9 45  55  8 83  10 16 46  88 15 31  78 12 13  84 11 57  79 13 68  47
 5 64  46  3 75  14  2 35  76  9 71  18  1 38  40  8 54  55 11 36  81 13 71   8  0 66  51 14 72  39 10 58  34 12 20  77 16 67  28  7 69  50  4 46  63  6 68  60 18 93   8 17 39  47 15 48  34 19 77  40
13 59  46  0 34  71 14  6 111  6 76  34 11 13  98 12 59  14  5 95  11  7 78  25 18 66  37 10 92  15  9 89   5 19 77   9 17 66  22  4 16  96 16  7 106  3 75  39  1 97   4  2  7 113 15 81  16  8 13  91
 8 10  72  2 38  71  6 29  65  7 38  74 19 27  86 11  8  83  9 59  57 13 60  55 10 36 100  4 86  24 14 39  62 18 19  75  3 84  28  5 50  62 15 65  22 12 58  27  1 62  44  0 71  54 17 22  77 16  6  94
 5  6 100 18 32  60 14 38  62  3 53  63  0 59  75 15 33  65 11  5  83  9 37  56  6 85   4  2 33  53  1 47  37  4 70  47  8  6  95 12 32  60 17 86  15 13 26  62 10 36  65 19 64  45  7 78  14 16 16  84
 6 60  50 18  4  91 15 44  31 16 14  73  9 45  40 13 83   8  1  7  71 14 75  23  3 86  32 17 88  28 19 25  53  0 85   5 12 99  18  5 80  22  8 50  51  2 91  15  4 14  82 11 87  28 10 73  38  7 72  26
 0 92  10 17 25  96  6 93   0 12 30  66 11  9  74 16 86  10 18 79   8  5 71  42  9  5  91  8 47  50 13 61  53  2 78  51  3 76  42  7 71  54 15 98   5  4 34  68 14 23  82 10 82  38  1 53  41 19 21  74
16 91   6  9 81  42  2 70  16 14 36  41  1 96  18 15 23  91 17 55  58  7 93  11  3 86  10  5 15  85  4 19  57 11 18  87  6 66  28 18 44 103  8 58  67 19 62  37 10 54  56 13 79  49 12 11  53  0 49  33
 4 62  46 10 77  26  0  9  93 14  4 116  2 80  10 11 25 100  1 16  63  3 95  37 12 30  72  9 57  19 18 40  68  6 81   5 15  3  89 13 28  50  7 45  52  8 59  37 19 94   1  5 31  76 17 91  18 16 55  48
17 85  14 14 23  87 10 78  35  4 68  21  9 59  65  2  9  78  3 71  20 15 92  17 11 50  59  0 38  50 16 35  83  1 31  58  5 91  12  7 57  22 13 70  29  8 60  36  6 73  30 18 39  54 19 76  57 12 60  45
17 61  36 11 77   6  0 22  66  7 43  67 13 66  47 10 47  65  4 53  32 16 97  11 15 91   6  9 64  40  1 93  18  3 46  21  5 20  71  6 90   1 12 58  41 19 36  70 18 98  12  2 70  48  8 49  46 14 92  19
 3 35  77 11 56  45 10 45  57 19 15  80  7 79   1 15 66  21  6 55  74  9  1  97 17 89   3 13 29  66 16 98  18  8 31  58  2 45  51 14 51  39  4 83  12 18  7  95  1 76   0 12  5 106  5 78  14  0 77  40
15  8  84 12 58  65 18 24  88  7 62  58 13 77  32 11 38  49  2  9  77 14  6  99  5 88  19 16 23  68  3  9  91 17 12  89  9  9  87  1 65  18  6 68  19  4 57  34  0 38  61 19 15  75 10 98  11  8 55  57
13 96   4 17 28  69 14 52  36 18 91   9  5  9  82  8 15  87 16 44  68 11 69  35  3 99   2  7 15 104 15 65  28  2  9 109  9 27  89  1 56  34 12 70  36  4 39  69  0 21  72 10 59  30 19  2  92  6 15  98
 7 98  14  4 84  31  3 44  41  1 10  80 18 84   9 12 78  18  2 19  65 13 80   5  9 28  55 14 19  91  8 58  42  5 76  10  6 49  49 16 88  20 11 42  55 19 78  18  0 78  16 15 91  24 17 83  33 10 29  76
 2 18  43 19 40  59 11 21  55  6  8  87 17 31  60 15 56  51  0 56  46 13 78  37  7 45  67  8 31  67 10 79  25  3 47  36 12 73   2 16 66  42  4 27  36  9 98  15  5 73  16 14 79  37  1 74  26 18  8  89
 8 95   8  3  2 103 17 41  42 16 46  73  1 19 104 14 35  46  2 41  51  0 82  27  4 77   9  9  3 109  7 52  49 18 15  71 13 12  84 12  3 107 10 30  93  5 93  16  6 96  10 15 68  15 19 73  28 11 67  53
17 92  21 13 60  46  7 45  43 12 65  31 18  5  98  8 81  40 14 21  79  6  2  85  3 71  25  2 57  51 16 18  88  9  2  98 11 60  61  5 41  63 10 43  51  0 36  64 19 75  51 15 55  44  1 79  23  4 38  55
15 35  76 12  6 106  5  5 103 19  4 139 11 39  72  8 43  64  6 76  29  0 83  23 16 38  56  9 47  76 14  3 115  2 68  39 10 58  53  1 49  41  3 99  35  4 20 109 17  9  74 18 39  84  7 11  90 13  9  87
11 38  39  2 56  44  6 65  36  5 54  52 19 95  27  3  6  97 18  8  94  8 53  78  0  9  75  7 44  52 10 39  62 12 18  62 15 77  27 14  6 102  1 43  40 16 26  72  4 54  63 17 64  45 13 43  41  9 71   5
 1 75  10  4 31  85 16 51  27 14 95  12 13 50  46  7 98   2  9 80  25  2 38  55  8 99  21  5 78  13  3 83  19  6 38  91 15  4 120 10 68   9 11 44  45  0 95  17 12 77  57 17 16  80 18 89  11 19 52  34
 5 10  83  0 41  64  3 52  32  9 97  10  2 55  36 17 50  53 19 48  52  6 87  23 14 97  14 18  1  99 10 27  86 15 69  50  4  4  91 13 75  35  8 59  58  1 50  31  7 22  83 11 73  46 12 73  10 16 57  54
12  8 101  6 62  41  3 24  86  8 29  68 16 87   3 13 72  16  0 34  59  1 23  77 18 35  68  9  1  95 11  4  81 15 42  67  5 90   9  2 23  69  4 25  64 17 62  20 10 46  26 19 14  74 14 79  21  7  1  73
 9 13  84  4 96  22 10 43  82  8 92  19 14 11 113  0 94  17 12  5  91 17 34  56 18 38  66 19 68  28 11 70  23  7 65  35 13 62  62  1  9  76 16 35  54  2 94   3  5 12  57  6 30  63 15 91   9  3 63  36
 2 33  81  7 14  91 15 79  36  5 24  75  9 11  93  6  5  80  8 22  76  4 61  47 12 27  87  0 88  37  3  4 100 16 78  49 11 62  26 14 72  16 19 56  53 13 18  93 18 62   3  1 47  63 10 27  93 17 94   0
 1 34  79  3  6  92 12 61  46 15 60  21  8 48  56  6  2 126 13 64  20  7 27  70  5 16  67 14 71  40 18 71   0  4 47  64  9 52  62 19 73  22 11 42  62 10 99   3  2  5  91 17 72   7 16 43  67  0 27  60