Z	n	M	chi	Tg	Td
100	10	-30	-10	66.52870079912609	10.151345435370002
100	10	-30	-5	99.92983231926424	12.514499934694784
100	10	-30	0	187.8413387938207	15.426734693374694
100	10	-30	5	427.1356443409526	19.01775373778201
100	10	-30	10	906.4153865797092	23.445343323128437
100	10	-30	15	1591.958478963732	28.90484870259804
100	10	-30	20	2375.887263353686	35.64070825384558
100	10	-30	25	3129.8296686418457	43.97425860920432
100	10	-30	30	3769.108686964693	54.36309901049992
100	10	-30	35	4254.582624588204	67.51465707732974
100	10	-30	40	4490.871549832417	84.60482335041607
100	10	-30	45	4477.63613348406	107.57233005799618
100	10	-30	50	4240.649801698511	139.05834904327315
100	10	-30	55	3854.1919600255305	181.003047172617
100	10	-30	60	3377.101771902512	233.49677804443084
100	10	-20	-10	69.41126804696225	10.142457020255035
100	10	-20	-5	103.97530826642084	12.502152908212071
100	10	-20	0	193.88838868254663	15.410325559064782
100	10	-20	5	429.52069432544897	18.995859887450116
100	10	-20	10	913.1979477079956	23.41791739573898
100	10	-20	15	1606.761959086484	28.87118397843717
100	10	-20	20	2359.466423935552	35.598427398023
100	10	-20	25	3138.2521595620124	43.92254903770596
100	10	-20	30	3772.328757602142	54.29761592706169
100	10	-20	35	4240.378659486074	67.43132245009683
100	10	-20	40	4488.779472744247	84.49566052589368
100	10	-20	45	4463.609203111003	107.42260238040502
100	10	-20	50	4241.571692705734	138.85798402616848
100	10	-20	55	3858.414820451249	180.74766322658067
100	10	-20	60	3379.2146738707343	233.17565559656043
100	10	-10	-10	72.12582428435205	10.123064668122687
100	10	-10	-5	107.89466107461396	12.477513038284842
100	10	-10	0	195.7804498568907	15.376522288506868
100	10	-10	5	426.6781675364071	18.949911379189647
100	10	-10	10	897.9220283730498	23.35830136403812
100	10	-10	15	1595.8422020777018	28.798300555619992
100	10	-10	20	2366.5436689616163	35.50830249468459
100	10	-10	25	3102.564095451815	43.80909272634541
100	10	-10	30	3799.220570072713	54.16005676863119
100	10	-10	35	4268.428510756469	67.25609658646017
100	10	-10	40	4477.135962139896	84.26030829901585
100	10	-10	45	4484.78006817911	107.11218530737344
100	10	-10	50	4243.808000373366	138.4271094065477
100	10	-10	55	3862.909988455968	180.1959933621737
100	10	-10	60	3385.6861166256035	232.50855023352136
100	10	0	-10	74.39350728437134	10.082952992476253
100	10	0	-5	112.21611974959444	12.427128165843726
100	10	0	0	191.33968120697256	15.306155863193924
100	10	0	5	412.4066022299589	18.85603056065736
100	10	0	10	891.8412723886587	23.23586773542964
100	10	0	15	1570.604652666725	28.642337590349108
100	10	0	20	2350.2668192270944	35.31678786222833
100	10	0	25	3114.472886371195	43.5739182414497
100	10	0	30	3764.521056309216	53.86098105816177
100	10	0	35	4245.994639494758	66.87593101648953
100	10	0	40	4470.98354135761	83.76038993661706
100	10	0	45	4463.641414818422	106.42800974211129
100	10	0	50	4251.847725513905	137.51855898609224
100	10	0	55	3868.429535695943	179.0012997463144
100	10	0	60	3396.373398802844	231.0545990375078
100	10	10	-10	76.14299754096932	10.00100717109752
100	10	10	-5	115.0045807244037	12.323650377351104
100	10	10	0	187.7278559917483	15.167472395420972
100	10	10	5	389.33407598783526	18.66643262723275
100	10	10	10	849.3965080618963	22.97954636631557
100	10	10	15	1525.1779113546922	28.315035719785094
100	10	10	20	2316.087007332801	34.913559288114264
100	10	10	25	3070.156692561396	43.06993843928519
100	10	10	30	3745.0220429570168	53.239836611764005
100	10	10	35	4206.385886598511	66.07333089634324
100	10	10	40	4472.159629222414	82.72509277599801
100	10	10	45	4468.883124649462	105.02311008051316
100	10	10	50	4255.020868229233	135.589120840091
100	10	10	55	3891.622764023983	176.55945504417195
100	10	10	60	3421.6547770740767	227.979417075885
100	10	20	-10	76.22698623829113	9.837316003623355
100	10	20	-5	117.09458912533836	12.12605729852663
100	10	20	0	186.13641457089403	14.91211495998475
100	10	20	5	361.09137662307535	18.319098962691235
100	10	20	10	777.4228503931398	22.490864416833325
100	10	20	15	1454.275650822575	27.663407829209387
100	10	20	20	2230.9576390301827	34.088470311541016
100	10	20	25	3050.3415502936405	42.066817739637536
100	10	20	30	3689.695420892253	51.97750703221063
100	10	20	35	4179.560321841518	64.477181160586
100	10	20	40	4454.896981426826	80.64238215163068
100	10	20	45	4482.393889672422	102.217135566523
100	10	20	50	4282.37254993857	131.72847854723307
100	10	20	55	3929.161961298757	171.50468388762994
100	10	20	60	3470.543826441579	221.98699606493048
100	10	30	-10	74.32235011678743	9.553249865528263
100	10	30	-5	116.32905890315294	11.78687174263944
100	10	30	0	182.91691386060543	14.493555977844228
100	10	30	5	320.06421092153755	17.757939200771126
100	10	30	10	697.8816107798676	21.744660130351345
100	10	30	15	1383.895921085978	26.652531971878
100	10	30	20	2231.740671494091	32.795524870992544
100	10	30	25	2968.2534896306493	40.37667540170062
100	10	30	30	3675.816998484865	49.875649453755216
100	10	30	35	4117.81931398	61.80368689094693
100	10	30	40	4412.333645040036	77.16660407939558
100	10	30	45	4471.142828057545	97.51716032385782
100	10	30	50	4325.056625481369	125.42418374629112
100	10	30	55	3990.7321140782383	162.98743942690103
100	10	30	60	3555.2964461780653	211.5721985589872
100	15	-30	-10	47.714103990486855	10.143213433736848
100	15	-30	-5	65.46342299175546	12.504288268982744
100	15	-30	0	96.79917308547638	15.413256329419342
100	15	-30	5	166.37433624203388	18.99792516475629
100	15	-30	10	316.6345714358137	23.418428850904835
100	15	-30	15	578.5084218507096	28.870997715359383
100	15	-30	20	950.2978060769358	35.59854181307895
100	15	-30	25	1419.483998812097	43.92231485458127
100	15	-30	30	1972.158279754223	54.299049835642016
100	15	-30	35	2517.72855259302	67.43162247843436
100	15	-30	40	3025.388528458323	84.49564528720227
100	15	-30	45	3381.2611921557354	107.4242846164257
100	15	-30	50	3524.0418204233374	138.85464564596555
100	15	-30	55	3487.7620298670868	180.74886392784148
100	15	-30	60	3258.3054799133142	233.1849709942096
100	15	-20	-10	48.34770875429136	10.124461018482894
100	15	-20	-5	68.29626496417285	12.48180926982995
100	15	-20	0	99.95023245045664	15.383000876968138
100	15	-20	5	168.3005444709477	18.956833723101283
100	15	-20	10	319.11445667676384	23.362854381618927
100	15	-20	15	585.6065076642639	28.800675076636917
100	15	-20	20	945.8410077836112	35.50839397531959
100	15	-20	25	1418.7048436068271	43.81142075381365
100	15	-20	30	1949.9714381169224	54.15716022209404
100	15	-20	35	2534.4777340106225	67.25633587859929
100	15	-20	40	3024.4475931141988	84.2620269146756
100	15	-20	45	3379.556645532777	107.10787118287116
100	15	-20	50	3526.0930293912584	138.42315707917618
100	15	-20	55	3490.5058904578136	180.20112089352065
100	15	-20	60	3262.9870254064995	232.51760451296937
100	15	-10	-10	48.61690154028114	10.084817483340988
100	15	-10	-5	70.58491195087002	12.433194308468424
100	15	-10	0	103.5782626594511	15.321178234695978
100	15	-10	5	163.97706761875568	18.870839353459505
100	15	-10	10	306.2893975484121	23.245019586082115
100	15	-10	15	563.7084312806434	28.64670526239601
100	15	-10	20	929.694424855754	35.31497121359792
100	15	-10	25	1402.13176593591	43.57278959056686
100	15	-10	30	1958.1920417542544	53.86453383264067
100	15	-10	35	2519.694627162254	66.87884029972118
100	15	-10	40	3001.899487328602	83.76013467055054
100	15	-10	45	3369.227697342923	106.43269538759267
100	15	-10	50	3517.272169419068	137.4960692472103
100	15	-10	55	3489.0088644304674	179.0214868174501
100	15	-10	60	3260.2649437621926	231.03514900045715
100	15	0	-10	48.1148823471243	9.999416157275382
100	15	0	-5	72.51794598375803	12.335401536151844
100	15	0	0	107.06748865579102	15.197006286718294
100	15	0	5	163.71712224177136	18.70704839930444
100	15	0	10	285.91763230021263	23.014542419112527
100	15	0	15	538.886450602558	28.33781463312894
100	15	0	20	917.8101007140456	34.921392221894784
100	15	0	25	1366.4397947202494	43.06182561362576
100	15	0	30	1919.3948534385493	53.23320008635343
100	15	0	35	2475.4953168797074	66.07494815687684
100	15	0	40	2990.9992147675944	82.72372013413282
100	15	0	45	3361.9197232637275	105.03635169259128
100	15	0	50	3522.5946735686057	135.5908113998693
100	15	0	55	3492.6854296780366	176.55060242977325
100	15	0	60	3278.937903786027	228.0261720662461
100	15	10	-10	47.14555568575083	9.829642125871016
100	15	10	-5	72.88001540025992	12.141005746412494
100	15	10	0	110.2921844049676	14.960285276041606
100	15	10	5	161.9939527206844	18.39385010463289
100	15	10	10	265.82419180737065	22.581111112527733
100	15	10	15	494.8926449369826	27.734681048106165
100	15	10	20	855.413069181592	34.09910687229464
100	15	10	25	1344.1826858278278	42.07774836465776
100	15	10	30	1916.229086031848	51.95580708317017
100	15	10	35	2445.1656834267133	64.48380926436994
100	15	10	40	2951.178381926714	80.64014130528942
100	15	10	45	3328.416514782756	102.20870284008797
100	15	10	50	3519.0403015572347	131.766248290914
100	15	10	55	3504.6571084133475	171.59373641044104
100	15	10	60	3299.7501640452274	221.7471385101296
100	15	20	-10	44.70451776627483	9.517654196392444
100	15	20	-5	70.7907309252208	11.795811585615
100	15	20	0	111.4725943653748	14.55892043529147
100	15	20	5	163.04159457824323	17.898363609124328
100	15	20	10	244.1749561310334	21.9073652300748
100	15	20	15	440.9821345469125	26.791090032579007
100	15	20	20	809.6705695919396	32.86147667853129
100	15	20	25	1326.9427499949295	40.418207069469474
100	15	20	30	1908.7687934733576	49.81010720863478
100	15	20	35	2459.604980770174	61.76226469392222
100	15	20	40	2862.0842850565705	77.05941569199788
100	15	20	45	3292.06875365755	97.639692017554
100	15	20	50	3494.5292562585823	125.39593442605394
100	15	20	55	3513.2532318197013	163.2380711010889
100	15	20	60	3345.6105261468992	211.47230606678323
100	15	30	-10	40.64314094940154	8.903137085176112
100	15	30	-5	65.05103307999302	11.148041621866533
100	15	30	0	106.9758610821901	13.844327246960368
100	15	30	5	160.48825370350238	17.055547061968323
100	15	30	10	233.72107206966484	20.843899976345025
100	15	30	15	381.3820750433092	25.26677414210561
100	15	30	20	740.2302188698727	30.699960200929088
100	15	30	25	1383.3632391455037	37.478369903823335
100	15	30	30	1857.4617393077856	45.6877009054053
100	15	30	35	2358.828102339704	56.26608973557909
100	15	30	40	2801.464135354403	69.91782712111247
100	15	30	45	3209.149927126824	87.90127688912749
100	15	30	50	3402.160177470266	112.20176649432958
100	15	30	55	3482.774341917954	145.58973607462727
100	15	30	60	3389.8663382318923	188.86218886335288
100	20	-30	-10	32.99794498188106	10.123220986620392
100	20	-30	-5	46.70244210187251	12.483100468156076
100	20	-30	0	67.04617974427846	15.387861844844911
100	20	-30	5	97.4359060949852	18.964729329536645
100	20	-30	10	155.16096584802014	23.371647039598194
100	20	-30	15	264.6938010484984	28.803195681592364
100	20	-30	20	432.6332463622495	35.50957690260208
100	20	-30	25	671.8121478296898	43.81150257663847
100	20	-30	30	981.4756027965326	54.15830486615863
100	20	-30	35	1361.6302784266434	67.25325659461183
100	20	-30	40	1786.5226173283145	84.25913162830366
100	20	-30	45	2235.2041551939774	107.10851827137046
100	20	-30	50	2603.618032302511	138.4286014105367
100	20	-30	55	2839.175347216024	180.19789013109423
100	20	-30	60	2895.43508317168	232.51308526418265
100	20	-20	-10	32.59378359867319	10.081635004901392
100	20	-20	-5	46.8144552409648	12.434300411878976
100	20	-20	0	69.4815151815098	15.329378709126471
100	20	-20	5	100.7902506070696	18.888266503204097
100	20	-20	10	152.03466039110802	23.266549246713733
100	20	-20	15	255.6240620730625	28.659877704697497
100	20	-20	20	424.7789885467622	35.32262734065195
100	20	-20	25	662.5661990743587	43.57455907029708
100	20	-20	30	979.084181157347	53.86162074174085
100	20	-20	35	1361.484785165987	66.87787272939454
100	20	-20	40	1794.634092941832	83.77044302905234
100	20	-20	45	2214.5086770677667	106.42550873890004
100	20	-20	50	2596.0125984768824	137.51398373022488
100	20	-20	55	2817.885598325568	178.9885392619945
100	20	-20	60	2887.6769076692244	231.0483521338435
100	20	-10	-10	31.896022465415445	9.99197512607448
100	20	-10	-5	46.4398903572146	12.33226188735528
100	20	-10	0	71.32303696472705	15.209195737055143
100	20	-10	5	104.9759293357944	18.73738775251964
100	20	-10	10	151.81257442145213	23.06065803972073
100	20	-10	15	239.0116593467908	28.370267165602375
100	20	-10	20	408.0652971906906	34.935738115171475
100	20	-10	25	643.3861828916112	43.07688650070104
100	20	-10	30	963.9604161957066	53.24109522978186
100	20	-10	35	1355.2655803286236	66.09197000108941
100	20	-10	40	1766.867416030948	82.72072659277994
100	20	-10	45	2207.3691865713745	105.02770976090032
100	20	-10	50	2583.739575125341	135.60484506871074
100	20	-10	55	2819.110199150714	176.52717290248765
100	20	-10	60	2884.9132036197934	227.97132647605827
100	20	0	-10	30.93134789453165	9.809496037925785
100	20	0	-5	45.477783340817325	12.12821730764414
100	20	0	0	71.9953580326018	14.975214205086209
100	20	0	5	108.9681541166518	18.44989098068203
100	20	0	10	153.2288345673246	22.673488870606544
100	20	0	15	230.0962894121372	27.850975249112437
100	20	0	20	380.7347910367912	34.18310521395428
100	20	0	25	612.0951493695974	42.08615257660989
100	20	0	30	916.6187594273893	51.944101956507296
100	20	0	35	1401.6356687940504	64.43076965708781
100	20	0	40	1740.279765273077	80.63341550850676
100	20	0	45	2168.616665338733	102.1785545433007
100	20	0	50	2542.710441202184	131.69406689296042
100	20	0	55	2808.6653507139467	171.55348875702217
100	20	0	60	2892.36048321958	221.85883957645015
100	20	10	-10	29.29645083253759	9.482883186082727
100	20	10	-5	43.12388357965676	11.758345824358983
100	20	10	0	70.25481603053166	14.561512659056351
100	20	10	5	111.11811548449964	17.970481070028928
100	20	10	10	157.5013921551517	22.07810062889852
100	20	10	15	218.84580594197809	27.01481822555333
100	20	10	20	353.4527407436432	33.10350046917676
100	20	10	25	577.3479313324988	40.59031954694082
100	20	10	30	885.0332873152328	49.932528270836215
100	20	10	35	1450.4873036471597	61.79159597968162
100	20	10	40	1819.3178499552653	77.12470950408728
100	20	10	45	2120.2501787199603	97.53386334848908
100	20	10	50	2506.3816181135994	125.4276402773314
100	20	10	55	2777.7252486754624	163.1886535027812
100	20	10	60	2889.006771449438	211.46082488887367
100	20	20	-10	27.23086360834185	8.877618366835732
100	20	20	-5	39.0390044456747	11.044895174238867
100	20	20	0	64.91818236335172	13.80705136840604
100	20	20	5	108.05089175692734	17.132420927699993
100	20	20	10	158.70526579404046	21.102983354432578
100	20	20	15	214.31061715010344	25.685847458061485
100	20	20	20	310.8516837151876	31.19852661659204
100	20	20	25	508.5000483423928	37.844477239932914
100	20	20	30	1102.644806867612	46.22721662366426
100	20	20	35	1492.663960864909	56.65146716981154
100	20	20	40	1764.7639224921677	69.92358540617701
100	20	20	45	2130.290376901572	87.93729706493143
100	20	20	50	2490.841392214448	112.18121146298084
100	20	20	55	2684.534744120552	145.59266912165927
100	20	20	60	2838.7117071270764	189.1297488248516
100	20	30	-10	24.033201552254315	7.923475718035092
100	20	30	-5	32.716923704023266	9.854753992601612
100	20	30	0	54.6436047176453	12.553702435487518
100	20	30	5	96.5974389662876	15.86306820970814
100	20	30	10	152.28711593709505	19.74543532527863
100	20	30	15	208.06897099498445	24.04059725759292
100	20	30	20	284.4821762915834	28.956501812020825
100	20	30	25	447.9941908327097	34.81377167629037
100	20	30	30	1039.6481559918757	41.93356746851106
100	20	30	35	1474.0699431517342	50.668502959407846
100	20	30	40	1771.309573046707	61.60604995159722
100	20	30	45	2093.025397210147	75.63968710423242
100	20	30	50	2342.464909299318	94.55398723005814
100	20	30	55	2601.9162280308947	120.86817226977128
100	20	30	60	2799.5364769265616	154.8211219392412
100	25	-30	-10	23.47902285545604	10.075851462201264
100	25	-30	-5	32.00038999399041	12.430046842410691
100	25	-30	0	47.15791400842448	15.32932355195953
100	25	-30	5	72.07839642429288	18.898327305213613
100	25	-30	10	107.86270022511238	23.284963160742464
100	25	-30	15	163.81434150975682	28.683486287965454
100	25	-30	20	259.0162616466497	35.33915334329859
100	25	-30	25	401.8314012302274	43.5752859076127
100	25	-30	30	614.0665374766882	53.86511271396184
100	25	-30	35	882.0448430620389	66.87359702635801
100	25	-30	40	1149.278102280476	83.77240516313377
100	25	-30	45	1466.9638297758718	106.4380380823329
100	25	-30	50	1825.7758062026217	137.51965556624626
100	25	-30	55	2168.196387332157	179.02844108501898
100	25	-30	60	2412.721133298743	231.0672048350264
100	25	-20	-10	22.83591230265387	9.97829858852479
100	25	-20	-5	31.2244232633731	12.319065904660803
100	25	-20	0	46.96858807367707	15.206883803590848
100	25	-20	5	73.91024706299422	18.751162277328373
100	25	-20	10	112.27926245669396	23.101272392668733
100	25	-20	15	164.51976125387256	28.4294217876146
100	25	-20	20	249.82638259495636	34.99270991221852
100	25	-20	25	390.3417311143625	43.10106472090758
100	25	-20	30	596.4570775398658	53.238708318532986
100	25	-20	35	956.1768929567608	66.06836763397733
100	25	-20	40	1141.1878776963515	82.72416003968605
100	25	-20	45	1458.2559683673712	105.04652339710718
100	25	-20	50	1812.1124834796728	135.6140461324811
100	25	-20	55	2149.0475231838	176.5340922292024
100	25	-20	60	2404.2696871099256	228.0337834442832
100	25	-10	-10	22.226211050229004	9.792680487660371
100	25	-10	-5	30.09958454064958	12.089105557390166
100	25	-10	0	45.882967686580464	14.958149960221204
100	25	-10	5	74.70564407609706	18.467038976643448
100	25	-10	10	116.34625677745316	22.757312716994463
100	25	-10	15	166.6228378994242	27.949725422411017
100	25	-10	20	240.4314427901845	34.33866161936028
100	25	-10	25	365.4989497478156	42.16780398949419
100	25	-10	30	570.1458216115907	52.01866587904666
100	25	-10	35	1025.7771482893754	64.48821791595391
100	25	-10	40	1247.6736721057518	80.6189843141405
100	25	-10	45	1436.7505728573738	102.21894370289124
100	25	-10	50	1787.2646827453311	131.79731361782345
100	25	-10	55	2125.507399812172	171.55224859225018
100	25	-10	60	2387.407898979903	221.8775703234733
100	25	0	-10	21.266472926066005	9.479821748050536
100	25	0	-5	28.590598099072228	11.69877813261693
100	25	0	0	43.2200757291461	14.495831065095752
100	25	0	5	73.06107988836654	17.969381250440186
100	25	0	10	118.66755962404667	22.163079451756257
100	25	0	15	171.2597188153319	27.223313239673324
100	25	0	20	234.66622315169437	33.31389043910411
100	25	0	25	342.9406189976708	40.7992917548499
100	25	0	30	534.3770013189022	50.12472775604429
100	25	0	35	1145.591237702133	61.90618435773752
100	25	0	40	1339.1398541959857	77.1984540652509
100	25	0	45	1548.9636754558403	97.49829557401306
100	25	0	50	1748.273382396526	125.42095583590272
100	25	0	55	2087.029389022784	163.21683377499988
100	25	0	60	2353.5414006672586	211.371534405304
100	25	10	-10	19.75912618083488	8.913657481861506
100	25	10	-5	26.334419304538788	10.98041458980332
100	25	10	0	39.36679913653234	13.664973820690872
100	25	10	5	67.57531832305422	17.083326233238918
100	25	10	10	116.14001926055296	21.190644127183145
100	25	10	15	172.89820711738042	25.99075586523084
100	25	10	20	232.1722328565118	31.71989769039085
100	25	10	25	315.58752177284407	38.42910865305347
100	25	10	30	474.6672919241645	46.75632293756944
100	25	10	35	1217.4748943719087	57.02805918882413
100	25	10	40	1407.3879197134193	70.37882320038018
100	25	10	45	1573.6624931816093	87.88371884172211
100	25	10	50	1868.1984354524768	112.07345151451858
100	25	10	55	2091.3311973136565	146.1126908914965
100	25	10	60	2270.722728090101	188.9715735260476
100	25	20	-10	17.634544227647492	8.07245968582496
100	25	20	-5	23.27428016049321	9.945907528616765
100	25	20	0	33.7233676439814	12.401224574717393
100	25	20	5	57.7483092481264	15.6960767180281
100	25	20	10	105.0139784664956	19.80982125649284
100	25	20	15	166.61910123819004	24.527423941952183
100	25	20	20	227.52196549634544	29.845452184654505
100	25	20	25	299.72790146768324	35.8078141090743
100	25	20	30	427.8924834513398	43.06951901010245
100	25	20	35	1126.0273567401418	51.71050333081007
100	25	20	40	1483.443246520476	62.59733376782911
100	25	20	45	1602.9867315909496	76.43517921837466
100	25	20	50	1831.7124108330363	95.43911230910012
100	25	20	55	2002.700223008063	122.48918202955004
100	25	20	60	2302.863051632773	156.91115356031264
100	25	30	-10	15.478796532293138	6.883886539516482
100	25	30	-5	19.391123741587744	8.4686451892759
100	25	30	0	27.42091613573354	10.681826492695096
100	25	30	5	45.23390090059074	13.669493080497237
100	25	30	10	86.28496881099743	17.770127872486928
100	25	30	15	151.2813206870247	22.674054135169776
100	25	30	20	215.19916948268167	27.7740874256389
100	25	30	25	280.7849254595133	33.266895119364946
100	25	30	30	373.7129818652252	39.220271110403246
100	25	30	35	919.7169523530488	46.4710156114252
100	25	30	40	1312.4587680427649	55.37124321641838
100	25	30	45	1573.711412173461	65.59340078347385
100	25	30	50	1783.0174279613573	80.9274863174878
100	25	30	55	1985.599385296236	98.11028629311008
100	25	30	60	2260.686018706385	126.06299214528482
100	30	-30	-10	17.835200273684055	9.983132191777743
100	30	-30	-5	23.304805455066752	12.30192428709119
100	30	-30	0	32.53594185605018	15.191567977529688
100	30	-30	5	50.60055309793909	18.749544698154565
100	30	-30	10	85.22387835544943	23.117379955466838
100	30	-30	15	140.77490321064755	28.47927215319136
100	30	-30	20	211.91386464349372	35.04798324038338
100	30	-30	25	307.1789402228955	43.163281863069365
100	30	-30	30	470.6619626472881	53.27355158488231
100	30	-30	35	826.2391230390259	66.09704938056298
100	30	-30	40	1131.3187826346436	82.73257364711033
100	30	-30	45	1173.1498785412575	105.04611946933424
100	30	-30	50	1423.5187745704002	135.62808247278514
100	30	-30	55	1720.4213535402491	176.5620430705042
100	30	-30	60	2025.152204570205	228.06520502889504
100	30	-20	-10	17.158614061058035	9.8071552394013
100	30	-20	-5	22.626705678952117	12.073599048267512
100	30	-20	0	31.231216648860126	14.9064607236607
100	30	-20	5	49.18121711590258	18.44236768665989
100	30	-20	10	85.44569053866341	22.7703665912194
100	30	-20	15	143.42347985046635	28.043122209731685
100	30	-20	20	213.5607734971065	34.47214029895977
100	30	-20	25	297.63528244994166	42.33663186767019
100	30	-20	30	443.3851914692733	52.11619995743666
100	30	-20	35	973.597839746109	64.52742405879047
100	30	-20	40	1233.43120751347	80.6296290463594
100	30	-20	45	1272.531633585436	102.2375074049108
100	30	-20	50	1414.6569271299509	131.75857333502017
100	30	-20	55	1704.4771222393804	171.54326364822174
100	30	-20	60	2005.0438960776276	221.8315658307864
100	30	-10	-10	16.227509874033142	9.52915910687513
100	30	-10	-5	21.719481670151666	11.70030555404515
100	30	-10	0	29.66193330101197	14.43128990979008
100	30	-10	5	46.56835979429963	17.898197102277397
100	30	-10	10	83.72124963298269	22.184528978763726
100	30	-10	15	144.62381525698086	27.33104430806657
100	30	-10	20	215.9623854454849	33.572328043658686
100	30	-10	25	292.68286077144296	41.09730112520096
100	30	-10	30	411.92091693119056	50.35149552846239
100	30	-10	35	1098.0674637948894	62.013087770605615
100	30	-10	40	1412.1658133737913	77.14984792658288
100	30	-10	45	1525.824911044715	97.5434536073684
100	30	-10	50	1531.5427958070627	125.37398282692531
100	30	-10	55	1698.994789357953	163.21630004179082
100	30	-10	60	1988.448284304108	211.56458225155387
100	30	0	-10	14.948935377689455	9.051287893288718
100	30	0	-5	20.273879092766997	11.068675888111958
100	30	0	0	27.37063038604156	13.5890827644383
100	30	0	5	41.95497204676602	16.895277039275552
100	30	0	10	76.17980682707638	21.10069652325149
100	30	0	15	139.83131404114698	26.12317438577384
100	30	0	20	216.6730993417031	32.1069341922928
100	30	0	25	288.9590477316472	39.12947372027647
100	30	0	30	381.3625158700368	47.48261519992966
100	30	0	35	1054.4424470403576	57.7857295569652
100	30	0	40	1566.7715571649169	70.86981711271802
100	30	0	45	1585.3669809119313	88.47999058826015
100	30	0	50	1778.3365065148791	112.05607268325647
100	30	0	55	1914.4755420693311	145.21318779763638
100	30	0	60	2028.8975776636516	188.8449408675992
100	30	10	-10	13.261965034279344	8.295337427171054
100	30	10	-5	18.280294157352696	10.198904343694087
100	30	10	0	24.586690952375903	12.470928508144096
100	30	10	5	36.60033768511076	15.517188410465591
100	30	10	10	65.17918088672212	19.5357010372526
100	30	10	15	124.01592882386932	24.443910702151918
100	30	10	20	204.8635941674189	30.23979567978693
100	30	10	25	281.0522991486688	36.67785195342416
100	30	10	30	359.07689195518475	44.0329208997437
100	30	10	35	791.1695258646871	52.94681457831975
100	30	10	40	1432.9633795636066	63.835774689642655
100	30	10	45	1627.1159064567514	77.96712362537525
100	30	10	50	1826.7084430299155	96.66089986191102
100	30	10	55	1942.4471559574176	122.5783333237485
100	30	10	60	2171.2158134904435	156.0726246093974
100	30	20	-10	11.900209367098723	7.13931121913071
100	30	20	-5	15.99601501822881	8.98614636445552
100	30	20	0	21.069705336926543	11.000374754445204
100	30	20	5	30.382472869628117	13.697927281097224
100	30	20	10	52.99140941092047	17.518896371716284
100	30	20	15	104.26177633231352	22.3811308828066
100	30	20	20	185.34260276778485	28.11152993562356
100	30	20	25	265.30209878289395	34.26979398492281
100	30	20	30	339.44983393712573	41.0731529251271
100	30	20	35	591.3365995239174	48.43759371861598
100	30	20	40	1186.019963665591	57.59027773526677
100	30	20	45	1481.7498613647915	68.12339525821726
100	30	20	50	1792.775391130425	82.61111868193126
100	30	20	55	1915.4309364424776	101.55544775820545
100	30	20	60	2106.654577691512	126.39809334148248
100	30	30	-10	11.2627712525071	5.471943023863321
100	30	30	-5	13.750950231778091	7.166076941050083
100	30	30	0	17.39340729785304	8.992592556847958
100	30	30	5	24.334465361307974	11.48451950392422
100	30	30	10	39.803535122236624	14.804083827461504
100	30	30	15	85.41604886851461	20.06986974793849
100	30	30	20	164.78807006312962	26.107745772451757
100	30	30	25	249.7344621635168	32.19250553347732
100	30	30	30	324.68982200631547	38.55054124008745
100	30	30	35	519.9557614243861	45.85528511462292
100	30	30	40	951.4027153177688	53.215397379547625
100	30	30	45	1331.3189117243253	61.3765286809749
100	30	30	50	1466.6014440022643	71.82471531274031
100	30	30	55	1780.3492338056017	86.4265047250992
100	30	30	60	1998.0583496260317	106.90039127197774
100	35	-30	-10	13.18454918168825	9.847067797057326
100	35	-30	-5	18.875191841366554	12.093845334368586
100	35	-30	0	24.81520271294304	14.885830213808836
100	35	-30	5	35.45007766908826	18.38324300289717
100	35	-30	10	60.571993249188495	22.73754989578192
100	35	-30	15	116.92872213101788	28.06206774352519
100	35	-30	20	200.70397373403637	34.57214482971536
100	35	-30	25	287.95721356884616	42.53157401270712
100	35	-30	30	391.8710222859797	52.30545536216871
100	35	-30	35	850.6241207675383	64.65140987960825
100	35	-30	40	1582.7537133438466	80.63265282143496
100	35	-30	45	1692.1648741409192	102.19432856283215
100	35	-30	50	1545.9133799589442	131.75855491692298
100	35	-30	55	1711.4981328302692	171.50666978241574
100	35	-30	60	1955.3719765545293	221.86525555819853
100	35	-20	-10	12.074539068432289	9.604286577161384
100	35	-20	-5	17.981950103194542	11.774950853997035
100	35	-20	0	23.749211334748864	14.423116164422728
100	35	-20	5	33.42064641465403	17.796521653099415
100	35	-20	10	56.820845262848415	22.07299194303428
100	35	-20	15	112.48880871338652	27.3287027999696
100	35	-20	20	199.92471714532817	33.702301587999614
100	35	-20	25	290.6305031266782	41.3848861679984
100	35	-20	30	383.0055539780444	50.72113968644279
100	35	-20	35	776.8346395819007	62.32846246420565
100	35	-20	40	1759.3987183580243	77.26046725063856
100	35	-20	45	2076.069005626205	97.63401473979836
100	35	-20	50	1897.195599681192	125.49678043160768
100	35	-20	55	1891.5594242098416	163.21327653053893
100	35	-20	60	2027.168890297608	211.5044298314564
100	35	-10	-10	10.939194717206314	9.16391928299297
100	35	-10	-5	16.662812410828128	11.267618920289388
100	35	-10	0	22.4459285378979	13.71560554449558
100	35	-10	5	30.55259490300787	16.764198713092618
100	35	-10	10	50.27021134694677	20.866712043148304
100	35	-10	15	101.16785669220002	26.042350453578187
100	35	-10	20	191.839252587114	32.224185445845166
100	35	-10	25	289.0711146537344	39.52730620467723
100	35	-10	30	374.5149620434059	48.30771943659382
100	35	-10	35	636.3213097395761	58.550827321919655
100	35	-10	40	1648.2253971007449	71.3769836028601
100	35	-10	45	2179.02824456842	88.52458232443428
100	35	-10	50	2223.8517706082457	111.94279309649409
100	35	-10	55	2195.4169150080024	145.6137442796072
100	35	-10	60	2324.406247237497	188.97474932341305
100	35	0	-10	10.06839098140918	8.382095606677417
100	35	0	-5	15.07173027081084	10.525683254690554
100	35	0	0	20.70659018997592	12.836285141532356
100	35	0	5	27.525819737340168	15.500376616971836
100	35	0	10	43.06752529852776	19.25776125969492
100	35	0	15	85.2957902499489	24.233028602622
100	35	0	20	170.05436543595098	30.27540026222264
100	35	0	25	274.03121593986856	37.44767805898415
100	35	0	30	363.9542299188709	45.2034940836463
100	35	0	35	460.5291100510597	54.37521483870423
100	35	0	40	1234.6483112752403	65.43171305970925
100	35	0	45	2155.4022363898757	79.05470544822313
100	35	0	50	2289.7497340650525	97.38480043160108
100	35	0	55	2404.288404618339	121.65142488574868
100	35	0	60	2710.2349813064743	153.27317779369685
100	35	10	-10	9.709140932443953	7.079818566147299
100	35	10	-5	13.252639635767434	9.214589810076106
100	35	10	0	18.57208381786792	11.639465946998328
100	35	10	5	24.87914085294378	14.206227519369529
100	35	10	10	36.007011957177205	17.32324818498601
100	35	10	15	68.9574859961616	22.026579788402707
100	35	10	20	142.65256907578927	27.91311190590288
100	35	10	25	250.5251240022891	34.91040850616361
100	35	10	30	346.1613469177686	42.44048801843683
100	35	10	35	429.48348417003535	50.58171130715775
100	35	10	40	923.4385696802289	59.591051644643926
100	35	10	45	1502.6863487491196	70.15218244652745
100	35	10	50	1928.1700362312104	83.9033000232433
100	35	10	55	2230.995291644933	102.36599634004898
100	35	10	60	2503.30455756942	125.62770566889792
100	35	20	-10	10.150191707381063	5.3935588461408095
100	35	20	-5	11.872955606216234	7.085794921718911
100	35	20	0	16.071556723379803	9.792379559469357
100	35	20	5	21.45912777181475	12.388836243452657
100	35	20	10	30.92853259405171	15.45983905649712
100	35	20	15	55.32634685301399	19.664306061254425
100	35	20	20	120.97080105803708	25.724666982213176
100	35	20	25	223.59561805805117	32.63729056605632
100	35	20	30	327.6854598480254	40.070122422616194
100	35	20	35	415.11967846358255	47.66670497178206
100	35	20	40	850.63142788352	56.13337466330846
100	35	20	45	1152.9678910521088	63.69617114201027
100	35	20	50	1650.041154138376	74.28282877800957
100	35	20	55	2019.6407097693516	88.59482089588256
100	35	20	60	2195.8796930138164	106.33457367134407
100	35	30	-10	11.60406932097897	3.984100268251945
100	35	30	-5	12.11098049974676	4.9613537343294825
100	35	30	0	13.837377996684356	6.714416663640211
100	35	30	5	17.597443950979113	9.48942693180297
100	35	30	10	25.022283819280712	12.709676021731347
100	35	30	15	43.7545576562864	16.63751939941209
100	35	30	20	94.85129855860812	22.581144300648766
100	35	30	25	193.7188918160988	30.269953337592348
100	35	30	30	303.03904184225115	38.227654782306274
100	35	30	35	406.37557646989967	45.635920995419895
100	35	30	40	700.7771193290788	54.08069672539707
100	35	30	45	1372.205176395245	62.53359131258134
100	35	30	50	1496.8410837000483	70.31497557657896
100	35	30	55	1756.22953001343	82.20945979206603
100	35	30	60	2004.244608450976	97.61822740511327
100	40	-30	-10	8.763292967377856	9.629045136538108
100	40	-30	-5	14.70362947691377	11.876271321419352
100	40	-30	0	21.287548416970257	14.521142589916998
100	40	-30	5	28.82659208442969	17.792193957495076
100	40	-30	10	44.349922083723904	21.99056372542611
100	40	-30	15	84.29158815239784	27.246859972653315
100	40	-30	20	160.9532668438025	33.684616411777654
100	40	-30	25	269.06990895070766	41.51706611116245
100	40	-30	30	383.4889214584672	51.0827029738268
100	40	-30	35	527.5171250534063	62.60586754936769
100	40	-30	40	1867.541651203408	77.40566068605705
100	40	-30	45	3465.6387260109814	96.96003560388009
100	40	-30	50	3245.630299512118	125.37742425731436
100	40	-30	55	3158.1082603205973	163.12386233563572
100	40	-30	60	3094.464341144585	211.5041305010459
100	40	-20	-10	8.41398344158002	9.14686587275579
100	40	-20	-5	13.31268353152934	11.415497101552251
100	40	-20	0	19.924145722894128	13.93866617254956
100	40	-20	5	26.851684798659424	16.918977259502487
100	40	-20	10	39.59898366500952	20.76332259959081
100	40	-20	15	73.35473406354292	25.815212732110727
100	40	-20	20	145.70478475153814	32.1123922875591
100	40	-20	25	259.7380328500256	39.76784770835281
100	40	-20	30	378.9719382811193	48.6915242694369
100	40	-20	35	497.4592602804022	59.19710697088448
100	40	-20	40	1360.1655515401528	72.05247094325033
100	40	-20	45	3205.4809552367124	88.48092510161456
100	40	-20	50	3579.6423708612497	109.16806531163576
100	40	-20	55	3414.8826336173724	146.0784074743193
100	40	-20	60	3455.21200053254	189.2939749974111
100	40	-10	-10	8.527930140949026	8.309566251970113
100	40	-10	-5	12.28320346257	10.684511674066506
100	40	-10	0	18.36546267648262	13.20470460337602
100	40	-10	5	24.777862646197512	15.913084162090954
100	40	-10	10	34.754777259978034	19.256930930206234
100	40	-10	15	61.196621734154505	23.918496945910167
100	40	-10	20	124.10751873982127	29.96605090120238
100	40	-10	25	233.62263455569428	37.38785392203849
100	40	-10	30	360.6905375799568	45.99172883980939
100	40	-10	35	472.2496078118305	55.42741789719909
100	40	-10	40	981.7851960544538	66.43171987855973
100	40	-10	45	2548.766543328977	79.7236056943261
100	40	-10	50	3455.1056483101142	96.23237684149645
100	40	-10	55	3775.929385407992	116.2730891555271
100	40	-10	60	3837.676452562503	151.0932237966269
100	40	0	-10	8.916921696964389	6.909778311019203
100	40	0	-5	11.268896997043274	9.163058993386828
100	40	0	0	16.68622758010266	12.11872944917093
100	40	0	5	22.83132010639557	14.853368477848669
100	40	0	10	31.09269762796349	17.875829707246165
100	40	0	15	50.17389576789817	21.827347550335677
100	40	0	20	100.12863550785208	27.34950059141596
100	40	0	25	205.40503526740423	34.90867761483883
100	40	0	30	333.5856791329276	43.073188553194576
100	40	0	35	447.4653907349618	51.82964684352899
100	40	0	40	721.4338015190893	60.719305012299934
100	40	0	45	1658.184446638694	71.29576692694621
100	40	0	50	2805.0151981444783	84.91314375541775
100	40	0	55	3472.178817405474	101.8940130659152
100	40	0	60	3786.337136373975	121.82729354857264
100	40	10	-10	9.721833783095963	5.242657923954103
100	40	10	-5	10.932647790186389	6.974242534425857
100	40	10	0	14.530052885174277	9.82500224166126
100	40	10	5	20.332720091568454	13.14978384403924
100	40	10	10	27.76673201202861	16.38932902250907
100	40	10	15	42.15413156818814	19.809865084326496
100	40	10	20	79.6264349474864	24.732954392590702
100	40	10	25	173.50153851235495	32.30244071472229
100	40	10	30	306.81850840519263	40.64336047637647
100	40	10	35	424.7202149166346	49.02833149512682
100	40	10	40	648.8377165297534	57.857913932622544
100	40	10	45	1333.3686205289607	66.57229882791307
100	40	10	50	1963.3792739306512	76.41259575637727
100	40	10	55	2678.55804355848	89.30109430804667
100	40	10	60	3316.141131842536	105.15843956172418
100	40	20	-10	11.217351884389918	3.945567720364748
100	40	20	-5	11.7050076192656	4.845767682165683
100	40	20	0	13.275786908677476	6.663018800778811
100	40	20	5	17.21643111848493	10.180810485723594
100	40	20	10	23.55511085393467	13.77847816714548
100	40	20	15	36.26768783969862	17.67279769981169
100	40	20	20	68.5924052266875	22.81042631829421
100	40	20	25	150.832357261121	30.184314372839232
100	40	20	30	277.9525021726809	38.8991579087788
100	40	20	35	408.4423724929696	47.20691880935069
100	40	20	40	664.5455659107978	56.70029467470251
100	40	20	45	1103.1244731477434	63.43648022094189
100	40	20	50	1781.1431257889788	73.04204048716952
100	40	20	55	2507.432810350138	83.54050195229964
100	40	20	60	2934.07502498185	97.53998494220104
100	40	30	-10	13.303547911192087	3.3023305414113717
100	40	30	-5	13.450436319552423	3.673603483204624
100	40	30	0	14.02638820106554	4.4945945735083415
100	40	30	5	15.619884974367809	6.50315523609978
100	40	30	10	19.62700624876456	9.675318610243572
100	40	30	15	29.723282068359907	14.166646791088102
100	40	30	20	57.41567063870051	19.574027277723875
100	40	30	25	140.0379343479742	28.511944745455857
100	40	30	30	251.7545867716969	37.17549800801534
100	40	30	35	397.2641827720438	46.77042458147383
100	40	30	40	688.4221557521453	56.70223022794516
100	40	30	45	1205.0080724156169	63.35318615825614
100	40	30	50	1818.644811796659	73.46367194249972
100	40	30	55	2460.362807369886	82.10745605042842
100	40	30	60	2915.1445117457024	94.19743720476733
100	45	-30	-10	7.608249231223806	9.100199311898056
100	45	-30	-5	10.58916120856116	11.398731859287276
100	45	-30	0	17.474739165161683	14.157255024523083
100	45	-30	5	25.72348025671698	17.219621352494467
100	45	-30	10	36.62816853157263	20.887856487772783
100	45	-30	15	59.03174444161164	25.671262507064224
100	45	-30	20	105.2242741295684	31.99526138448609
100	45	-30	25	194.01611398989695	39.60542511878798
100	45	-30	30	350.1183510196943	48.93069076185892
100	45	-30	35	527.7866350285717	59.68656412147657
100	45	-30	40	971.8670551501596	71.93277367360056
100	45	-30	45	3823.638838405801	87.8769327207869
100	45	-30	50	5441.476550534211	109.82148422520852
100	45	-30	55	6090.861440748995	145.66483025197766
100	45	-30	60	5921.027124612823	189.24424651316545
100	45	-20	-10	7.968733518198759	8.221672171415882
100	45	-20	-5	10.281451203979117	10.580530137631223
100	45	-20	0	16.06626444089362	13.447364481727227
100	45	-20	5	23.616781933012177	16.378051060312796
100	45	-20	10	33.151870989487726	19.723315107461044
100	45	-20	15	50.955971432042745	23.89216733021573
100	45	-20	20	89.64341153365497	29.67549499273191
100	45	-20	25	170.0830412543962	37.14295747574011
100	45	-20	30	315.5120046199967	46.03552375415966
100	45	-20	35	490.2362995688954	56.19664010587925
100	45	-20	40	731.5185940495779	66.86774532865401
100	45	-20	45	2740.493200723898	79.94689764221515
100	45	-20	50	4634.317631705276	94.36864124538668
100	45	-20	55	5607.309112388752	117.17483747564836
100	45	-20	60	5862.665759114816	146.79324324512308
100	45	-10	-10	8.4574346857908	6.8132577694122185
100	45	-10	-5	10.135424553477376	8.965050154376321
100	45	-10	0	14.40805950703784	12.0843514300875
100	45	-10	5	21.84878502086792	15.446225415977622
100	45	-10	10	30.25723375406877	18.60385553107455
100	45	-10	15	44.47865092987951	22.267020978030097
100	45	-10	20	74.54479302182207	27.17935572743966
100	45	-10	25	142.26458749176422	34.16931069009822
100	45	-10	30	277.9993424627052	43.038520891104326
100	45	-10	35	458.0927464351232	53.053243391530486
100	45	-10	40	644.5477051611678	62.54509056499186
100	45	-10	45	1956.3334736649615	74.09875026213561
100	45	-10	50	3528.503779205306	85.8762319507063
100	45	-10	55	4625.556505548349	98.66419238093158
100	45	-10	60	5327.634617831719	118.9570378933876
100	45	0	-10	9.188878028973996	5.190500858553638
100	45	0	-5	10.1546743064839	6.797909073297472
100	45	0	0	13.012404048286264	9.609658067864745
100	45	0	5	19.408151439323703	13.63716487386216
100	45	0	10	27.619895209896416	17.30466440670477
100	45	0	15	39.54801489595357	20.7911235322316
100	45	0	20	63.49865819675241	25.018879625776965
100	45	0	25	122.32613335950806	31.697886363392925
100	45	0	30	243.26412406453488	40.28976387858113
100	45	0	35	430.0600927299489	50.53132763752838
100	45	0	40	628.4834771033469	59.04642061987998
100	45	0	45	1689.3637151446185	69.6933308320139
100	45	0	50	2954.862716065101	79.2575925793147
100	45	0	55	3872.427410767693	88.72247812040318
100	45	0	60	4392.571907203897	102.65756693695644
100	45	10	-10	10.350788700757477	3.9553024429662296
100	45	10	-5	10.827138236191242	4.702776379915121
100	45	10	0	12.199804703246125	6.514513725680171
100	45	10	5	16.443550696192876	10.255754978850044
100	45	10	10	24.054895621386404	14.734669142284805
100	45	10	15	34.62643073952319	19.01897536884853
100	45	10	20	56.42798351083167	23.348049177868408
100	45	10	25	107.76273451596016	29.46496653807691
100	45	10	30	220.52921973777995	38.26038152766261
100	45	10	35	405.4203409187094	48.50101647335281
100	45	10	40	615.1632988163025	56.6732187110787
100	45	10	45	1832.46280589384	68.84733021438903
100	45	10	50	2701.589277969639	76.13190127259547
100	45	10	55	3215.981395040565	85.03490451549577
100	45	10	60	4075.7979404505927	95.70152433322788
100	45	20	-10	11.947675034075894	3.297764615307652
100	45	20	-5	12.126517845983049	3.6356447307305975
100	45	20	0	12.78500627462194	4.465394518668608
100	45	20	5	14.942833684594769	6.968698692539384
100	45	20	10	20.176982130916706	10.93891410080772
100	45	20	15	30.126789368523426	15.475608589304604
100	45	20	20	52.76547668770068	20.936718087091457
100	45	20	25	102.33897089503547	27.79409025183101
100	45	20	30	213.45083953621688	37.07995838565882
100	45	20	35	404.87090104391314	48.14766869347383
100	45	20	40	728.8233141695698	57.65976180563542
100	45	20	45	2634.826466625645	71.5038409826474
100	45	20	50	2975.0289824183155	76.97042000354317
100	45	20	55	3160.660551794125	82.98548649635768
100	45	20	60	3991.7609074762017	92.4654331673114
100	45	30	-10	13.68959401636367	3.088124816469312
100	45	30	-5	13.833788612329938	3.20574857188973
100	45	30	0	14.13639450754861	3.525264536885095
100	45	30	5	15.113427481966616	4.988559631413279
100	45	30	10	18.402725664360656	8.477151183943477
100	45	30	15	24.312979842674967	11.331862239600229
100	45	30	20	42.81088076353427	16.800869196143168
100	45	30	25	101.98871496387144	25.76778719728365
100	45	30	30	216.26956810015412	36.14961969061572
100	45	30	35	434.5710455902218	49.60796030686048
100	45	30	40	844.1063630465942	59.27467118891943
100	45	30	45	1893.493020941836	69.31053132449033
100	45	30	50	3089.223260012314	77.5643433590764
100	45	30	55	3654.902126295322	85.90304101228234
100	45	30	60	3605.753416367556	94.43481223150935
100	50	-30	-10	7.698109732003918	8.169635072484656
100	50	-30	-5	9.652012722778004	10.421760035722288
100	50	-30	0	13.739500433007937	13.279735060919812
100	50	-30	5	21.93686954869597	16.685237822968684
100	50	-30	10	32.95771344077403	20.255880719874213
100	50	-30	15	47.36382936977721	24.37181492682865
100	50	-30	20	70.65253589316536	29.63150565782757
100	50	-30	25	118.17245335413337	36.850083833289
100	50	-30	30	230.4257253448096	45.83704394886041
100	50	-30	35	496.3584531625019	57.27525852826181
100	50	-30	40	804.3566470635241	67.60902632477847
100	50	-30	45	3058.3442004160192	81.17830074376069
100	50	-30	50	5100.378667016982	95.67294806453964
100	50	-30	55	6432.390479188756	116.40599631192124
100	50	-30	60	7330.138539680164	149.9249052509642
100	50	-20	-10	7.947130704307332	6.815000885434861
100	50	-20	-5	9.398802488238667	8.855874566097976
100	50	-20	0	12.853009283897329	11.840029439132245
100	50	-20	5	19.75715651129716	15.49248372328936
100	50	-20	10	30.26591370352193	19.266253301649485
100	50	-20	15	42.44607011070221	22.92172216360928
100	50	-20	20	63.33587760992974	27.69286193851977
100	50	-20	25	100.98975095246452	33.81870741787315
100	50	-20	30	199.8262542973441	42.75533067415361
100	50	-20	35	455.5728332717831	54.47075891803569
100	50	-20	40	752.9425866439051	64.0307661680983
100	50	-20	45	2211.6255850330303	75.78368280425416
100	50	-20	50	3881.439359971899	85.87291480248481
100	50	-20	55	5272.4950739445685	99.31284943686629
100	50	-20	60	6077.625767524775	119.27978838911793
100	50	-10	-10	8.281779565610602	5.25038232514522
100	50	-10	-5	9.158151231848787	6.723183422045327
100	50	-10	0	11.652693093772282	9.390983089024315
100	50	-10	5	17.648345100162736	13.414149208064616
100	50	-10	10	27.42744298380268	17.95146533573936
100	50	-10	15	40.009076213663896	21.90372793453987
100	50	-10	20	56.75397071893413	25.86860174501305
100	50	-10	25	91.34836775495678	31.70699672703326
100	50	-10	30	176.2951401164015	39.77660701351376
100	50	-10	35	413.6982882054905	51.63452866497139
100	50	-10	40	715.8326446234433	61.60916943577962
100	50	-10	45	1953.4477294534595	74.3930864819576
100	50	-10	50	3174.562930718642	80.7952564468201
100	50	-10	55	4301.481497369874	90.26018006051102
100	50	-10	60	5041.051815760302	104.30606999775466
100	50	0	-10	8.8598846936124	3.9520665148183487
100	50	0	-5	9.30418704177795	4.794000975449228
100	50	0	0	10.585928846657149	6.372202312948926
100	50	0	5	15.082190372170864	10.238070454493132
100	50	0	10	23.69001661557491	15.1534256635416
100	50	0	15	35.80892136854555	20.274167295656063
100	50	0	20	52.119076822721794	24.448606258398428
100	50	0	25	85.59129708363784	30.091913209310466
100	50	0	30	170.66878021625587	38.09280928248657
100	50	0	35	398.82230650891415	49.698876437428105
100	50	0	40	862.356783227586	61.53234736312709
100	50	0	45	2216.399813685809	73.95370708778304
100	50	0	50	3309.9454464320347	79.47307049713332
100	50	0	55	4082.501967804911	85.86301404944426
100	50	0	60	4443.143905867829	95.65116467022796
100	50	10	-10	9.67648226688207	3.303950053825244
100	50	10	-5	9.868066540122449	3.65423393149743
100	50	10	0	10.454063686016012	4.397856335126434
100	50	10	5	13.031152489889406	7.008883699101807
100	50	10	10	18.68670220950934	10.808559077080318
100	50	10	15	31.295732254396405	16.81366290926701
100	50	10	20	50.61475480478983	22.63251452116451
100	50	10	25	83.86619451685469	28.46097585147443
100	50	10	30	178.94118157296745	36.96165289909244
100	50	10	35	453.32747328940513	49.79340977311712
100	50	10	40	1027.8191960428117	62.852925782136566
100	50	10	45	2633.5727875883176	75.73679302086218
100	50	10	50	3296.0317805874506	79.68717230996263
100	50	10	55	3701.656433116913	84.38780077462287
100	50	10	60	4215.814260783325	93.04065572489112
100	50	20	-10	10.54912398518859	3.0923534842617277
100	50	20	-5	10.627903612712869	3.2192062810161386
100	50	20	0	10.92528125235464	3.513911403670146
100	50	20	5	12.272206402275474	5.060069783639873
100	50	20	10	15.528219215846502	7.609571858595562
100	50	20	15	24.951450298991723	12.802761069892233
100	50	20	20	42.72936179178615	18.743154460434308
100	50	20	25	88.2760881309858	26.747367451009445
100	50	20	30	208.16032256185795	37.3314769953568
100	50	20	35	519.6579462424289	51.42446526862664
100	50	20	40	1161.371712197018	64.5548241005801
100	50	20	45	2886.183640178624	77.06910752405409
100	50	20	50	3407.6262503291077	80.38547739580575
100	50	20	55	3723.136393740285	85.20167551571112
100	50	20	60	4302.26761151401	94.2712180225588
100	50	30	-10	11.410692690082502	3.033698657271758
100	50	30	-5	11.467130029962815	3.078059484296132
100	50	30	0	11.62224904648081	3.2353436919541085
100	50	30	5	12.513604559334858	4.319576906736005
100	50	30	10	14.758857236374626	6.422267601913206
100	50	30	15	20.27059282283789	10.002852895046964
100	50	30	20	35.8793381408519	16.095040362993227
100	50	30	25	74.41853864081048	23.31108184365408
100	50	30	30	196.7536623050629	34.90973558651724
100	50	30	35	513.3043689216611	50.73616206528667
100	50	30	40	1169.24736941941	64.6507862440374
100	50	30	45	2257.546281124193	76.18513605720958
100	50	30	50	3132.543023352556	80.4072854320212
100	50	30	55	4146.460621448037	90.31513286338588
100	50	30	60	4468.96249952401	102.0215798188017
100	55	-30	-10	7.43223829750034	6.801552441289424
100	55	-30	-5	8.919215533919255	8.819319105585821
100	55	-30	0	12.086189628451905	11.65315950512124
100	55	-30	5	17.99922857537071	15.297432628285756
100	55	-30	10	28.126587063112197	19.46849573814385
100	55	-30	15	41.7152964873659	23.81772858982316
100	55	-30	20	57.976239562908674	28.57845534997029
100	55	-30	25	85.44612293843622	34.43692837654218
100	55	-30	30	158.47465476083565	42.54216660844475
100	55	-30	35	543.0303553989169	55.67308116419549
100	55	-30	40	838.8760533082083	63.87450228241943
100	55	-30	45	2478.881199153064	77.38240885239574
100	55	-30	50	4091.4476639841578	88.33204933271642
100	55	-30	55	5334.546476777458	102.38803685580994
100	55	-30	60	6134.707947252938	121.9709484942774
100	55	-20	-10	7.180504867528795	5.181015809833649
100	55	-20	-5	8.141646890332732	6.6428124008195
100	55	-20	0	10.58244831121645	9.18013356143997
100	55	-20	5	15.975263795385862	13.125154620876186
100	55	-20	10	26.075374264364147	17.911385667468096
100	55	-20	15	38.50651928213551	22.62433971206427
100	55	-20	20	54.55819565457584	27.22863783207517
100	55	-20	25	80.48300712292004	32.622889570474534
100	55	-20	30	144.90164039702677	39.86144203085322
100	55	-20	35	484.5464954092406	53.16447473889642
100	55	-20	40	803.1939161972364	62.13146569634711
100	55	-20	45	2964.862574636332	76.80007009997583
100	55	-20	50	3716.388027908752	83.52396688524217
100	55	-20	55	4628.284173701789	92.49924202354416
100	55	-20	60	5201.772548536324	106.4211231308352
100	55	-10	-10	7.04670906316704	3.9497094467030553
100	55	-10	-5	7.530742574123303	4.746808586459968
100	55	-10	0	8.958098302858518	6.456258398241114
100	55	-10	5	12.825210497080212	9.654617912001994
100	55	-10	10	21.94303370623437	14.904794666961694
100	55	-10	15	36.64929698652742	21.0180483142337
100	55	-10	20	52.63861536302493	26.132803795321674
100	55	-10	25	75.09083473698962	30.661675827479502
100	55	-10	30	160.52461328438778	38.95156633217027
100	55	-10	35	477.5352078918833	51.56647297287171
100	55	-10	40	800.9673975403424	60.73978918076703
100	55	-10	45	2745.567289888952	74.87449963952456
100	55	-10	50	3682.416847772344	81.93421053703665
100	55	-10	55	4184.81839724575	88.18642896024616
100	55	-10	60	4836.271682919825	99.54568941598625
100	55	0	-10	7.113400973950991	3.3293677557538275
100	55	0	-5	7.297914510100693	3.61386672558422
100	55	0	0	8.017764846246154	4.582896144063493
100	55	0	5	10.328412786910633	6.55686763395694
100	55	0	10	17.735415421146826	11.281804565245032
100	55	0	15	31.870936025546555	17.77350753048648
100	55	0	20	51.27473902548744	24.484019524191943
100	55	0	25	84.89934987047376	30.54649623904153
100	55	0	30	203.05793532957867	39.25519837521625
100	55	0	35	542.1305498032531	51.74634950194893
100	55	0	40	884.6055935180901	61.03086038222998
100	55	0	45	3555.6780154281623	77.76431640968165
100	55	0	50	3779.2816633760494	80.87159768844404
100	55	0	55	4074.271486091096	86.5173035419918
100	55	0	60	4741.637507046011	94.22127377380276
100	55	10	-10	7.3046328906426625	3.0941715010263247
100	55	10	-5	7.372660237130396	3.219049163389605
100	55	10	0	7.685052827225713	3.5742837306643613
100	55	10	5	9.130521796345324	5.007649567260548
100	55	10	10	13.789612675494888	8.066150396925345
100	55	10	15	26.149885280469636	14.658804699887762
100	55	10	20	45.49388774438251	21.16729386089036
100	55	10	25	88.97014236235894	28.862525582666983
100	55	10	30	242.94146874350804	39.34456531567254
100	55	10	35	637.3584126217331	53.78772720159709
100	55	10	40	973.665427196762	61.910950985422446
100	55	10	45	3353.5376579460863	77.9714790107342
100	55	10	50	4073.9225855364193	82.52620228814935
100	55	10	55	4669.777476100283	86.96016776046207
100	55	10	60	4583.648539644911	94.66410911148476
100	55	20	-10	7.464025704486922	3.0361197249924192
100	55	20	-5	7.502451294641164	3.0844833628499395
100	55	20	0	7.639915718091427	3.2336629825406558
100	55	20	5	8.594591260833063	4.243542253926563
100	55	20	10	11.305168638653733	6.351282484565446
100	55	20	15	18.97354437197429	10.757711266476766
100	55	20	20	36.21327306953466	17.649312516674826
100	55	20	25	81.06708541233141	26.008698238826373
100	55	20	30	212.26961878435048	37.51042848557897
100	55	20	35	605.9238524424198	53.03116872531647
100	55	20	40	1001.1377219081196	62.35274061300831
100	55	20	45	3861.800928412911	79.27331035702795
100	55	20	50	4047.2650569363	82.16734869805441
100	55	20	55	3904.867871535585	90.5412303327468
100	55	20	60	4683.060429411708	100.7202241290591
100	55	30	-10	7.611951903622782	3.0254182853792435
100	55	30	-5	7.61458891315835	3.058760545224012
100	55	30	0	7.711576106218509	3.160714865029936
100	55	30	5	8.450372021008704	4.023313303951793
100	55	30	10	10.325812167872266	5.661364211114342
100	55	30	15	15.954383234883805	9.112170700913506
100	55	30	20	29.22528473558712	14.743628967321266
100	55	30	25	61.47052724135236	21.273879015749184
100	55	30	30	217.21550850094016	34.61613411702132
100	55	30	35	635.1872598202688	52.82972222544683
100	55	30	40	962.2509350355672	61.72591932889775
100	55	30	45	4042.5239765003817	79.47337041723003
100	55	30	50	4109.761951347844	82.91489993604452
100	55	30	55	4943.42659894794	97.63830213643163
100	55	30	60	5285.4251618125945	113.98265865248642
100	60	-30	-10	6.1903990896015495	5.222116244740798
100	60	-30	-5	7.333059693591597	6.6372933722917
100	60	-30	0	9.745413722743566	9.10179124181824
100	60	-30	5	14.96041718018396	12.81901189975276
100	60	-30	10	24.17164037981329	17.612626206907144
100	60	-30	15	37.042554572863054	22.833632363004163
100	60	-30	20	52.41476338056461	28.18773860655308
100	60	-30	25	75.09860503683838	33.96754418323502
100	60	-30	30	143.53581850451332	40.92572569678605
100	60	-30	35	600.037974075551	55.09143259953026
100	60	-30	40	828.4467127805412	64.40294390319
100	60	-30	45	2197.1262714147792	79.26973847228348
100	60	-30	50	3583.537430269817	89.82789632524675
100	60	-30	55	4250.986759217985	99.41163227117003
100	60	-30	60	5132.9154943355925	113.87542573504231
100	60	-20	-10	5.458787595903008	3.964114443395249
100	60	-20	-5	6.11229267510119	4.811056192851327
100	60	-20	0	7.643970606118031	6.285316415200228
100	60	-20	5	11.524192306568596	9.459956841066218
100	60	-20	10	20.46262642960782	14.67922790122295
100	60	-20	15	34.39726916865892	20.927545511851115
100	60	-20	20	51.831636354552536	27.18310823439005
100	60	-20	25	76.90917138692326	33.057475717488785
100	60	-20	30	151.3149668804352	39.50820976147274
100	60	-20	35	599.7419893264588	54.18234437425247
100	60	-20	40	825.8389563121323	63.45913737604874
100	60	-20	45	2391.9351111690085	78.36742819406513
100	60	-20	50	3513.190769858644	88.24457324930387
100	60	-20	55	4282.100614027973	96.36723034563974
100	60	-20	60	4665.984546070327	106.79546724753676
100	60	-10	-10	5.076747317001718	3.31775392912903
100	60	-10	-5	5.313156500788958	3.62219426071693
100	60	-10	0	6.0049352866359165	4.370286701046642
100	60	-10	5	8.524350495983834	6.476036224253868
100	60	-10	10	15.953674144990028	11.159210895350558
100	60	-10	15	30.739625359433187	18.210821692105803
100	60	-10	20	50.91071259768115	25.817025104330337
100	60	-10	25	82.95932638462314	32.35038546334904
100	60	-10	30	227.7822192784376	41.18223057707823
100	60	-10	35	620.645089781873	54.27195887544013
100	60	-10	40	859.2395667502154	63.30642653994582
100	60	-10	45	3159.3934251906576	82.58143361979468
100	60	-10	50	3937.099756066819	88.87116958566351
100	60	-10	55	4148.9779943357535	92.93813105481436
100	60	-10	60	4351.126580010747	100.79669687488384
100	60	0	-10	4.957972982260119	3.0980730581885574
100	60	0	-5	5.04274076531153	3.20310753933522
100	60	0	0	5.363573759804961	3.560256168646176
100	60	0	5	6.945496406827987	5.017799282831572
100	60	0	10	11.424810359144944	8.093130590469773
100	60	0	15	24.09437096203077	14.577346181738069
100	60	0	20	46.80847927039858	23.73648709251237
100	60	0	25	81.07905386393934	30.59313972019713
100	60	0	30	290.4471538487685	41.934241627419446
100	60	0	35	635.314732443585	54.625040705495806
100	60	0	40	953.2082778742578	64.07081116814823
100	60	0	45	3612.90169803008	84.82141309998339
100	60	0	50	4311.702408912702	89.98977995026408
100	60	0	55	4602.106317808957	92.81781388761983
100	60	0	60	4728.326581360277	102.42373417963938
100	60	10	-10	4.936654288326713	3.043643922714529
100	60	10	-5	4.964261514981196	3.083172253492515
100	60	10	0	5.098237337542779	3.226594929422416
100	60	10	5	6.073220750965981	4.195732987111186
100	60	10	10	9.14932629891926	6.482010510443413
100	60	10	15	17.10899455153694	10.73278181194694
100	60	10	20	37.981878711731696	19.8913186304026
100	60	10	25	74.71212751167256	28.39024528780428
100	60	10	30	295.68138543630744	41.42012932211999
100	60	10	35	650.0807777799811	54.80616676459046
100	60	10	40	1005.3090830741692	64.75252338189436
100	60	10	45	3573.71855229046	84.21402750033616
100	60	10	50	4232.865688360815	89.44613972209852
100	60	10	55	4899.661157410491	94.95859837378411
100	60	10	60	5261.4613459011725	103.0853341218792
100	60	20	-10	4.931137526871927	3.024668407167394
100	60	20	-5	4.962000448059234	3.0535444004410026
100	60	20	0	5.0764338632678925	3.15030358341046
100	60	20	5	5.929210330571165	4.037733186869269
100	60	20	10	7.9924177774977885	5.765122225971945
100	60	20	15	14.035359871541637	9.402360133009209
100	60	20	20	28.099295658996567	15.390055841762615
100	60	20	25	61.55694571802253	23.94803029427071
100	60	20	30	325.5239693260769	39.64223002882647
100	60	20	35	617.7699927800209	54.38265225247135
100	60	20	40	900.3405616493382	62.76259991364833
100	60	20	45	3454.05941711521	84.47476916638873
100	60	20	50	4265.594955929668	89.60510044568356
100	60	20	55	4886.769385634089	99.25535430702855
100	60	20	60	4904.724565025713	114.50870449068178
100	60	30	-10	4.958233668242144	3.0259515771626817
100	60	30	-5	4.972199180375268	3.050012915458107
100	60	30	0	5.054478433730185	3.14387405272494
100	60	30	5	5.896201626746244	4.035565422181028
100	60	30	10	7.3589336819155395	5.384643501364431
100	60	30	15	11.066991087718169	7.857995911564306
100	60	30	20	20.88694754869902	12.673599130940923
100	60	30	25	46.28074775505731	20.37103497721708
100	60	30	30	239.51552061220855	34.73573791240158
100	60	30	35	669.3022357928347	54.11207741761285
100	60	30	40	958.2838691293392	63.404065707536695
100	60	30	45	3613.806534575156	84.68206324269903
100	60	30	50	4184.035700353012	89.66097679308551
100	60	30	55	4941.824594893522	103.21970880199493
100	60	30	60	3424.6499357114417	129.12375926579406
100	65	-30	-10	4.563609866714464	3.977767544818783
100	65	-30	-5	5.216128248761439	4.699237983911274
100	65	-30	0	6.886269815568447	6.220549727223401
100	65	-30	5	11.128382096082207	9.559994209355722
100	65	-30	10	20.292421774116303	14.852210931798544
100	65	-30	15	33.0845565826108	20.71594488017525
100	65	-30	20	49.776299950890646	27.31423381922395
100	65	-30	25	72.86995545371292	33.78121806044901
100	65	-30	30	158.7352911047749	41.73216656847123
100	65	-30	35	467.5679401986611	54.62813313502953
100	65	-30	40	709.2374399767542	66.8572375374933
100	65	-30	45	982.1756235769028	78.39759277527241
100	65	-30	50	2600.8074771660977	95.8894099713872
100	65	-30	55	3850.970361742303	108.07274182121957
100	65	-30	60	4607.6360024303385	117.9932305472025
100	65	-20	-10	3.997993522399515	3.320015485428223
100	65	-20	-5	4.286037390720504	3.639308989676026
100	65	-20	0	4.951424589244321	4.2632460375649535
100	65	-20	5	7.3785735035614195	6.321021232080996
100	65	-20	10	15.08250829484298	10.553655305529926
100	65	-20	15	30.89355125983712	18.18321699088751
100	65	-20	20	48.75763919813795	25.80938344502549
100	65	-20	25	77.24003473917199	33.28550637675148
100	65	-20	30	191.71302045598387	41.97410767272226
100	65	-20	35	526.7556220205469	55.504247902143774
100	65	-20	40	758.6057595215872	67.12519271738333
100	65	-20	45	1051.274926147019	78.57038543669123
100	65	-20	50	3316.100560539241	100.40102269653428
100	65	-20	55	3690.5956879628056	106.1708347308088
100	65	-20	60	4087.883664815164	113.2850230244516
100	65	-10	-10	3.7998546994992473	3.0913627204348506
100	65	-10	-5	3.894342999479473	3.1952762814797446
100	65	-10	0	4.215684431673392	3.489841143455628
100	65	-10	5	5.853794173587408	4.8315036180984015
100	65	-10	10	10.63406198939381	8.085532234293925
100	65	-10	15	24.404182016392355	14.47063036928891
100	65	-10	20	44.28626895318628	23.3636807663669
100	65	-10	25	80.62762890994057	32.10459194529067
100	65	-10	30	235.31263130581144	42.627046809337166
100	65	-10	35	578.0662450134295	56.63554973278068
100	65	-10	40	834.1210434282117	68.29045904953837
100	65	-10	45	1130.379336915906	79.31743190821246
100	65	-10	50	3344.388540529323	100.17488152051573
100	65	-10	55	4055.4982637961225	107.44478395185416
100	65	-10	60	4606.299017304584	112.9158518391228
100	65	0	-10	3.757824811571972	3.0383331207542668
100	65	0	-5	3.792096102598853	3.080286876841626
100	65	0	0	3.933082652118832	3.2063885263272205
100	65	0	5	4.909402595843095	4.099719797115766
100	65	0	10	8.195644479969578	6.507464875056349
100	65	0	15	16.179536179073338	11.116875774708744
100	65	0	20	38.47034758436212	20.942162542952996
100	65	0	25	72.41615317206043	29.829133426127218
100	65	0	30	225.99117316860583	41.4448114925898
100	65	0	35	577.1437560405304	56.60321283977584
100	65	0	40	822.9412482165486	68.3133430339957
100	65	0	45	1088.6911082842491	78.37302231070407
100	65	0	50	3665.760940116996	102.26011366082396
100	65	0	55	4175.3964280179725	107.79195222426247
100	65	0	60	4997.688923955239	115.1936744057527
100	65	10	-10	3.750520838140266	3.0270402833073837
100	65	10	-5	3.776507506657629	3.0538938063482663
100	65	10	0	3.877094382015044	3.1456889518183697
100	65	10	5	4.716666110449839	3.987985629664915
100	65	10	10	6.737620381691661	5.599118085053896
100	65	10	15	11.46978633714959	8.53785377743716
100	65	10	20	30.07925447056654	17.231231656452394
100	65	10	25	61.30599320720293	26.47176084690366
100	65	10	30	185.2903051423677	38.70572802703581
100	65	10	35	572.0281147666819	56.11673829862697
100	65	10	40	778.4215672465422	66.98510335706771
100	65	10	45	1137.5533952672229	79.52612224595673
100	65	10	50	3811.2647563426494	103.13276354687729
100	65	10	55	4150.695735731711	107.4761745066412
100	65	10	60	4013.707043723143	122.4622777686756
100	65	20	-10	3.7459942781470703	3.022302706128336
100	65	20	-5	3.774314876547039	3.05248162070552
100	65	20	0	3.8781444794174633	3.1537884296252297
100	65	20	5	4.710559637969671	4.006969056873724
100	65	20	10	6.23907132039634	5.354657963845585
100	65	20	15	9.81281420369425	7.667637942614577
100	65	20	20	20.67532888386805	13.154695364779528
100	65	20	25	46.872961089921496	21.510654262512915
100	65	20	30	207.50590140592115	36.419878819232
100	65	20	35	552.372581691319	55.40333210654616
100	65	20	40	796.5174680045988	67.54400010273416
100	65	20	45	1202.9629259760443	80.24194894603956
100	65	20	50	3750.531727859716	102.67273214446334
100	65	20	55	4235.956553458361	108.12474424614308
100	65	20	60	4699.896860683348	130.03253934380243
100	65	30	-10	3.741283424831455	3.0183460430893474
100	65	30	-5	3.7615633367805934	3.0374463121937194
100	65	30	0	3.929722387374341	3.214713142919908
100	65	30	5	4.7760447570728015	4.096303896106603
100	65	30	10	6.153680440472422	5.369713283294763
100	65	30	15	8.90425335988282	7.270391219486727
100	65	30	20	14.983389731882122	10.822041506041474
100	65	30	25	32.517720882728405	17.272414368327578
100	65	30	30	163.49079153577418	31.0313979027696
100	65	30	35	522.5213937607286	53.7731426133662
100	65	30	40	818.506779843983	67.17268350725409
100	65	30	45	1100.9184315826967	77.89530347342422
100	65	30	50	3733.9287024003406	102.86152145782884
100	65	30	55	4212.850604348978	109.3921123736974
100	65	30	60	4797.4034660029765	136.492562857137
100	70	-30	-10	3.546907150507297	3.3116656532187587
100	70	-30	-5	3.817605477346699	3.593373420781325
100	70	-30	0	4.461702268056962	4.203703755827526
100	70	-30	5	6.911495920993266	6.214469788088267
100	70	-30	10	13.178296201929305	10.49789517118116
100	70	-30	15	26.21210765389364	17.133565056829593
100	70	-30	20	47.1076063577895	25.663827419558345
100	70	-30	25	74.3092161695253	33.40459447509383
100	70	-30	30	152.0145951469538	42.46419105480003
100	70	-30	35	410.2758281864621	55.81866007596126
100	70	-30	40	605.4012666916863	69.46936356114524
100	70	-30	45	823.4926002549001	83.55309198257243
100	70	-30	50	1168.2597753466914	98.72787852645357
100	70	-30	55	3701.6918967512	128.02877851863602
100	70	-30	60	3832.117177331126	134.29447311099128
100	70	-20	-10	3.3368715970756604	3.090661531005763
100	70	-20	-5	3.4252618066149028	3.181984616800131
100	70	-20	0	3.677270171134263	3.4237771119533496
100	70	-20	5	5.013531691050297	4.618950365284052
100	70	-20	10	8.943948180450397	7.382759961665088
100	70	-20	15	20.011475084296585	13.431801910498676
100	70	-20	20	40.473230641725	22.23442755853668
100	70	-20	25	77.77910708522997	32.89214283480408
100	70	-20	30	158.33475114313308	41.77359590628324
100	70	-20	35	436.9894192088722	56.5799136749531
100	70	-20	40	616.6640158518618	69.68114011031459
100	70	-20	45	883.1650495859784	84.80363752466181
100	70	-20	50	1269.0450408416016	100.0458877391967
100	70	-20	55	3698.6861669927935	128.18293622254598
100	70	-20	60	4278.396623993889	135.52155991206425
100	70	-10	-10	3.2943879688603954	3.0452439003026592
100	70	-10	-5	3.3266412045839404	3.075731459003173
100	70	-10	0	3.4490938813691985	3.191681033122074
100	70	-10	5	4.4485779828547	4.074023711772616
100	70	-10	10	7.078278921199881	6.1305520609062665
100	70	-10	15	14.614369632549144	10.36041824106014
100	70	-10	20	32.65271774298255	18.64602978951693
100	70	-10	25	69.67218354438918	30.201819541989043
100	70	-10	30	181.95768933079145	41.53724371077944
100	70	-10	35	455.38138837956615	56.85232117625949
100	70	-10	40	638.749398180916	70.20460893584433
100	70	-10	45	854.8983076808072	84.07122328391273
100	70	-10	50	1315.3977092215318	101.3956184615138
100	70	-10	55	3601.744438786855	127.86186103964502
100	70	-10	60	4195.886463170525	135.6703857985824
100	70	0	-10	3.2783854914687818	3.0265240906710638
100	70	0	-5	3.3053786809818217	3.0539000697832464
100	70	0	0	3.39538433400274	3.1427936772643665
100	70	0	5	4.276658344512438	3.990104690149381
100	70	0	10	6.130101070346255	5.551017561539489
100	70	0	15	10.712502568815223	8.302566955639085
100	70	0	20	23.33286921805682	14.528348207825994
100	70	0	25	58.23432023112496	26.34485922675633
100	70	0	30	162.44338096308343	39.49081576423979
100	70	0	35	452.65708231439567	56.397852687831325
100	70	0	40	637.5060554937776	70.04345843042505
100	70	0	45	842.600038574376	83.36127488850902
100	70	0	50	1265.3234320145068	99.82978455069272
100	70	0	55	3764.631764107445	128.39971272109022
100	70	0	60	4075.6691480317263	137.46063802168314
100	70	10	-10	3.2752730882841696	3.02385313732279
100	70	10	-5	3.296132855067329	3.0439292043586903
100	70	10	0	3.3980009323764646	3.1452707440119654
100	70	10	5	4.251720261935588	3.994822316330932
100	70	10	10	5.721843152129893	5.322210765348895
100	70	10	15	8.871918714457676	7.492227281001178
100	70	10	20	17.64039023352613	12.12085547191314
100	70	10	25	43.502454979053766	20.942106030982053
100	70	10	30	155.8415196167285	35.752259872272774
100	70	10	35	422.9965989269902	54.35533434218775
100	70	10	40	636.2218344486672	69.8025293571637
100	70	10	45	888.171206945273	84.39709235601539
100	70	10	50	1270.9810936242664	100.2060715507921
100	70	10	55	3570.2573607280947	127.6770532871093
100	70	10	60	4114.157625739238	138.08249860953873
100	70	20	-10	3.2690852533671406	3.017905426834566
100	70	20	-5	3.287628407650949	3.037051598658125
100	70	20	0	3.4593742277691204	3.213343308444154
100	70	20	5	4.313624949129417	4.078185348386268
100	70	20	10	5.6232643194553	5.298010678068343
100	70	20	15	7.844727512929112	7.111367539988119
100	70	20	20	13.141650263928792	10.282737980764814
100	70	20	25	31.42471851510974	17.260370296523156
100	70	20	30	119.3051412860729	29.90573131134416
100	70	20	35	390.23317925412425	51.93835087479331
100	70	20	40	627.0430482581994	69.35628091406831
100	70	20	45	874.0999557132269	84.66161774138995
100	70	20	50	1167.427555858324	98.1357116666843
100	70	20	55	3689.236042783069	128.70199065561266
100	70	20	60	4061.997413129183	140.27043487119778
100	70	30	-10	3.2645251285790056	3.015084321845393
100	70	30	-5	3.2835006818520385	3.032736111605544
100	70	30	0	3.548150611825874	3.307719406258044
100	70	30	5	4.42912847537887	4.203492358797784
100	70	30	10	5.647367422416221	5.400992075465945
100	70	30	15	7.563518272574463	7.082359516083881
100	70	30	20	10.84756955612825	9.507380159370369
100	70	30	25	21.96138870123859	14.487359951940666
100	70	30	30	68.3344714822604	25.074360926902063
100	70	30	35	368.7136653498293	49.04195751434522
100	70	30	40	614.7573030949042	68.42893633088748
100	70	30	45	882.2572946879035	84.53746426095394
100	70	30	50	1190.4145790842624	99.96782045293772
100	70	30	55	3761.7698407249695	130.36337647176163
100	70	30	60	4222.922482110471	143.50110235524667
